            0.5           1000          20000              0
              1       -1.00483       -1.00483              0
              2       -1.00339       -1.00411     0.00071994
              3      -0.998067        -1.0021     0.00205692
              4       -1.00327       -1.00239      0.0014838
              5      -0.999044       -1.00172     0.00132992
              6       -1.00348       -1.00201      0.0011246
              7       -1.00005       -1.00173    0.000991147
              8      -0.999769       -1.00149    0.000892724
              9       -1.00636       -1.00203    0.000955571
             10       -1.00256       -1.00208    0.000856314
             11        -1.0034        -1.0022    0.000783847
             12       -1.00431       -1.00238    0.000736823
             13       -1.00164       -1.00232    0.000680129
             14       -1.00648       -1.00262    0.000696225
             15       -1.00259       -1.00262    0.000648153
             16       -1.00794       -1.00295    0.000691539
             17       -1.00651       -1.00316    0.000682481
             18       -1.00177       -1.00308     0.00064806
             19       -1.00921        -1.0034    0.000692685
             20       -1.00313       -1.00339    0.000657275
             21       -1.00689       -1.00356    0.000646993
             22       -1.00598       -1.00367    0.000626677
             23       -1.00517       -1.00373    0.000602361
             24       -1.00829       -1.00392    0.000607151
             25      -0.996907       -1.00364    0.000646428
             26      -0.995044       -1.00331      0.0007036
             27       -1.00605       -1.00341    0.000684588
             28       -1.00598        -1.0035    0.000666009
             29       -1.00186       -1.00345    0.000645132
             30       -1.00376       -1.00346    0.000623346
             31      -0.999003       -1.00331    0.000619784
             32       -1.00421       -1.00334    0.000600758
             33       -1.00869        -1.0035    0.000604426
             34       -1.00149       -1.00344    0.000589357
             35       -1.00675       -1.00354    0.000579996
             36       -1.00748       -1.00365    0.000574212
             37       -1.00529       -1.00369    0.000560233
             38       -1.00543       -1.00374    0.000547199
             39      -0.997655       -1.00358    0.000555341
             40       -1.00125       -1.00352    0.000544402
             41       -1.00893       -1.00366    0.000547087
             42       -1.00093       -1.00359    0.000537839
             43       -1.00174       -1.00355    0.000526935
             44       -1.00635       -1.00361    0.000518744
             45       -1.00414       -1.00362     0.00050722
             46       -1.00313       -1.00361    0.000496189
             47      -0.998334        -1.0035    0.000498335
             48       -1.00872       -1.00361    0.000499836
             49       -1.00762       -1.00369    0.000496312
             50      -0.997651       -1.00357     0.00050106
             51       -1.00428       -1.00358    0.000491335
             52       -1.00475       -1.00361    0.000482313
             53        -1.0047       -1.00363    0.000473572
             54       -1.00029       -1.00356    0.000468818
             55       -1.00154       -1.00353    0.000461681
             56       -1.00574       -1.00357    0.000455078
             57       -1.00311       -1.00356    0.000447094
             58       -1.00491       -1.00358    0.000439931
             59       -1.00416       -1.00359     0.00043252
             60       -1.00688       -1.00365    0.000428766
             61       -1.00601       -1.00369    0.000423457
             62       -1.00314       -1.00368    0.000416664
             63       -1.00105       -1.00364    0.000412113
             64       -1.00337       -1.00363    0.000405643
             65       -1.00418       -1.00364    0.000399443
             66       -1.00633       -1.00368    0.000395456
             67      -0.998391        -1.0036     0.00039743
             68       -1.00688       -1.00365    0.000394496
             69       -1.00669       -1.00369    0.000391226
             70       -1.00465       -1.00371    0.000385836
             71       -1.00909       -1.00378    0.000387834
             72        -1.0061       -1.00382     0.00038376
             73       -1.00295        -1.0038    0.000378651
             74       -1.00122       -1.00377    0.000375124
             75       -1.00248       -1.00375    0.000370489
             76       -1.00427       -1.00376    0.000365644
             77       -1.00613       -1.00379    0.000362178
             78      -0.998908       -1.00373    0.000362941
             79       -1.00662       -1.00376    0.000360181
             80       -1.00103       -1.00373    0.000357291
             81       -1.00147        -1.0037    0.000353953
             82       -1.00211       -1.00368    0.000350149
             83        -1.0043       -1.00369    0.000345984
             84       -1.00409       -1.00369    0.000341874
             85       -1.00478       -1.00371    0.000338071
             86       -1.00464       -1.00372    0.000334292
             87       -1.00463       -1.00373    0.000330594
             88        -1.0048       -1.00374    0.000327044
             89       -1.00453       -1.00375     0.00032347
             90       -1.00747       -1.00379    0.000322523
             91       -1.00409       -1.00379    0.000318976
             92       -1.01182       -1.00388    0.000327325
             93       -1.00674       -1.00391     0.00032524
             94       -1.00194       -1.00389    0.000322445
             95       -1.00721       -1.00393    0.000320944
             96       -1.00131        -1.0039    0.000318755
             97      -0.997834       -1.00384    0.000321588
             98       -1.00391       -1.00384     0.00031829
             99      -0.998695       -1.00378    0.000319311
            100       -1.00561        -1.0038     0.00031663
            101       -1.00754       -1.00384    0.000315652
            102       -1.00404       -1.00384    0.000312549
            103       -1.00854       -1.00389    0.000312848
            104       -1.00504        -1.0039    0.000310024
            105       -1.00505       -1.00391    0.000307252
            106       -1.00166       -1.00389    0.000305075
            107       -1.00543        -1.0039    0.000302552
            108      -0.999087       -1.00386    0.000303036
            109       -1.00464       -1.00387    0.000300328
            110       -1.00051       -1.00384    0.000299144
            111       -1.00241       -1.00382    0.000296716
            112        -1.0056       -1.00384    0.000294485
            113        -1.0025       -1.00383    0.000292107
            114       -1.00217       -1.00381    0.000289897
            115       -1.00802       -1.00385    0.000289685
            116       -1.00646       -1.00387    0.000288058
            117       -1.00493       -1.00388    0.000285728
            118      -0.999184       -1.00384    0.000286078
            119       -1.00354       -1.00384    0.000283675
            120       -1.00467       -1.00384    0.000281386
            121       -1.00283       -1.00384    0.000279176
            122       -1.00336       -1.00383    0.000276905
            123      -0.996736       -1.00377    0.000280638
            124       -1.00649        -1.0038    0.000279229
            125       -1.00935       -1.00384    0.000280525
            126       -1.00354       -1.00384      0.0002783
            127         -1.008       -1.00387    0.000278034
            128       -1.00447       -1.00388    0.000275893
            129       -1.00817       -1.00391     0.00027576
            130       -1.00392       -1.00391     0.00027363
            131       -1.00248        -1.0039    0.000271753
            132       -1.00781       -1.00393    0.000271308
            133       -1.00315       -1.00392    0.000269323
            134       -1.00439       -1.00393    0.000267329
            135       -1.00972       -1.00397    0.000268785
            136      -0.999703       -1.00394    0.000268639
            137       -1.00202       -1.00392    0.000267037
            138       -1.00054        -1.0039    0.000266223
            139      -0.999794       -1.00387    0.000265945
            140       -1.00295       -1.00386    0.000264121
            141       -1.00784       -1.00389    0.000263752
            142       -1.00532        -1.0039    0.000262081
            143         -1.002       -1.00389    0.000260581
            144       -1.00371       -1.00389    0.000258768
            145       -1.00241       -1.00388    0.000257178
            146       -1.00106       -1.00386    0.000256137
            147       -1.00717       -1.00388    0.000255387
            148       -1.00344       -1.00388    0.000253673
            149       -1.00578       -1.00389    0.000252289
            150       -1.00101       -1.00387    0.000251336
            151       -1.00623       -1.00389    0.000250156
            152       -1.00159       -1.00387    0.000248965
            153       -1.00115       -1.00385    0.000247969
            154       -1.00325       -1.00385    0.000246385
            155       -1.00076       -1.00383    0.000245599
            156      -0.999577        -1.0038    0.000245537
            157       -1.00763       -1.00383    0.000245183
            158       -1.00294       -1.00382     0.00024369
            159       -1.00232       -1.00381    0.000242336
            160       -1.00224        -1.0038    0.000241017
            161       -1.00649       -1.00382    0.000240098
            162        -1.0056       -1.00383    0.000238864
            163       -1.00086       -1.00381    0.000238092
            164       -1.00556       -1.00382    0.000236877
            165       -1.00551       -1.00383    0.000235658
            166      -0.992593       -1.00376    0.000243823
            167       -1.00295       -1.00376    0.000242408
            168       -1.00334       -1.00376    0.000240973
            169       -1.00768       -1.00378    0.000240663
            170       -1.00403       -1.00378    0.000239248
            171       -1.00619        -1.0038     0.00023826
            172       -1.00827       -1.00382    0.000238293
            173      -0.999202       -1.00379    0.000238412
            174       -1.00384       -1.00379    0.000237038
            175       -1.00585       -1.00381    0.000235972
            176       -1.00147       -1.00379    0.000235004
            177      -0.997825       -1.00376    0.000236093
            178        -1.0064       -1.00377     0.00023523
            179       -1.00527       -1.00378     0.00023406
            180       -1.00443       -1.00379    0.000232785
            181        -0.9972       -1.00375    0.000234337
            182       -1.00856       -1.00378     0.00023454
            183       -1.00231       -1.00377    0.000233392
            184        -1.0048       -1.00377    0.000232188
            185       -1.00381       -1.00377    0.000230929
            186       -1.00809        -1.0038    0.000230856
            187       -1.00003       -1.00378    0.000230501
            188       -1.00588       -1.00379    0.000229543
            189      -0.999316       -1.00376    0.000229548
            190       -1.00361       -1.00376    0.000228338
            191       -0.99863       -1.00374    0.000228725
            192      -0.999901       -1.00372    0.000228406
            193       -1.00334       -1.00372    0.000227228
            194      -0.999524       -1.00369    0.000227083
            195       -1.00444        -1.0037    0.000225948
            196       -1.00737       -1.00372    0.000225571
            197       -1.00658       -1.00373    0.000224893
            198       -1.00246       -1.00372    0.000223846
            199      -0.999416        -1.0037    0.000223768
            200       -1.00591       -1.00371    0.000222921
            201       -1.00211       -1.00371    0.000221952
            202       -1.00407       -1.00371    0.000220858
            203        -1.0038       -1.00371    0.000219768
            204       -0.99785       -1.00368    0.000220565
            205       -1.00926       -1.00371    0.000221167
            206      -0.999425       -1.00369    0.000221069
            207       -1.00511       -1.00369    0.000220106
            208       -1.00722       -1.00371    0.000219701
            209       -1.00421       -1.00371    0.000218661
            210       -1.00292       -1.00371     0.00021765
            211      -0.998356       -1.00368    0.000218096
            212       -1.00222       -1.00368    0.000217174
            213       -1.00248       -1.00367    0.000216226
            214      -0.998559       -1.00365    0.000216534
            215       -1.00513       -1.00365    0.000215635
            216       -1.00595       -1.00366    0.000214898
            217       -1.00571       -1.00367    0.000214113
            218       -1.00093       -1.00366      0.0002135
            219       -1.00457       -1.00366    0.000212564
            220      -0.998616       -1.00364    0.000212836
            221       -1.00243       -1.00364    0.000211941
            222       -1.00107       -1.00362      0.0002113
            223        -1.0034       -1.00362    0.000210353
            224       -1.00542       -1.00363    0.000209566
            225       -1.00601       -1.00364    0.000208899
            226       -1.00255       -1.00364    0.000208029
            227       -1.00237       -1.00363    0.000207186
            228       -1.00693       -1.00365    0.000206781
            229       -1.00846       -1.00367    0.000206948
            230       -1.00166       -1.00366    0.000206232
            231       -1.00605       -1.00367    0.000205599
            232        -1.0038       -1.00367    0.000204711
            233       -1.00384       -1.00367    0.000203832
            234       -1.00628       -1.00368    0.000203264
            235       -1.00565       -1.00369     0.00020257
            236       -1.00101       -1.00368    0.000202029
            237       -1.00314       -1.00368    0.000201188
            238       -1.00899        -1.0037    0.000201579
            239       -1.00232       -1.00369    0.000200816
            240      -0.999233       -1.00367    0.000200839
            241       -0.99301       -1.00363    0.000204841
            242       -1.00434       -1.00363    0.000204014
            243       -1.00854       -1.00365    0.000204173
            244       -1.00647       -1.00366    0.000203662
            245        -1.0003       -1.00365    0.000203293
            246       -1.00111       -1.00364    0.000202728
            247       -1.00777       -1.00366    0.000202595
            248       -1.00832       -1.00368    0.000202651
            249       -1.00135       -1.00367    0.000202051
            250      -0.998307       -1.00365     0.00020238
            251       -1.00738       -1.00366    0.000202121
            252       -1.00225       -1.00365    0.000201396
            253       -1.00701       -1.00367    0.000201035
            254       -1.00431       -1.00367    0.000200258
            255      -0.999083       -1.00365    0.000200281
            256       -1.00435       -1.00366    0.000199515
            257       -1.00484       -1.00366    0.000198791
            258       -1.00773       -1.00368    0.000198645
            259       -1.00999        -1.0037    0.000199374
            260       -1.00607       -1.00371    0.000198815
            261       -1.00829       -1.00373    0.000198827
            262       -1.00558       -1.00373    0.000198192
            263       -1.00006       -1.00372    0.000197931
            264      -0.994026       -1.00368    0.000200569
            265       -1.00263       -1.00368     0.00019985
            266       -1.00205       -1.00367    0.000199191
            267       -1.00516       -1.00368    0.000198522
            268       -1.01021        -1.0037    0.000199274
            269       -1.00217        -1.0037    0.000198614
            270       -1.00528        -1.0037    0.000197964
            271       -1.00965       -1.00372    0.000198447
            272       -1.00381       -1.00373    0.000197717
            273       -1.00239       -1.00372    0.000197052
            274       -1.00457       -1.00372    0.000196356
            275       -1.00239       -1.00372    0.000195701
            276      -0.998687        -1.0037    0.000195841
            277       -1.00474        -1.0037    0.000195169
            278       -1.00674       -1.00371    0.000194771
            279       -1.00281       -1.00371    0.000194099
            280       -1.00569       -1.00372    0.000193534
            281       -1.00853       -1.00374    0.000193604
            282      -0.998916       -1.00372    0.000193672
            283        -1.0064       -1.00373    0.000193219
            284       -1.00091       -1.00372    0.000192793
            285        -1.0057       -1.00373    0.000192241
            286       -1.00708       -1.00374    0.000191927
            287      -0.999907       -1.00372    0.000191722
            288       -1.00124       -1.00372    0.000191249
            289       -1.00233       -1.00371    0.000190647
            290       -1.00037        -1.0037    0.000190337
            291       -1.00993       -1.00372    0.000190887
            292       -1.00422       -1.00372     0.00019024
            293       -1.00365       -1.00372     0.00018959
            294       -1.00525       -1.00373    0.000189016
            295       -1.00411       -1.00373    0.000188379
            296       -1.00722       -1.00374    0.000188112
            297       -1.00027       -1.00373    0.000187842
            298       -1.00376       -1.00373     0.00018721
            299       -1.00954       -1.00375    0.000187593
            300       -1.00312       -1.00375    0.000186979
            301      -0.998568       -1.00373    0.000187149
            302       -1.00136       -1.00372    0.000186693
            303      -0.999976       -1.00371    0.000186486
            304       -1.00681       -1.00372    0.000186151
            305       -1.00416       -1.00372    0.000185546
            306       -1.00548       -1.00373    0.000185027
            307       -1.00719       -1.00374    0.000184769
            308       -1.00262       -1.00373    0.000184204
            309      -0.996072       -1.00371    0.000185274
            310      -0.999601        -1.0037     0.00018515
            311       -1.00704       -1.00371    0.000184866
            312       -1.00168        -1.0037    0.000184387
            313      -0.998875       -1.00368    0.000184442
            314       -1.00605       -1.00369    0.000184008
            315       -1.00428       -1.00369    0.000183432
            316       -1.00605        -1.0037    0.000183003
            317       -1.00444        -1.0037     0.00018244
            318       -1.00915       -1.00372     0.00018267
            319        -1.0066       -1.00373     0.00018232
            320       -1.00384       -1.00373    0.000181749
            321        -1.0024       -1.00373     0.00018123
            322       -1.00468       -1.00373     0.00018069
            323        -1.0029       -1.00373    0.000180148
            324      -0.997651       -1.00371    0.000180567
            325        -1.0002        -1.0037    0.000180334
            326       -1.00067       -1.00369    0.000180019
            327       -1.00159       -1.00368    0.000179582
            328       -1.00355       -1.00368    0.000179034
            329       -1.00095       -1.00367    0.000178682
            330       -1.00913       -1.00369    0.000178905
            331        -1.0066        -1.0037    0.000178581
            332        -1.0006       -1.00369    0.000178287
            333       -1.00478       -1.00369    0.000177781
            334       -1.00678        -1.0037    0.000177489
            335       -1.00459        -1.0037    0.000176979
            336       -1.00288        -1.0037    0.000176468
            337       -1.00162       -1.00369    0.000176052
            338       -1.00403        -1.0037    0.000175533
            339       -1.00558        -1.0037    0.000175103
            340       -1.00607       -1.00371    0.000174727
            341       -1.00552       -1.00371    0.000174295
            342        -1.0022       -1.00371    0.000173841
            343        -1.0067       -1.00372    0.000173553
            344       -1.00492       -1.00372    0.000173084
            345       -1.00352       -1.00372    0.000172582
            346       -1.00148       -1.00371    0.000172205
            347      -0.999379        -1.0037    0.000172162
            348        -1.0005       -1.00369    0.000171912
            349       -1.00579        -1.0037    0.000171524
            350       -1.00299        -1.0037    0.000171045
            351       -1.00532        -1.0037     0.00017062
            352      -0.995049       -1.00368    0.000171901
            353      -0.999867       -1.00367    0.000171753
            354       -1.00207       -1.00366    0.000171326
            355       -1.00435       -1.00366    0.000170854
            356      -0.997543       -1.00365    0.000171238
            357       -1.00651       -1.00365    0.000170946
            358       -1.00489       -1.00366    0.000170503
            359       -1.00484       -1.00366     0.00017006
            360       -1.00233       -1.00366    0.000169627
            361       -1.00504       -1.00366      0.0001692
            362      -0.998603       -1.00365     0.00016931
            363       -1.00831       -1.00366     0.00016933
            364      -0.997534       -1.00364    0.000169701
            365        -1.0067       -1.00365    0.000169443
            366       -1.00687       -1.00366    0.000169208
            367       -1.00853       -1.00367    0.000169267
            368       -1.00228       -1.00367    0.000168849
            369      -0.998715       -1.00366    0.000168925
            370       -1.00538       -1.00366    0.000168532
            371       -1.00042       -1.00365    0.000168304
            372       -1.00733       -1.00366    0.000168142
            373       -1.00445       -1.00366    0.000167703
            374       -1.00341       -1.00366    0.000167256
            375       -1.00668       -1.00367    0.000167003
            376       -1.00375       -1.00367    0.000166559
            377       -1.00793       -1.00368      0.0001665
            378       -1.00729       -1.00369    0.000166333
            379       -1.00529        -1.0037    0.000165947
            380       -1.00686       -1.00371    0.000165719
            381      -0.998733       -1.00369    0.000165798
            382       -1.00469       -1.00369    0.000165384
            383      -0.997674       -1.00368    0.000165699
            384        -1.0079       -1.00369    0.000165632
            385       -1.00411       -1.00369    0.000165205
            386       -1.00573        -1.0037    0.000164862
            387       -1.00208       -1.00369    0.000164488
            388       -1.00061       -1.00368    0.000164256
            389       -1.00844        -1.0037    0.000164288
            390       -1.00385        -1.0037    0.000163866
            391       -1.00313        -1.0037    0.000163453
            392      -0.994191       -1.00367    0.000164829
            393       -0.99817       -1.00366    0.000165003
            394      -0.996515       -1.00364     0.00016558
            395       -1.00015       -1.00363    0.000165396
            396       -1.00599       -1.00364    0.000165085
            397       -1.00557       -1.00364    0.000164741
            398       -1.00573       -1.00365     0.00016441
            399       -1.00458       -1.00365    0.000164015
            400       -1.00513       -1.00365    0.000163646
            401        -1.0076       -1.00366    0.000163533
            402      -0.999706       -1.00365    0.000163423
            403       -0.99798       -1.00364    0.000163623
            404        -1.0099       -1.00365    0.000163953
            405       -1.01034       -1.00367    0.000164378
            406       -1.00524       -1.00367    0.000164018
            407       -1.00786       -1.00368    0.000163938
            408       -1.00033       -1.00368    0.000163742
            409       -1.00223       -1.00367     0.00016338
            410       -1.00368       -1.00367    0.000162981
            411       -1.01202       -1.00369    0.000163846
            412       -1.00828        -1.0037    0.000163826
            413       -1.00713       -1.00371    0.000163639
            414       -1.00151       -1.00371    0.000163331
            415       -1.00631       -1.00371    0.000163057
            416       -1.00493       -1.00372    0.000162691
            417       -1.00654       -1.00372    0.000162442
            418      -0.997014       -1.00371    0.000162846
            419       -1.00546       -1.00371     0.00016251
            420       -1.00841       -1.00372    0.000162509
            421       -1.00147       -1.00372    0.000162211
            422      -0.999885       -1.00371    0.000162081
            423       -0.99731       -1.00369    0.000162403
            424       -1.00722        -1.0037    0.000162233
            425       -1.00307        -1.0037    0.000161858
            426       -1.00472        -1.0037    0.000161495
            427       -1.00667       -1.00371    0.000161267
            428      -0.999656        -1.0037    0.000161168
            429       -1.00146       -1.00369    0.000160877
            430       -1.00083       -1.00369     0.00016064
            431       -1.00463       -1.00369    0.000160282
            432       -1.00241       -1.00369    0.000159938
            433       -1.00066       -1.00368    0.000159721
            434      -0.999644       -1.00367    0.000159624
            435       -1.00991       -1.00369    0.000159901
            436       -1.00255       -1.00368    0.000159555
            437        -1.0003       -1.00367    0.000159378
            438       -1.00815       -1.00368    0.000159341
            439       -1.00785       -1.00369    0.000159261
            440       -1.00341       -1.00369      0.0001589
            441       -1.00289       -1.00369    0.000158549
            442        -1.0084        -1.0037    0.000158549
            443       -1.00913       -1.00371    0.000158665
            444        -1.0015       -1.00371    0.000158385
            445       -1.00769       -1.00372    0.000158282
            446       -1.00517       -1.00372     0.00015796
            447       -1.00308       -1.00372    0.000157613
            448       -1.00715       -1.00373    0.000157448
            449        -1.0066       -1.00373    0.000157227
            450       -1.00272       -1.00373    0.000156894
            451        -1.0082       -1.00374    0.000156858
            452       -1.00319       -1.00374    0.000156516
            453        -1.0062       -1.00375    0.000156264
            454       -1.00347       -1.00375    0.000155921
            455        -1.0026       -1.00374    0.000155598
            456       -1.00097       -1.00374    0.000155376
            457      -0.999371       -1.00373     0.00015533
            458       -1.00754       -1.00374    0.000155213
            459       -1.00111       -1.00373     0.00015498
            460       -1.00375       -1.00373    0.000154643
            461       -1.00204       -1.00373    0.000154351
            462       -1.00382       -1.00373    0.000154016
            463      -0.999167       -1.00372    0.000153999
            464       -1.00547       -1.00372    0.000153713
            465       -1.00404       -1.00372    0.000153384
            466       -1.00281       -1.00372    0.000153067
            467        -1.0036       -1.00372    0.000152739
            468       -1.00061       -1.00371    0.000152557
            469       -1.00822       -1.00372    0.000152535
            470      -0.999458       -1.00371     0.00015248
            471       -1.00424       -1.00371     0.00015216
            472      -0.998527        -1.0037    0.000152235
            473       -1.00607       -1.00371    0.000151995
            474       -1.00673       -1.00371    0.000151808
            475       -1.00722       -1.00372    0.000151668
            476       -1.00461       -1.00372     0.00015136
            477       -1.00452       -1.00373    0.000151052
            478       -1.00493       -1.00373    0.000150756
            479       -1.00199       -1.00372    0.000150485
            480       -1.00371       -1.00372    0.000150171
            481      -0.994087        -1.0037    0.000151192
            482       -1.00626       -1.00371    0.000150972
            483       -1.00493       -1.00371     0.00015068
            484       -1.00895       -1.00372    0.000150757
            485       -1.00299       -1.00372    0.000150454
            486       -1.00657       -1.00373    0.000150258
            487       -1.00353       -1.00373     0.00014995
            488       -1.00699       -1.00373    0.000149791
            489       -1.00322       -1.00373    0.000149488
            490       -1.00459       -1.00373    0.000149193
            491       -1.00065       -1.00373    0.000149022
            492       -1.00736       -1.00374    0.000148901
            493       -1.00183       -1.00373     0.00014865
            494       -1.00542       -1.00374    0.000148388
            495        -1.0023       -1.00373    0.000148116
            496       -1.00587       -1.00374     0.00014788
            497      -0.999049       -1.00373    0.000147883
            498       -1.00304       -1.00373    0.000147592
            499        -1.0081       -1.00373    0.000147557
            500      -0.999432       -1.00373    0.000147513
            501       -1.00239       -1.00372    0.000147242
            502       -1.00986       -1.00374    0.000147456
            503       -1.00632       -1.00374    0.000147252
            504       -1.00251       -1.00374     0.00014698
            505       -1.00223       -1.00374    0.000146719
            506       -1.00526       -1.00374     0.00014646
            507       -1.00406       -1.00374    0.000146172
            508       -1.00255       -1.00374    0.000145903
            509       -1.00516       -1.00374    0.000145643
            510       -1.00598       -1.00374    0.000145423
            511       -1.00876       -1.00375    0.000145469
            512       -1.00795       -1.00376    0.000145416
            513       -1.00563       -1.00377    0.000145178
            514      -0.999425       -1.00376    0.000145141
            515      -0.999849       -1.00375    0.000145058
            516      -0.997515       -1.00374     0.00014528
            517      -0.999068       -1.00373     0.00014528
            518       -0.99873       -1.00372     0.00014532
            519       -1.00755       -1.00373    0.000145227
            520       -1.00871       -1.00374    0.000145264
            521       -1.00126       -1.00373    0.000145063
            522       -1.00295       -1.00373    0.000144793
            523        -1.0067       -1.00373    0.000144627
            524       -1.00068       -1.00373    0.000144468
            525       -1.00233       -1.00373    0.000144218
            526       -1.00797       -1.00373    0.000144169
            527       -1.00109       -1.00373    0.000143983
            528      -0.998574       -1.00372    0.000144041
            529       -1.00282       -1.00372    0.000143779
            530       -1.00683       -1.00372    0.000143627
            531       -1.00994       -1.00374    0.000143833
            532       -1.00409       -1.00374    0.000143564
            533       -1.00449       -1.00374    0.000143302
            534       -1.00231       -1.00373    0.000143058
            535       -1.00041       -1.00373    0.000142925
            536       -1.00618       -1.00373    0.000142732
            537       -1.00565       -1.00374     0.00014251
            538       -1.00843       -1.00375    0.000142512
            539       -1.00397       -1.00375    0.000142248
            540        -1.0009       -1.00374    0.000142082
            541       -1.00362       -1.00374    0.000141819
            542       -1.00311       -1.00374    0.000141562
            543       -1.00518       -1.00374    0.000141326
            544       -1.00533       -1.00374    0.000141096
            545       -1.00369       -1.00374    0.000140837
            546       -1.00432       -1.00375    0.000140583
            547      -0.997634       -1.00373     0.00014077
            548        -1.0047       -1.00374    0.000140524
            549      -0.999458       -1.00373    0.000140484
            550       -1.00188       -1.00373    0.000140269
            551       -1.00216       -1.00372    0.000140042
            552       -1.00444       -1.00372    0.000139795
            553       -1.00532       -1.00373    0.000139572
            554      -0.998396       -1.00372    0.000139651
            555       -1.00287       -1.00372    0.000139408
            556       -1.00336       -1.00371    0.000139158
            557       -1.00742       -1.00372    0.000139068
            558       -1.00587       -1.00373    0.000138872
            559       -1.00331       -1.00372    0.000138625
            560       -1.00678       -1.00373    0.000138484
            561       -1.00821       -1.00374    0.000138468
            562       -1.00287       -1.00374     0.00013823
            563       -1.00434       -1.00374    0.000137988
            564         -1.002       -1.00373    0.000137778
            565       -1.00246       -1.00373    0.000137552
            566       -1.00234       -1.00373    0.000137331
            567       -1.00695       -1.00374    0.000137206
            568      -0.996301       -1.00372    0.000137589
            569       -1.00635       -1.00373    0.000137424
            570       -1.00123       -1.00372    0.000137252
            571      -0.998448       -1.00371    0.000137323
            572       -1.00369       -1.00371    0.000137083
            573       -1.00033       -1.00371     0.00013697
            574        -1.0051       -1.00371    0.000136753
            575      -0.991012       -1.00369    0.000138289
            576       -1.00534       -1.00369    0.000138079
            577       -1.00441       -1.00369    0.000137845
            578       -1.00893        -1.0037    0.000137904
            579       -1.00763       -1.00371    0.000137833
            580       -1.00848       -1.00372    0.000137841
            581      -0.991392       -1.00369    0.000139229
            582      -0.999498       -1.00369    0.000139176
            583      -0.999951       -1.00368    0.000139085
            584       -1.00166       -1.00368     0.00013889
            585      -0.999234       -1.00367     0.00013886
            586       -1.00521       -1.00367    0.000138648
            587       -1.00397       -1.00367    0.000138413
            588       -1.00291       -1.00367    0.000138183
            589       -1.00163       -1.00367    0.000137992
            590       -1.00853       -1.00368    0.000138004
            591       -1.00604       -1.00368    0.000137828
            592       -1.00438       -1.00368      0.0001376
            593        -1.0019       -1.00368    0.000137401
            594       -1.00313       -1.00368    0.000137172
            595      -0.997811       -1.00367    0.000137296
            596       -1.00339       -1.00367    0.000137067
            597       -1.00293       -1.00367    0.000136842
            598       -1.00043       -1.00366    0.000136721
            599      -0.999251       -1.00365    0.000136691
            600       -1.00795       -1.00366     0.00013665
            601       -1.00127       -1.00366    0.000136481
            602      -0.999197       -1.00365    0.000136455
            603       -1.00648       -1.00365    0.000136309
            604       -1.00517       -1.00366    0.000136106
            605       -1.00331       -1.00366    0.000135882
            606        -1.0058       -1.00366    0.000135704
            607       -1.00627       -1.00366    0.000135549
            608       -1.00645       -1.00367    0.000135403
            609      -0.997957       -1.00366    0.000135505
            610       -1.00273       -1.00366    0.000135291
            611       -1.00183       -1.00365    0.000135103
            612       -1.00162       -1.00365    0.000134923
            613       -1.00616       -1.00366    0.000134765
            614       -1.00466       -1.00366    0.000134555
            615       -1.00653       -1.00366    0.000134418
            616      -0.999921       -1.00366    0.000134337
            617       -1.00396       -1.00366     0.00013412
            618      -0.996939       -1.00365    0.000134343
            619        -1.0025       -1.00364    0.000134138
            620       -1.00605       -1.00365    0.000133978
            621       -1.00431       -1.00365    0.000133766
            622       -1.00069       -1.00364    0.000133636
            623       -1.00903       -1.00365    0.000133701
            624       -1.00846       -1.00366    0.000133709
            625       -1.00717       -1.00367    0.000133613
            626      -0.998151       -1.00366     0.00013369
            627       -1.00067       -1.00365    0.000133561
            628      -0.995545       -1.00364    0.000133972
            629       -1.00512       -1.00364    0.000133779
            630       -1.00762       -1.00365    0.000133716
            631       -1.00926       -1.00366      0.0001338
            632       -1.00363       -1.00366    0.000133588
            633      -0.998319       -1.00365    0.000133644
            634       -1.00164       -1.00364     0.00013347
            635       -1.00102       -1.00364    0.000133324
            636       -1.00409       -1.00364    0.000133116
            637       -1.00365       -1.00364    0.000132907
            638       -1.00049       -1.00364     0.00013279
            639       -1.00288       -1.00364    0.000132587
            640       -1.00387       -1.00364    0.000132381
            641       -1.00228       -1.00363    0.000132191
            642        -1.0009       -1.00363    0.000132054
            643       -1.00132       -1.00363    0.000131897
            644       -1.00149       -1.00362    0.000131734
            645       -1.00355       -1.00362    0.000131529
            646       -1.00252       -1.00362    0.000131337
            647       -1.00145       -1.00362    0.000131176
            648      -0.987305       -1.00359    0.000133371
            649       -1.00626        -1.0036    0.000133229
            650       -1.00834        -1.0036    0.000133224
            651       -1.00799       -1.00361     0.00013319
            652       -1.00151       -1.00361    0.000133024
            653        -1.0033       -1.00361    0.000132821
            654        -0.9994        -1.0036    0.000132774
            655       -1.00601        -1.0036    0.000132622
            656       -1.00747       -1.00361    0.000132551
            657       -1.00294       -1.00361    0.000132353
            658       -1.00009        -1.0036     0.00013226
            659       -1.00296        -1.0036    0.000132062
            660       -1.00652       -1.00361    0.000131936
            661       -1.00433       -1.00361    0.000131741
            662       -1.00038        -1.0036    0.000131633
            663       -1.00545       -1.00361    0.000131463
            664       -1.00671       -1.00361    0.000131349
            665       -1.01028       -1.00362    0.000131533
            666        -1.0061       -1.00362    0.000131389
            667       -1.00329       -1.00362    0.000131192
            668      -0.998523       -1.00362    0.000131218
            669       -1.00411       -1.00362    0.000131024
            670       -1.00545       -1.00362    0.000130857
            671       -1.00909       -1.00363    0.000130916
            672       -1.00099       -1.00362     0.00013078
            673       -1.00161       -1.00362     0.00013062
            674       -1.00328       -1.00362    0.000130427
            675       -1.00625       -1.00362    0.000130292
            676      -0.997966       -1.00362    0.000130368
            677       -1.00692       -1.00362    0.000130266
            678       -1.00042       -1.00362     0.00013016
            679       -1.00958       -1.00362    0.000130265
            680       -1.00487       -1.00363    0.000130086
            681      -0.998016       -1.00362    0.000130156
            682       -1.00037       -1.00361    0.000130052
            683        -1.0029       -1.00361    0.000129865
            684       -1.00074       -1.00361    0.000129743
            685       -1.00053        -1.0036    0.000129632
            686       -1.00145        -1.0036    0.000129481
            687       -1.00281        -1.0036    0.000129297
            688       -1.01106       -1.00361    0.000129564
            689       -1.00492       -1.00361     0.00012939
            690       -1.00347       -1.00361    0.000129202
            691       -1.00192       -1.00361    0.000129038
            692        -1.0024       -1.00361    0.000128864
            693       -1.00546       -1.00361    0.000128705
            694       -1.00497       -1.00361    0.000128535
            695       -1.00468       -1.00361    0.000128359
            696       -1.00254       -1.00361    0.000128183
            697       -1.00014       -1.00361    0.000128097
            698        -1.0023       -1.00361    0.000127926
            699       -1.00637       -1.00361    0.000127804
            700      -0.996587        -1.0036    0.000128015
            701       -1.00289        -1.0036    0.000127837
            702       -1.00454        -1.0036    0.000127661
            703       -0.99386       -1.00359     0.00012823
            704       -1.00525       -1.00359     0.00012807
            705       -1.00491       -1.00359    0.000127902
            706       -1.00668       -1.00359    0.000127796
            707       -1.00458        -1.0036    0.000127622
            708       -1.00673        -1.0036    0.000127519
            709       -1.00238        -1.0036    0.000127351
            710      -0.997235       -1.00359    0.000127487
            711       -1.00418       -1.00359     0.00012731
            712       -1.00014       -1.00359    0.000127223
            713       -1.00458       -1.00359    0.000127052
            714      -0.999777       -1.00358    0.000126987
            715       -1.00338       -1.00358    0.000126809
            716       -1.00418       -1.00358    0.000126635
            717       -1.00176       -1.00358    0.000126483
            718       -1.00673       -1.00358    0.000126384
            719       -1.01001       -1.00359    0.000126523
            720       -1.00431       -1.00359    0.000126352
            721       -1.00221       -1.00359    0.000126191
            722      -0.998105       -1.00358    0.000126245
            723       -1.00436       -1.00359    0.000126075
            724       -1.00279       -1.00358    0.000125905
            725       -1.00672       -1.00359    0.000125806
            726       -1.00154       -1.00359    0.000125664
            727      -0.998451       -1.00358     0.00012569
            728       -1.00417       -1.00358     0.00012552
            729       -1.00226       -1.00358    0.000125361
            730       -1.00171       -1.00358    0.000125215
            731       -1.00366       -1.00358    0.000125044
            732       -1.00652       -1.00358    0.000124937
            733       -1.00035       -1.00358    0.000124845
            734       -1.00886       -1.00358    0.000124883
            735        -1.0037       -1.00358    0.000124713
            736         -1.001       -1.00358    0.000124593
            737       -1.00215       -1.00358    0.000124439
            738       -1.00406       -1.00358    0.000124272
            739       -1.00897       -1.00359    0.000124317
            740       -1.00667       -1.00359    0.000124219
            741       -1.00889        -1.0036    0.000124257
            742       -1.00356        -1.0036     0.00012409
            743       -1.00668        -1.0036    0.000123992
            744       -1.00441        -1.0036     0.00012383
            745       -1.00489        -1.0036    0.000123676
            746      -0.999828        -1.0036    0.000123613
            747       -1.00999       -1.00361    0.000123744
            748       -1.00366       -1.00361    0.000123579
            749       -1.00516       -1.00361    0.000123431
            750       -1.00124       -1.00361    0.000123307
            751       -1.00511       -1.00361    0.000123159
            752       -1.00475       -1.00361    0.000123004
            753       -1.00508       -1.00361    0.000122856
            754       -1.00974       -1.00362    0.000122962
            755       -1.00563       -1.00362    0.000122828
            756       -1.00122       -1.00362    0.000122707
            757      -0.999169       -1.00361    0.000122685
            758       -1.00682       -1.00362    0.000122597
            759       -1.00654       -1.00362    0.000122496
            760      -0.996839       -1.00361    0.000122659
            761       -1.00637       -1.00362    0.000122552
            762       -1.00068       -1.00361    0.000122451
            763      -0.999897       -1.00361    0.000122388
            764       -1.00008        -1.0036    0.000122314
            765      -0.997496       -1.00359    0.000122415
            766       -1.00214       -1.00359     0.00012227
            767       -1.00127       -1.00359    0.000122148
            768        -1.0089        -1.0036    0.000122184
            769       -1.00816        -1.0036     0.00012217
            770       -1.00417        -1.0036    0.000122013
            771       -1.00129        -1.0036    0.000121892
            772      -0.995873       -1.00359    0.000122145
            773      -0.999046       -1.00358    0.000122128
            774       -1.00784       -1.00359    0.000122094
            775       -1.00579       -1.00359    0.000121969
            776       -1.00774        -1.0036    0.000121929
            777       -1.00033       -1.00359    0.000121845
            778       -1.00661        -1.0036     0.00012175
            779       -1.00285        -1.0036    0.000121597
            780       -1.00174       -1.00359    0.000121465
            781       -1.00198       -1.00359    0.000121327
            782       -1.00448       -1.00359    0.000121177
            783       -1.00469       -1.00359     0.00012103
            784       -1.00545        -1.0036    0.000120898
            785       -1.00541        -1.0036    0.000120766
            786       -1.00296        -1.0036    0.000120615
            787        -1.0021        -1.0036    0.000120477
            788       -1.00236        -1.0036    0.000120334
            789      -0.997614       -1.00359     0.00012042
            790       -1.00881       -1.00359    0.000120449
            791       -1.00708        -1.0036    0.000120378
            792       -1.00182        -1.0036    0.000120247
            793       -1.00231       -1.00359    0.000120106
            794       -1.00297       -1.00359    0.000119957
            795       -1.00412       -1.00359    0.000119808
            796       -1.00674        -1.0036    0.000119722
            797       -1.00404        -1.0036    0.000119573
            798       -1.00571        -1.0036    0.000119453
            799       -1.00038        -1.0036    0.000119371
            800       -1.00329        -1.0036    0.000119223
            801      -0.994985       -1.00359    0.000119558
            802       -1.00736       -1.00359    0.000119502
            803       -1.00661        -1.0036    0.000119412
            804         -1.004        -1.0036    0.000119264
            805       -1.00719        -1.0036      0.0001192
            806       -1.00513        -1.0036    0.000119067
            807       -1.00267        -1.0036    0.000118925
            808       -1.00256        -1.0036    0.000118785
            809       -1.00487        -1.0036    0.000118648
            810       -1.00655        -1.0036    0.000118558
            811      -0.990476       -1.00359    0.000119513
            812       -1.00761       -1.00359    0.000119468
            813       -1.00235       -1.00359    0.000119331
            814       -1.00714        -1.0036    0.000119264
            815       -1.00735        -1.0036    0.000119207
            816       -1.00311        -1.0036    0.000119062
            817      -0.997466       -1.00359    0.000119153
            818      -0.996512       -1.00358    0.000119322
            819       -1.00333       -1.00358    0.000119177
            820       -1.00968       -1.00359    0.000119263
            821       -1.00535       -1.00359    0.000119137
            822       -1.00292       -1.00359    0.000118995
            823      -0.999176       -1.00359    0.000118971
            824        -1.0037       -1.00359    0.000118827
            825        -1.0022       -1.00359    0.000118695
            826       -1.00161       -1.00358    0.000118575
            827      -0.995522       -1.00357    0.000118832
            828      -0.998677       -1.00357    0.000118836
            829       -1.00554       -1.00357    0.000118716
            830       -1.00489       -1.00357    0.000118584
            831       -1.00107       -1.00357    0.000118479
            832       -1.00368       -1.00357    0.000118337
            833        -1.0028       -1.00357    0.000118198
            834       -1.00219       -1.00357    0.000118068
            835       -1.00887       -1.00357    0.000118097
            836       -1.00544       -1.00357    0.000117977
            837       -1.00101       -1.00357    0.000117876
            838       -1.00364       -1.00357    0.000117735
            839       -1.01011       -1.00358    0.000117853
            840         -1.006       -1.00358    0.000117748
            841       -1.00521       -1.00358    0.000117624
            842       -1.00112       -1.00358     0.00011752
            843      -0.994861       -1.00357    0.000117836
            844       -1.00515       -1.00357    0.000117711
            845      -0.997097       -1.00357    0.000117821
            846       -0.99934       -1.00356    0.000117788
            847      -0.994108       -1.00355    0.000118177
            848       -1.00294       -1.00355    0.000118039
            849       -1.00185       -1.00355    0.000117917
            850       -1.00145       -1.00354    0.000117804
            851       -1.00694       -1.00355    0.000117733
            852       -1.00066       -1.00354    0.000117644
            853       -1.00118       -1.00354    0.000117539
            854       -1.00562       -1.00354    0.000117426
            855       -1.00388       -1.00354    0.000117289
            856       -1.00181       -1.00354     0.00011717
            857       -1.00409       -1.00354    0.000117035
            858       -1.00195       -1.00354    0.000116913
            859      -0.999257       -1.00354    0.000116883
            860       -1.00295       -1.00354    0.000116749
            861       -1.00293       -1.00354    0.000116616
            862       -1.00746       -1.00354    0.000116569
            863       -1.00799       -1.00354    0.000116548
            864       -1.00278       -1.00354    0.000116416
            865       -1.00439       -1.00354    0.000116286
            866       -1.00521       -1.00355    0.000116167
            867       -1.00893       -1.00355    0.000116199
            868       -1.00624       -1.00356    0.000116106
            869       -1.00538       -1.00356    0.000115992
            870       -0.99869       -1.00355    0.000115993
            871       -1.00219       -1.00355    0.000115871
            872        -1.0009       -1.00355    0.000115778
            873       -1.00735       -1.00355    0.000115727
            874       -1.00753       -1.00356    0.000115684
            875      -0.998575       -1.00355    0.000115692
            876       -1.00382       -1.00355     0.00011556
            877       -1.00838       -1.00356    0.000115559
            878       -1.00296       -1.00356     0.00011543
            879       -1.00172       -1.00355    0.000115317
            880       -1.00842       -1.00356    0.000115319
            881       -1.00448       -1.00356    0.000115193
            882       -1.00512       -1.00356    0.000115076
            883       -1.00629       -1.00357    0.000114987
            884      -0.996804       -1.00356    0.000115111
            885       -1.00652       -1.00356    0.000115029
            886       -1.00706       -1.00357    0.000114968
            887       -1.00497       -1.00357    0.000114849
            888       -1.00987       -1.00357    0.000114939
            889      -0.999356       -1.00357    0.000114907
            890       -1.00459       -1.00357    0.000114784
            891       -1.00446       -1.00357    0.000114659
            892       -1.00539       -1.00357    0.000114549
            893       -1.00553       -1.00358    0.000114441
            894       -1.00714       -1.00358    0.000114383
            895       -1.00273       -1.00358    0.000114259
            896       -1.00223       -1.00358    0.000114141
            897       -1.00898       -1.00358    0.000114173
            898       -1.00501       -1.00358    0.000114057
            899      -0.994988       -1.00358     0.00011433
            900       -0.99741       -1.00357    0.000114408
            901        -1.0035       -1.00357    0.000114281
            902       -1.00278       -1.00357    0.000114158
            903      -0.998715       -1.00356    0.000114158
            904      -0.998498       -1.00356    0.000114169
            905       -1.01094       -1.00356    0.000114334
            906       -1.00429       -1.00357    0.000114211
            907       -1.00631       -1.00357    0.000114125
            908       -1.00848       -1.00357    0.000114127
            909       -1.00145       -1.00357    0.000114025
            910       -1.00676       -1.00357    0.000113954
            911       -1.00298       -1.00357     0.00011383
            912       -1.00241       -1.00357    0.000113713
            913       -1.00464       -1.00357    0.000113594
            914       -1.00663       -1.00358    0.000113519
            915       -1.01002       -1.00358    0.000113613
            916       -1.00522       -1.00359    0.000113503
            917      -0.997554       -1.00358     0.00011357
            918       -1.00178       -1.00358    0.000113463
            919       -1.00589       -1.00358    0.000113368
            920        -1.0076       -1.00358    0.000113329
            921       -1.00469       -1.00359    0.000113212
            922       -1.00305       -1.00359     0.00011309
            923       -1.00452       -1.00359    0.000112972
            924       -1.00032       -1.00358    0.000112906
            925       -1.00388       -1.00358    0.000112784
            926        -1.0048       -1.00358     0.00011267
            927       -1.00299       -1.00358     0.00011255
            928       -1.00491       -1.00359    0.000112438
            929       -1.00123       -1.00358    0.000112345
            930       -1.00752       -1.00359    0.000112304
            931       -1.00586       -1.00359     0.00011221
            932       -1.00684       -1.00359    0.000112144
            933       -1.00532       -1.00359    0.000112039
            934       -1.00246       -1.00359    0.000111925
            935        -1.0017       -1.00359    0.000111824
            936       -1.00018       -1.00359    0.000111764
            937       -1.00107       -1.00359    0.000111677
            938       -1.00169       -1.00358    0.000111576
            939       -1.00565       -1.00359    0.000111479
            940       -1.00211       -1.00358    0.000111371
            941       -1.00501       -1.00359    0.000111263
            942       -1.00198       -1.00358    0.000111158
            943       -1.00771       -1.00359    0.000111126
            944       -1.00658       -1.00359    0.000111054
            945       -1.00464       -1.00359    0.000110942
            946       -1.00116       -1.00359    0.000110854
            947      -0.999607       -1.00359    0.000110817
            948      -0.996072       -1.00358    0.000110983
            949      -0.999288       -1.00357    0.000110958
            950       -1.00361       -1.00357    0.000110841
            951       -0.99992       -1.00357    0.000110791
            952       -1.00528       -1.00357     0.00011069
            953       -1.00938       -1.00358    0.000110741
            954       -1.00523       -1.00358    0.000110639
            955       -1.00424       -1.00358    0.000110525
            956       -1.00164       -1.00358    0.000110428
            957       -1.00303       -1.00358    0.000110314
            958       -1.00697       -1.00358    0.000110256
            959       -1.00448       -1.00358    0.000110144
            960       -1.00537       -1.00358    0.000110045
            961       -1.00276       -1.00358    0.000109934
            962        -1.0014       -1.00358    0.000109843
            963       -1.00794       -1.00358    0.000109822
            964       -1.00445       -1.00359    0.000109712
            965       -1.00094       -1.00358    0.000109633
            966       -1.00499       -1.00358    0.000109529
            967      -0.997309       -1.00358    0.000109608
            968       -1.00226       -1.00358    0.000109503
            969      -0.996077       -1.00357    0.000109663
            970       -1.00976       -1.00358    0.000109736
            971       -1.00022       -1.00357    0.000109677
            972       -1.00758       -1.00358    0.000109642
            973      -0.999144       -1.00357    0.000109624
            974       -1.00199       -1.00357    0.000109524
            975        -1.0039       -1.00357    0.000109412
            976       -1.00344       -1.00357      0.0001093
            977       -1.00827       -1.00357    0.000109294
            978       -1.01034       -1.00358    0.000109401
            979      -0.998722       -1.00358    0.000109402
            980       -1.00416       -1.00358    0.000109292
            981       -1.00285       -1.00358    0.000109183
            982      -0.998804       -1.00357     0.00010918
            983        -1.0045       -1.00357    0.000109073
            984       -1.00053       -1.00357    0.000109006
            985       -1.00344       -1.00357    0.000108895
            986       -1.00432       -1.00357    0.000108787
            987       -1.00272       -1.00357     0.00010868
            988       -1.00156       -1.00357    0.000108589
            989      -0.999068       -1.00356    0.000108575
            990       -1.00447       -1.00356    0.000108469
            991       -1.01064       -1.00357    0.000108594
            992       -1.00374       -1.00357    0.000108485
            993       -1.00267       -1.00357    0.000108379
            994       -1.00375       -1.00357     0.00010827
            995       -1.00099       -1.00357    0.000108193
            996        -1.0018       -1.00357    0.000108099
            997       -1.00835       -1.00357    0.000108097
            998       -1.00868       -1.00358     0.00010811
            999       -1.00509       -1.00358    0.000108012
           1000       -1.00562       -1.00358    0.000107923
