            0.5           1000          20000              0
              1       -1.00283       -1.00283              0
              2       -1.00707       -1.00495     0.00211958
              3      -0.998231       -1.00271     0.00255203
              4       -1.00582       -1.00349       0.001965
              5       -1.00366       -1.00352     0.00152247
              6      -0.999008       -1.00277     0.00145307
              7       -1.00068       -1.00247     0.00126394
              8      -0.999133       -1.00205     0.00117145
              9      -0.998043       -1.00161     0.00112512
             10       -1.00815       -1.00226     0.00120003
             11       -1.00614       -1.00261      0.0011412
             12       -1.00049       -1.00244     0.00105674
             13      -0.997087       -1.00203     0.00105558
             14        -1.0042       -1.00218    0.000989491
             15       -1.00772       -1.00255    0.000992507
             16       -1.00269       -1.00256    0.000928448
             17      -0.997322       -1.00225     0.00092493
             18      -0.988858       -1.00151      0.0011463
             19       -1.00548       -1.00172     0.00110433
             20       -1.00716       -1.00199     0.00108249
             21      -0.999217       -1.00186     0.00103808
             22       -1.00876       -1.00217     0.00103834
             23       -1.00468       -1.00228     0.00099816
             24       -1.00245       -1.00229    0.000955692
             25       -1.00246       -1.00229    0.000916694
             26       -1.00765        -1.0025    0.000904547
             27       -1.00568       -1.00262    0.000878329
             28       -1.00313       -1.00264    0.000846574
             29        -1.0045        -1.0027     0.00081939
             30       -1.00292       -1.00271    0.000791639
             31        -1.0034       -1.00273    0.000765999
             32       -1.00525       -1.00281    0.000745861
             33       -1.00551       -1.00289    0.000727523
             34       -1.00761       -1.00303    0.000719321
             35       -1.00478       -1.00308    0.000700251
             36       -1.00327       -1.00308    0.000680542
             37       -1.01086       -1.00329     0.00069448
             38      -0.999282       -1.00319    0.000684157
             39        -1.0044       -1.00322    0.000667108
             40       -1.00872       -1.00336    0.000664578
             41       -1.00353       -1.00336    0.000648179
             42       -1.01195       -1.00357    0.000664754
             43       -1.00011       -1.00349    0.000654077
             44       -1.00718       -1.00357    0.000644531
             45       -1.00125       -1.00352    0.000632153
             46       -1.00294       -1.00351    0.000618387
             47       -1.00178       -1.00347    0.000606196
             48      -0.992514       -1.00324    0.000635804
             49      -0.997025       -1.00311    0.000635483
             50      -0.999409       -1.00304    0.000627037
             51       -1.00688       -1.00311    0.000619206
             52       -1.00621       -1.00317    0.000610089
             53      -0.990683       -1.00294    0.000643202
             54       -1.00627         -1.003    0.000634194
             55       -1.00626       -1.00306    0.000625373
             56        -1.0042       -1.00308    0.000614442
             57       -1.00481       -1.00311    0.000604331
             58       -1.00177       -1.00309    0.000594272
             59       -1.00573       -1.00313    0.000585822
             60       -1.00664       -1.00319     0.00057894
             61       -1.00468       -1.00321    0.000569897
             62      -0.998897       -1.00315    0.000564938
             63       -1.00338       -1.00315     0.00055591
             64        -1.0045       -1.00317    0.000547562
             65      -0.997814       -1.00309    0.000545333
             66       -1.00503       -1.00312    0.000537813
             67       -1.00597       -1.00316     0.00053143
             68       -0.99391       -1.00302    0.000540938
             69       -1.00967       -1.00312    0.000541667
             70       -1.00292       -1.00312    0.000533881
             71       -1.00081       -1.00308    0.000527308
             72       -1.00539       -1.00312    0.000520918
             73             -1       -1.00307    0.000515501
             74       -1.00581       -1.00311    0.000509829
             75       -1.00553       -1.00314    0.000504016
             76      -0.995614       -1.00304     0.00050711
             77       -1.00451       -1.00306    0.000500845
             78       -1.00431       -1.00308    0.000494641
             79       -1.00811       -1.00314    0.000492478
             80       -1.00528       -1.00317    0.000487016
             81       -1.00593        -1.0032    0.000482176
             82        -1.0021       -1.00319     0.00047645
             83       -1.00435        -1.0032    0.000470883
             84       -1.00739       -1.00325    0.000467903
             85        -1.0005       -1.00322      0.0004635
             86       -1.00434       -1.00323    0.000458263
             87       -1.00847       -1.00329    0.000456941
             88       -1.00093       -1.00327    0.000452518
             89       -1.00452       -1.00328    0.000447626
             90       -1.00331       -1.00328    0.000442625
             91       -1.00066       -1.00325    0.000438682
             92       -1.00653       -1.00329    0.000435344
             93       -1.00308       -1.00329    0.000430643
             94       -1.00029       -1.00325     0.00042723
             95       -1.00811       -1.00331    0.000425791
             96       -1.00942       -1.00337    0.000426118
             97       -1.00777       -1.00341    0.000424135
             98      -0.996364       -1.00334    0.000425906
             99       -1.00222       -1.00333    0.000421734
            100       -1.00496       -1.00335    0.000417814
            101       -1.00164       -1.00333    0.000414001
            102       -1.00742       -1.00337    0.000411881
            103       -1.00523       -1.00339     0.00040826
            104       -1.00323       -1.00339    0.000404318
            105       -1.00697       -1.00342    0.000401898
            106       -1.00167       -1.00341    0.000398432
            107       -1.00315        -1.0034    0.000394698
            108       -1.00529       -1.00342    0.000391416
            109       -1.00366       -1.00342    0.000387815
            110       -1.00101        -1.0034    0.000384898
            111       -1.00034       -1.00337    0.000382407
            112       -1.00123       -1.00335     0.00037946
            113      -0.997236        -1.0033    0.000379964
            114       -1.00429       -1.00331    0.000376717
            115       -1.00617       -1.00333    0.000374253
            116       -0.99845       -1.00329    0.000373394
            117       -1.00532       -1.00331    0.000370596
            118       -1.00729       -1.00334    0.000368991
            119       -1.00513       -1.00336    0.000366184
            120      -0.995146       -1.00329    0.000369511
            121       -0.99975       -1.00326     0.00036761
            122      -0.997315       -1.00321    0.000367825
            123      -0.999516       -1.00318    0.000366057
            124       -1.00961       -1.00323     0.00036678
            125        -1.0077       -1.00327    0.000365587
            126       -1.00358       -1.00327    0.000362682
            127       -1.00869       -1.00331    0.000362335
            128       -1.00664       -1.00334    0.000360429
            129      -0.999941       -1.00331    0.000358593
            130      -0.999398       -1.00328    0.000357096
            131       -1.00401       -1.00329    0.000354404
            132       -1.00328       -1.00329    0.000351709
            133       -1.00255       -1.00328    0.000349099
            134       -1.00815       -1.00332    0.000348381
            135       -1.00184       -1.00331    0.000345964
            136        -1.0011       -1.00329    0.000343794
            137       -1.00819       -1.00333    0.000343143
            138      -0.999892        -1.0033    0.000341556
            139      -0.999979       -1.00328    0.000339932
            140       -1.00399       -1.00328    0.000337533
            141       -1.00635       -1.00331    0.000335834
            142       -1.00989       -1.00335     0.00033667
            143       -1.00391       -1.00336    0.000334331
            144       -1.01003        -1.0034    0.000335221
            145        -1.0093       -1.00344    0.000335372
            146       -1.00908       -1.00348      0.0003353
            147       -1.00638        -1.0035    0.000333595
            148       -1.01112       -1.00355    0.000335304
            149       -1.00419       -1.00356    0.000333074
            150       -1.00433       -1.00356    0.000330887
            151       -1.00788       -1.00359    0.000329928
            152       -1.00333       -1.00359    0.000327755
            153       -1.00604       -1.00361    0.000325999
            154       -1.00294        -1.0036    0.000323903
            155      -0.987673        -1.0035    0.000337817
            156       -1.00515       -1.00351    0.000335812
            157       -1.00574       -1.00352    0.000333968
            158       -1.00606       -1.00354    0.000332236
            159       -1.01106       -1.00359     0.00033351
            160       -1.00257       -1.00358     0.00033148
            161       -1.00943       -1.00362    0.000331409
            162       -1.00479       -1.00362    0.000329436
            163       -1.00345       -1.00362     0.00032741
            164       -1.00121       -1.00361    0.000325739
            165       -1.00915       -1.00364    0.000325496
            166      -0.998993       -1.00361    0.000324739
            167       -1.00615       -1.00363    0.000323147
            168      -0.998852        -1.0036    0.000322474
            169       -1.00242       -1.00359    0.000320636
            170       -1.00155       -1.00358    0.000318971
            171       -1.00252       -1.00358    0.000317161
            172       -1.00736        -1.0036    0.000316078
            173       -0.99343       -1.00354    0.000319694
            174       -1.00736       -1.00356    0.000318609
            175       -1.01071        -1.0036    0.000319403
            176       -1.00541       -1.00361     0.00031775
            177      -0.995976       -1.00357    0.000318881
            178       -1.01069       -1.00361    0.000319596
            179      -0.996157       -1.00357     0.00032052
            180        -1.0051       -1.00358    0.000318848
            181      -0.995022       -1.00353    0.000320584
            182       -1.00829       -1.00355    0.000319888
            183       -1.00544       -1.00356    0.000318302
            184       -1.00396       -1.00357    0.000316575
            185       -1.00437       -1.00357    0.000314889
            186       -1.00391       -1.00357    0.000313197
            187       -1.00451       -1.00358    0.000311558
            188       -1.00371       -1.00358    0.000309897
            189       -1.00868       -1.00361    0.000309434
            190       -1.01047       -1.00364    0.000309915
            191       -1.00807       -1.00366    0.000309158
            192      -0.997136       -1.00363    0.000309418
            193        -1.0095       -1.00366    0.000309307
            194       -1.00251       -1.00366    0.000307765
            195       -1.00819       -1.00368    0.000307065
            196       -1.00175       -1.00367    0.000305652
            197       -1.00911        -1.0037     0.00030535
            198      -0.997023       -1.00366    0.000305667
            199      -0.998056       -1.00363    0.000305429
            200       -1.00162       -1.00362    0.000304065
            201       -1.00716       -1.00364    0.000303058
            202       -1.00961       -1.00367    0.000302999
            203       -0.99196       -1.00361    0.000306973
            204      -0.997172       -1.00358    0.000307092
            205       -1.00859       -1.00361    0.000306564
            206       -1.00429       -1.00361     0.00030509
            207        -1.0027       -1.00361    0.000303645
            208       -1.00607       -1.00362    0.000302413
            209       -1.00863       -1.00364    0.000301919
            210       -1.00197       -1.00363    0.000300584
            211      -0.993474       -1.00359    0.000303006
            212       -1.00941       -1.00361    0.000302823
            213       -0.99157       -1.00356    0.000306656
            214       -1.00578       -1.00357    0.000305397
            215      -0.993166       -1.00352    0.000307799
            216       -1.00753       -1.00354    0.000306932
            217       -1.00631       -1.00355    0.000305781
            218       -1.00732       -1.00357    0.000304866
            219        -0.9992       -1.00355    0.000304125
            220      -0.997162       -1.00352    0.000304128
            221      -0.998712        -1.0035    0.000303528
            222        -1.0045        -1.0035    0.000302192
            223      -0.996604       -1.00347     0.00030242
            224       -1.01005        -1.0035    0.000302496
            225       -1.00567       -1.00351    0.000301304
            226      -0.997164       -1.00348    0.000301279
            227       -1.00149       -1.00347    0.000300077
            228       -1.00115       -1.00346    0.000298931
            229       -1.00011       -1.00345    0.000297982
            230       -1.00549       -1.00346    0.000296816
            231        -1.0001       -1.00344    0.000295884
            232       -1.00965       -1.00347    0.000295819
            233       -1.00512       -1.00348    0.000294632
            234       -1.00603       -1.00349    0.000293574
            235        -1.0074        -1.0035    0.000292795
            236       -1.00442       -1.00351    0.000291578
            237         -1.004       -1.00351    0.000290352
            238       -1.00346       -1.00351     0.00028913
            239       -1.00727       -1.00352    0.000288347
            240        -1.0014       -1.00352    0.000287279
            241       -1.00516       -1.00352    0.000286166
            242       -1.00471       -1.00353    0.000285023
            243       -1.00431       -1.00353    0.000283866
            244       -1.00208       -1.00352    0.000282763
            245       -1.00724       -1.00354    0.000282014
            246       -1.00551       -1.00355     0.00028098
            247       -1.00273       -1.00354     0.00027986
            248       -1.00329       -1.00354    0.000278731
            249       -1.00261       -1.00354    0.000277634
            250       -1.00199       -1.00353    0.000276592
            251       -1.00868       -1.00355     0.00027625
            252       -1.00506       -1.00356    0.000275216
            253       -1.00938       -1.00358    0.000275088
            254       -1.00184       -1.00358    0.000274089
            255       -1.00415       -1.00358    0.000273021
            256       -1.00046       -1.00357    0.000272225
            257       -1.00536       -1.00357    0.000271253
            258       -1.01243       -1.00361    0.000272374
            259       -1.00736       -1.00362    0.000271706
            260      -0.997657        -1.0036     0.00027163
            261       -1.00934       -1.00362     0.00027148
            262       -1.00481       -1.00363     0.00027048
            263       -1.00392       -1.00363    0.000269452
            264      -0.999306       -1.00361    0.000268928
            265      -0.995533       -1.00358    0.000269639
            266       -1.00114       -1.00357    0.000268781
            267       -1.00152       -1.00356    0.000267882
            268       -1.00578       -1.00357    0.000267009
            269      -0.997722       -1.00355    0.000266901
            270       -1.00583       -1.00356    0.000266045
            271       -1.00316       -1.00356    0.000265066
            272       -1.00886       -1.00358    0.000264809
            273      -0.988276       -1.00352    0.000269724
            274       -1.00759       -1.00353    0.000269147
            275       -1.00278       -1.00353    0.000268181
            276       -1.00964       -1.00355    0.000268122
            277       -1.00057       -1.00354     0.00026737
            278       -0.99534       -1.00351    0.000268036
            279       -1.00129       -1.00351    0.000267192
            280       -1.00215        -1.0035     0.00026628
            281       -1.00754       -1.00352    0.000265719
            282       -1.00174       -1.00351     0.00026485
            283       -1.00727       -1.00352    0.000264248
            284       -1.01037       -1.00355    0.000264417
            285      -0.998148       -1.00353    0.000264167
            286       -1.00164       -1.00352    0.000263324
            287      -0.996136        -1.0035    0.000263664
            288       -1.00292       -1.00349    0.000262754
            289       -1.00275       -1.00349    0.000261856
            290       -1.00999       -1.00351    0.000261913
            291      -0.991377       -1.00347    0.000264323
            292       -0.99474       -1.00344    0.000265107
            293      -0.998407       -1.00342    0.000264759
            294       -1.00886       -1.00344    0.000264503
            295        -1.0034       -1.00344    0.000263605
            296       -1.00308       -1.00344    0.000262716
            297       -1.00702       -1.00345    0.000262107
            298       -1.00368       -1.00345    0.000261227
            299       -1.00331       -1.00345    0.000260352
            300       -1.00464       -1.00346    0.000259513
            301       -1.00113       -1.00345    0.000258764
            302       -1.00766       -1.00346    0.000258283
            303       -1.00797       -1.00348    0.000257858
            304      -0.996997       -1.00346    0.000257891
            305       -1.00352       -1.00346    0.000257045
            306      -0.998765       -1.00344    0.000256662
            307      -0.987814       -1.00339     0.00026084
            308       -1.00204       -1.00339    0.000260029
            309       -1.00086       -1.00338    0.000259314
            310      -0.994035       -1.00335    0.000260228
            311       -1.00507       -1.00335    0.000259449
            312       -1.00402       -1.00336    0.000258625
            313       -1.00629       -1.00337    0.000257968
            314       -1.00482       -1.00337    0.000257187
            315       -1.00545       -1.00338    0.000256455
            316       -1.01009        -1.0034    0.000256523
            317       -1.00459        -1.0034    0.000255739
            318       -1.00363        -1.0034    0.000254935
            319       -1.00048       -1.00339      0.0002543
            320      -0.997544       -1.00338    0.000254162
            321       -1.00312       -1.00337     0.00025337
            322        -1.0054       -1.00338    0.000252661
            323       -1.00547       -1.00339    0.000251961
            324       -1.00727        -1.0034    0.000251468
            325       -0.99581       -1.00338    0.000251778
            326       -1.00537       -1.00338    0.000251079
            327        -1.0003       -1.00337    0.000250487
            328       -1.00124       -1.00337    0.000249806
            329       -1.00002       -1.00336    0.000249253
            330       -1.00866       -1.00337    0.000249016
            331       -1.00847       -1.00339     0.00024874
            332      -0.997525       -1.00337    0.000248617
            333        -1.0053       -1.00338    0.000247937
            334      -0.999979       -1.00337    0.000247403
            335       -1.01186       -1.00339    0.000247963
            336       -1.00804        -1.0034     0.00024761
            337       -1.00009       -1.00339     0.00024707
            338       -1.00152       -1.00339    0.000246401
            339      -0.998846       -1.00338    0.000246038
            340       -1.01054        -1.0034    0.000246216
            341       -1.00528        -1.0034    0.000245555
            342       -1.00823       -1.00342    0.000245243
            343      -0.993202       -1.00339    0.000246334
            344       -1.00875        -1.0034    0.000246111
            345       -1.00875       -1.00342    0.000245885
            346       -1.00283       -1.00342    0.000245179
            347       -1.00292       -1.00341    0.000244476
            348       -1.00457       -1.00342    0.000243795
            349       -1.00618       -1.00343    0.000243224
            350       -1.00573       -1.00343    0.000242618
            351       -1.00711       -1.00344    0.000242152
            352       -1.00734       -1.00345    0.000241717
            353       -1.00741       -1.00347    0.000241292
            354       -1.00098       -1.00346    0.000240712
            355       -1.00247       -1.00346    0.000240049
            356      -0.998308       -1.00344     0.00023981
            357       -1.00524       -1.00345     0.00023919
            358      -0.994048       -1.00342    0.000239961
            359       -1.01039       -1.00344    0.000240078
            360       -1.00586       -1.00345    0.000239505
            361       -1.00844       -1.00346    0.000239241
            362      -0.995179       -1.00344    0.000239674
            363       -1.00874       -1.00345    0.000239458
            364       -1.00694       -1.00346    0.000238992
            365       -1.00443       -1.00346    0.000238351
            366      -0.999812       -1.00345    0.000237908
            367       -1.00467       -1.00346    0.000237282
            368       -1.00723       -1.00347    0.000236858
            369      -0.997811       -1.00345    0.000236712
            370      -0.995484       -1.00343    0.000237052
            371       -1.00763       -1.00344    0.000236683
            372       -1.01183       -1.00346     0.00023712
            373       -1.00868       -1.00348    0.000236897
            374       -1.00255       -1.00348    0.000236276
            375       -1.00191       -1.00347    0.000235682
            376       -1.00557       -1.00348    0.000235121
            377       -1.00443       -1.00348     0.00023451
            378       -1.00344       -1.00348    0.000233889
            379       -1.00657       -1.00349    0.000233413
            380       -1.00075       -1.00348    0.000232909
            381      -0.998795       -1.00347    0.000232622
            382       -1.00662       -1.00348    0.000232159
            383      -0.990635       -1.00344    0.000233967
            384       -1.00467       -1.00345    0.000233378
            385       -1.00612       -1.00345    0.000232875
            386       -1.00718       -1.00346    0.000232472
            387       -1.00315       -1.00346    0.000231872
            388        -1.0102       -1.00348    0.000231924
            389       -1.00014       -1.00347    0.000231486
            390       -1.00172       -1.00347    0.000230936
            391      -0.990351       -1.00343    0.000232774
            392       -1.00079       -1.00343    0.000232277
            393       -1.00595       -1.00343    0.000231775
            394      -0.997355       -1.00342      0.0002317
            395       -1.00551       -1.00342    0.000231173
            396       -1.00142       -1.00342    0.000230644
            397       -1.00326       -1.00342    0.000230063
            398      -0.992695       -1.00339     0.00023106
            399        -1.0001       -1.00338    0.000230627
            400       -1.00313       -1.00338     0.00023005
            401        -1.0074       -1.00339    0.000229695
            402       -1.00597        -1.0034    0.000229213
            403       -1.00173       -1.00339    0.000228681
            404       -1.00368       -1.00339    0.000228115
            405       -1.00982       -1.00341    0.000228103
            406       -1.00304       -1.00341    0.000227543
            407        -1.0072       -1.00342    0.000227174
            408       -1.00135       -1.00341    0.000226674
            409       -1.00244       -1.00341    0.000226131
            410       -0.99861        -1.0034    0.000225883
            411       -1.00825       -1.00341    0.000225641
            412       -1.00656       -1.00342    0.000225223
            413       -1.00399       -1.00342    0.000224681
            414       -1.00768       -1.00343    0.000224374
            415        -1.0088       -1.00344    0.000224206
            416       -1.00714       -1.00345    0.000223843
            417       -1.00446       -1.00345    0.000223319
            418       -1.00768       -1.00346    0.000223013
            419       -1.00506       -1.00347    0.000222513
            420       -1.00433       -1.00347    0.000221992
            421       -1.00658       -1.00348    0.000221587
            422      -0.994797       -1.00346    0.000222016
            423      -0.998869       -1.00345    0.000221756
            424       -1.00405       -1.00345    0.000221237
            425       -1.00536       -1.00345    0.000220762
            426      -0.998098       -1.00344    0.000220601
            427       -1.01016       -1.00346    0.000220646
            428       -1.00287       -1.00345    0.000220134
            429       -1.00118       -1.00345    0.000219684
            430      -0.998517       -1.00344    0.000219473
            431       -1.00237       -1.00344    0.000218977
            432       -1.00317       -1.00343     0.00021847
            433       -1.00229       -1.00343    0.000217981
            434       -1.00086       -1.00343    0.000217559
            435       -1.00106       -1.00342    0.000217127
            436      -0.995956        -1.0034    0.000217304
            437       -1.00287        -1.0034    0.000216809
            438       -1.00429        -1.0034    0.000216323
            439      -0.996341       -1.00339    0.000216429
            440       -1.00643       -1.00339    0.000216047
            441      -0.998193       -1.00338    0.000215879
            442       -1.00567       -1.00339    0.000215452
            443       -1.00287       -1.00339    0.000214969
            444      -0.999294       -1.00338    0.000214682
            445       -1.00559       -1.00338    0.000214257
            446       -1.00813       -1.00339    0.000214041
            447         -1.008        -1.0034    0.000213811
            448       -1.00712       -1.00341    0.000213494
            449       -1.00464       -1.00341    0.000213036
            450       -1.00458       -1.00342    0.000212578
            451       -1.00612       -1.00342    0.000212191
            452       -1.00143       -1.00342    0.000211767
            453      -0.996893        -1.0034    0.000211789
            454       -1.00459       -1.00341    0.000211338
            455        -1.0049       -1.00341    0.000210899
            456        -1.0036       -1.00341    0.000210436
            457       -1.00657       -1.00342    0.000210089
            458        -1.0035       -1.00342     0.00020963
            459       -1.00807       -1.00343    0.000209418
            460       -1.00529       -1.00343    0.000209002
            461       -1.00375       -1.00343    0.000208549
            462       -1.00318       -1.00343    0.000208098
            463       -1.00767       -1.00344    0.000207849
            464       -1.00631       -1.00345    0.000207493
            465       -1.00678       -1.00345     0.00020717
            466      -0.997402       -1.00344    0.000207133
            467      -0.998822       -1.00343    0.000206925
            468      -0.997433       -1.00342     0.00020688
            469       -1.00252       -1.00342    0.000206448
            470       -1.00512       -1.00342     0.00020604
            471       -1.00818       -1.00343     0.00020585
            472       -1.00817       -1.00344    0.000205659
            473       -1.00703       -1.00345    0.000205363
            474       -1.00605       -1.00345    0.000205003
            475       -1.00936       -1.00347    0.000204948
            476      -0.998975       -1.00346    0.000204735
            477       -1.00669       -1.00346    0.000204418
            478      -0.998072       -1.00345    0.000204301
            479       -1.00823       -1.00346    0.000204118
            480       -1.00717       -1.00347    0.000203839
            481       -1.00104       -1.00347    0.000203478
            482       -1.01245       -1.00348    0.000203908
            483       -1.00555       -1.00349    0.000203531
            484       -1.00937        -1.0035    0.000203472
            485       -1.00106        -1.0035    0.000203115
            486       -1.00365        -1.0035    0.000202697
            487      -0.997846       -1.00348    0.000202613
            488      -0.993106       -1.00346    0.000203312
            489       -1.00711       -1.00347    0.000203033
            490       -1.00326       -1.00347    0.000202619
            491       -1.00162       -1.00347    0.000202241
            492       -1.00176       -1.00346    0.000201859
            493       -1.00372       -1.00346     0.00020145
            494      -0.999738       -1.00346    0.000201183
            495       -1.00576       -1.00346     0.00020083
            496       -1.00644       -1.00347    0.000200515
            497       -1.00506       -1.00347    0.000200136
            498       -0.99837       -1.00346    0.000199996
            499      -0.998708       -1.00345    0.000199822
            500       -1.00962       -1.00346    0.000199804
            501        -1.0057       -1.00347    0.000199455
            502       -1.00863       -1.00348    0.000199322
            503       -1.00976       -1.00349    0.000199317
            504       -1.00029       -1.00348    0.000199023
            505       -1.00451       -1.00348    0.000198639
            506       -1.01018        -1.0035    0.000198687
            507      -0.998893       -1.00349    0.000198503
            508       -1.00952        -1.0035    0.000198467
            509       -1.00077        -1.0035    0.000198149
            510       -1.00286       -1.00349    0.000197764
            511       -1.00049       -1.00349    0.000197465
            512        -1.0055       -1.00349    0.000197118
            513       -1.00059       -1.00349    0.000196815
            514       -1.00318       -1.00349    0.000196432
            515      -0.998993       -1.00348    0.000196244
            516         -1.003       -1.00348    0.000195866
            517       -1.00958       -1.00349    0.000195843
            518       -1.00791        -1.0035     0.00019565
            519       -1.00426        -1.0035    0.000195279
            520        -1.0047        -1.0035    0.000194916
            521       -1.00865       -1.00351    0.000194793
            522      -0.996456        -1.0035    0.000194888
            523       -1.00447        -1.0035    0.000194524
            524       -1.00695       -1.00351    0.000194264
            525       -1.00595       -1.00351     0.00019395
            526      -0.992658       -1.00349    0.000194677
            527       -1.00593       -1.00349    0.000194363
            528       -1.00377       -1.00349    0.000193995
            529       -1.00828        -1.0035    0.000193839
            530       -1.00619       -1.00351    0.000193539
            531       -1.00363       -1.00351    0.000193174
            532       -1.00016        -1.0035    0.000192914
            533       -1.00192        -1.0035    0.000192575
            534       -1.01099       -1.00351    0.000192725
            535       -1.00306       -1.00351    0.000192366
            536        -1.0042       -1.00351    0.000192011
            537      -0.994743        -1.0035    0.000192348
            538       -1.00202       -1.00349     0.00019201
            539       -1.00566        -1.0035    0.000191695
            540        -1.0019        -1.0035    0.000191363
            541       -1.00585        -1.0035    0.000191058
            542       -1.00705       -1.00351    0.000190818
            543      -0.992217       -1.00349    0.000191598
            544       -1.00393       -1.00349    0.000191247
            545      -0.994984       -1.00347    0.000191532
            546       -1.00242       -1.00347    0.000191191
            547         -1.002       -1.00347     0.00019086
            548       -1.00386       -1.00347    0.000190513
            549       -1.00439       -1.00347    0.000190173
            550       -1.00607       -1.00347    0.000189886
            551       -1.00476       -1.00348    0.000189555
            552       -1.00573       -1.00348    0.000189255
            553       -1.00497       -1.00348    0.000188932
            554       -1.00035       -1.00348    0.000188675
            555       -1.00283       -1.00348    0.000188339
            556       -1.00826       -1.00348    0.000188197
            557       -1.00881       -1.00349    0.000188102
            558       -1.00697        -1.0035    0.000187868
            559       -1.00428        -1.0035    0.000187537
            560       -1.00204        -1.0035     0.00018722
            561       -1.00139        -1.0035    0.000186924
            562       -1.00486        -1.0035    0.000186606
            563       -1.00721        -1.0035    0.000186391
            564       -1.00705       -1.00351    0.000186167
            565       -1.00148       -1.00351    0.000185872
            566       -1.00229       -1.00351    0.000185556
            567       -1.00658       -1.00351    0.000185307
            568      -0.991154       -1.00349    0.000186256
            569       -1.00307       -1.00349    0.000185929
            570       -1.00797        -1.0035    0.000185769
            571       -1.00012       -1.00349    0.000185538
            572       -1.00685        -1.0035    0.000185306
            573        -1.0096       -1.00351    0.000185289
            574       -1.00556       -1.00351       0.000185
            575       -1.00659       -1.00352    0.000184756
            576       -1.00626       -1.00352    0.000184497
            577       -1.00592       -1.00352    0.000184224
            578       -1.00398       -1.00353    0.000183906
            579       -1.00705       -1.00353    0.000183689
            580      -0.997469       -1.00352     0.00018367
            581      -0.994753       -1.00351    0.000183974
            582       -1.00607       -1.00351     0.00018371
            583       -1.00628       -1.00351    0.000183456
            584       -1.00378       -1.00352    0.000183142
            585      -0.996492        -1.0035    0.000183223
            586       -1.00232        -1.0035    0.000182921
            587       -1.00223        -1.0035    0.000182622
            588       -1.00642        -1.0035    0.000182379
            589       -1.00487       -1.00351    0.000182083
            590       -1.00609       -1.00351    0.000181827
            591       -1.00836       -1.00352    0.000181704
            592       -1.00358       -1.00352    0.000181397
            593        -1.0004       -1.00351    0.000181168
            594       -1.00263       -1.00351    0.000180868
            595      -0.993132       -1.00349    0.000181405
            596       -1.00484        -1.0035    0.000181115
            597       -0.99737       -1.00349    0.000181102
            598      -0.997483       -1.00348    0.000181077
            599        -1.0077       -1.00348    0.000180912
            600       -1.00167       -1.00348    0.000180636
            601       -1.00218       -1.00348    0.000180348
            602       -1.00307       -1.00348    0.000180049
            603       -1.00708       -1.00348     0.00017985
            604        -1.0123        -1.0035    0.000180144
            605       -1.00397        -1.0035    0.000179847
            606      -0.999354       -1.00349    0.000179681
            607       -1.00478       -1.00349    0.000179397
            608       -1.00708        -1.0035    0.000179199
            609       -1.00695       -1.00351    0.000178994
            610       -1.00265        -1.0035    0.000178706
            611       -1.00724       -1.00351    0.000178517
            612       -1.00285       -1.00351    0.000178229
            613        -0.9994        -1.0035    0.000178064
            614       -1.00383        -1.0035    0.000177775
            615       -1.00145        -1.0035    0.000177517
            616      -0.994236       -1.00349    0.000177865
            617       -1.00084       -1.00348    0.000177628
            618       -1.00436       -1.00348    0.000177346
            619       -1.00135       -1.00348    0.000177093
            620       -1.00403       -1.00348    0.000176809
            621       -1.00313       -1.00348    0.000176525
            622       -0.99897       -1.00347     0.00017639
            623       -1.00362       -1.00347    0.000176107
            624       -1.00557       -1.00348    0.000175857
            625       -1.00553       -1.00348    0.000175606
            626      -0.999508       -1.00347     0.00017544
            627       -1.00814       -1.00348    0.000175318
            628       -1.00762       -1.00349    0.000175163
            629       -1.00421       -1.00349    0.000174888
            630       -1.00789       -1.00349     0.00017475
            631       -1.00198       -1.00349    0.000174489
            632       -1.00134       -1.00349    0.000174246
            633       -1.00001       -1.00348    0.000174057
            634       -1.00491       -1.00349    0.000173797
            635       -1.00502       -1.00349     0.00017354
            636      -0.993439       -1.00347    0.000173986
            637       -1.00907       -1.00348    0.000173935
            638       -1.00482       -1.00348    0.000173675
            639       -1.00474       -1.00349    0.000173414
            640       -1.00707       -1.00349    0.000173233
            641       -1.00617        -1.0035    0.000173014
            642       -1.00444        -1.0035     0.00017275
            643      -0.999419       -1.00349    0.000172598
            644       -1.00786        -1.0035    0.000172463
            645       -1.00147       -1.00349    0.000172225
            646      -0.996012       -1.00348    0.000172347
            647       -1.00573       -1.00349    0.000172116
            648      -0.995689       -1.00347    0.000172271
            649       -1.00209       -1.00347    0.000172018
            650       -1.00084       -1.00347    0.000171801
            651       -1.00995       -1.00348    0.000171826
            652        -1.0111       -1.00349     0.00017196
            653      -0.997128       -1.00348    0.000171973
            654       -1.00398       -1.00348    0.000171711
            655        -1.0021       -1.00348    0.000171462
            656       -1.00828       -1.00349    0.000171356
            657      -0.999238       -1.00348    0.000171218
            658       -1.00436       -1.00348    0.000170962
            659       -1.00384       -1.00348    0.000170704
            660       -1.01126       -1.00349    0.000170852
            661       -1.00196       -1.00349    0.000170609
            662       -1.00385       -1.00349    0.000170352
            663       -1.00738        -1.0035    0.000170196
            664       -1.00272        -1.0035    0.000169943
            665       -1.01057       -1.00351    0.000170021
            666       -1.00928       -1.00351    0.000169987
            667      -0.996649        -1.0035    0.000170044
            668       -1.00067        -1.0035    0.000169842
            669       -1.01072       -1.00351    0.000169931
            670        -1.0044       -1.00351    0.000169682
            671       -1.00975       -1.00352    0.000169684
            672       -1.00351       -1.00352    0.000169431
            673       -1.00445       -1.00352    0.000169185
            674      -0.999417       -1.00352    0.000169044
            675       -1.00381       -1.00352    0.000168794
            676       -1.00703       -1.00352    0.000168624
            677       -1.00406       -1.00352    0.000168376
            678        -1.0085       -1.00353    0.000168288
            679       -1.00582       -1.00353    0.000168074
            680        -1.0018       -1.00353    0.000167846
            681       -1.01156       -1.00354    0.000168014
            682       -1.00478       -1.00355    0.000167777
            683       -0.99692       -1.00354    0.000167812
            684      -0.992015       -1.00352     0.00016841
            685       -1.00119       -1.00352    0.000168199
            686       -1.00122       -1.00351    0.000167987
            687      -0.991938        -1.0035    0.000168586
            688       -1.00386        -1.0035    0.000168342
            689        -1.0017       -1.00349    0.000168117
            690       -0.99858       -1.00349    0.000168024
            691        -1.0006       -1.00348    0.000167833
            692        -1.0052       -1.00348    0.000167609
            693      -0.998597       -1.00348    0.000167515
            694       -1.00619       -1.00348    0.000167319
            695       -1.00044       -1.00348    0.000167136
            696       -1.00245       -1.00348    0.000166902
            697       -1.00697       -1.00348    0.000166738
            698       -1.01167       -1.00349    0.000166911
            699       -1.00637        -1.0035    0.000166723
            700       -1.00453        -1.0035    0.000166492
            701       -1.00098       -1.00349    0.000166293
            702      -0.997009       -1.00348    0.000166312
            703      -0.997264       -1.00348    0.000166311
            704       -1.00731       -1.00348    0.000166164
            705       -1.00497       -1.00348    0.000165942
            706      -0.996745       -1.00347    0.000165981
            707       -1.00232       -1.00347    0.000165754
            708       -1.00798       -1.00348    0.000165642
            709      -0.998965       -1.00347    0.000165531
            710       -1.00438       -1.00347    0.000165303
            711       -1.01048       -1.00348    0.000165364
            712       -1.00684       -1.00349    0.000165199
            713       -1.00915        -1.0035    0.000165158
            714      -0.999414       -1.00349    0.000165026
            715       -1.00538       -1.00349    0.000164816
            716       -1.00219       -1.00349    0.000164596
            717       -1.00558       -1.00349    0.000164392
            718      -0.993905       -1.00348    0.000164705
            719       -1.01065       -1.00349    0.000164778
            720       -1.00743        -1.0035     0.00016464
            721       -1.00338        -1.0035    0.000164411
            722       -1.00625        -1.0035    0.000164228
            723      -0.999383       -1.00349    0.000164099
            724       -1.00086       -1.00349    0.000163913
            725       -1.00911        -1.0035     0.00016387
            726      -0.998578       -1.00349    0.000163784
            727       -1.00594       -1.00349    0.000163593
            728       -1.00293       -1.00349     0.00016337
            729      -0.996877       -1.00348    0.000163398
            730       -1.00673       -1.00349    0.000163235
            731       -1.00526       -1.00349    0.000163029
            732      -0.998487       -1.00348     0.00016295
            733       -1.00413       -1.00349     0.00016273
            734       -1.00589       -1.00349    0.000162541
            735       -1.00853        -1.0035    0.000162464
            736        -1.0069        -1.0035    0.000162309
            737       -1.00715       -1.00351    0.000162165
            738       -1.00277        -1.0035    0.000161948
            739       -1.00337        -1.0035    0.000161729
            740        -1.0049       -1.00351    0.000161521
            741       -1.00251        -1.0035    0.000161308
            742       -1.00748       -1.00351     0.00016118
            743      -0.995443        -1.0035    0.000161329
            744       -1.00552        -1.0035    0.000161134
            745       -1.00171        -1.0035    0.000160936
            746       -1.00662        -1.0035    0.000160775
            747       -1.00254        -1.0035    0.000160564
            748      -0.999248        -1.0035     0.00016045
            749        -1.0037        -1.0035    0.000160236
            750       -1.00362        -1.0035    0.000160023
            751      -0.991324       -1.00348    0.000160629
            752       -1.00667       -1.00349    0.000160472
            753       -1.00092       -1.00348    0.000160295
            754       -1.00797       -1.00349    0.000160192
            755       -1.00625       -1.00349    0.000160022
            756        -1.0091        -1.0035    0.000159982
            757      -0.998854       -1.00349    0.000159888
            758       -1.00032       -1.00349    0.000159732
            759       -1.00687       -1.00349    0.000159584
            760      -0.996992       -1.00348    0.000159603
            761       -1.00304       -1.00348    0.000159394
            762       -1.00601       -1.00349    0.000159219
            763       -1.00657       -1.00349    0.000159062
            764       -1.00533       -1.00349    0.000158872
            765       -1.00475        -1.0035    0.000158672
            766      -0.993489       -1.00348    0.000159003
            767       -1.00056       -1.00348    0.000158841
            768       -1.00095       -1.00348    0.000158668
            769      -0.997728       -1.00347    0.000158638
            770      -0.994572       -1.00346    0.000158853
            771       -1.00873       -1.00346    0.000158794
            772       -1.00339       -1.00346    0.000158588
            773       -1.00291       -1.00346    0.000158384
            774       -1.00393       -1.00346    0.000158181
            775       -1.00175       -1.00346    0.000157992
            776       -1.00832       -1.00347    0.000157912
            777       -1.00609       -1.00347    0.000157745
            778       -1.00167       -1.00347    0.000157559
            779       -1.00703       -1.00347    0.000157423
            780       -1.00185       -1.00347    0.000157235
            781       -1.00627       -1.00347    0.000157075
            782       -1.01085       -1.00348    0.000157157
            783       -1.00633       -1.00349    0.000156998
            784       -1.01068        -1.0035    0.000157066
            785       -1.00752        -1.0035    0.000156949
            786       -1.00654       -1.00351    0.000156797
            787       -1.00173        -1.0035    0.000156614
            788        -1.0078       -1.00351     0.00015651
            789       -1.00947       -1.00352    0.000156494
            790       -1.00032       -1.00351    0.000156349
            791       -1.00099       -1.00351    0.000156183
            792       -1.00434       -1.00351    0.000155989
            793       -1.00386       -1.00351    0.000155793
            794       -1.00639       -1.00351    0.000155639
            795      -0.994791        -1.0035     0.00015583
            796       -1.00486        -1.0035    0.000155644
            797       -1.00634       -1.00351    0.000155489
            798        -1.0097       -1.00352    0.000155487
            799       -1.00235       -1.00351      0.0001553
            800      -0.989608        -1.0035    0.000156076
            801       -1.00583        -1.0035    0.000155909
            802       -1.00736        -1.0035    0.000155788
            803       -1.01039       -1.00351     0.00015583
            804      -0.996105        -1.0035    0.000155909
            805       -1.00504       -1.00351    0.000155727
            806      -0.999678        -1.0035    0.000155606
            807      -0.998566        -1.0035    0.000155533
            808      -0.997769       -1.00349    0.000155502
            809      -0.997917       -1.00348    0.000155463
            810       -1.00154       -1.00348    0.000155289
            811       -1.00284       -1.00348      0.0001551
            812       -1.00723       -1.00348    0.000154977
            813       -1.00582       -1.00349    0.000154813
            814       -1.00833       -1.00349    0.000154738
            815       -1.00259       -1.00349    0.000154552
            816      -0.993288       -1.00348    0.000154868
            817      -0.996524       -1.00347    0.000154912
            818      -0.998531       -1.00346     0.00015484
            819       -1.00185       -1.00346    0.000154664
            820        -1.0094       -1.00347    0.000154645
            821       -1.00698       -1.00347    0.000154515
            822       -1.00777       -1.00348    0.000154415
            823       -1.00888       -1.00348    0.000154367
            824      -0.992835       -1.00347    0.000154721
            825       -0.98222       -1.00345    0.000156665
            826       -1.00519       -1.00345     0.00015649
            827       -1.00276       -1.00345    0.000156303
            828       -1.00092       -1.00344    0.000156143
            829       -1.00633       -1.00345    0.000155994
            830      -0.998129       -1.00344    0.000155937
            831       -1.00671       -1.00345    0.000155799
            832       -1.00111       -1.00344    0.000155637
            833       -1.00274       -1.00344    0.000155453
            834      -0.999132       -1.00344    0.000155352
            835       -1.00081       -1.00343    0.000155198
            836      -0.993122       -1.00342    0.000155502
            837       -1.00344       -1.00342    0.000155316
            838      -0.998617       -1.00342    0.000155236
            839      -0.998528       -1.00341    0.000155161
            840      -0.999235        -1.0034    0.000155055
            841       -1.00666       -1.00341    0.000154919
            842       -1.00256       -1.00341    0.000154739
            843      -0.998356        -1.0034    0.000154671
            844       -1.00005        -1.0034    0.000154539
            845        -1.0038        -1.0034    0.000154357
            846      -0.996315       -1.00339    0.000154401
            847       -1.00076       -1.00339     0.00015425
            848       -1.00454       -1.00339    0.000154074
            849       -1.00134       -1.00339    0.000153911
            850        -1.0055       -1.00339     0.00015375
            851        -1.0027       -1.00339    0.000153572
            852       -0.99437       -1.00338    0.000153756
            853       -1.00298       -1.00338    0.000153576
            854       -1.00618       -1.00338    0.000153432
            855       -1.00613       -1.00338    0.000153286
            856      -0.998464       -1.00338    0.000153214
            857        -1.0064       -1.00338    0.000153076
            858       -1.00997       -1.00339    0.000153091
            859      -0.999411       -1.00338    0.000152982
            860       -1.00632       -1.00339    0.000152842
            861        -1.0028       -1.00339    0.000152666
            862       -1.00797       -1.00339    0.000152582
            863       -1.00419       -1.00339    0.000152408
            864      -0.998312       -1.00339    0.000152345
            865      -0.999582       -1.00338    0.000152232
            866       -1.00571       -1.00338     0.00015208
            867       -1.00275       -1.00338    0.000151906
            868       -1.00143       -1.00338    0.000151748
            869       -1.00353       -1.00338    0.000151573
            870       -1.00516       -1.00338    0.000151413
            871        -1.0061       -1.00339    0.000151271
            872       -1.00801       -1.00339     0.00015119
            873       -1.00038       -1.00339    0.000151056
            874       -1.00878        -1.0034     0.00015101
            875       -1.00684        -1.0034    0.000150889
            876       -1.00924       -1.00341    0.000150864
            877       -1.00624       -1.00341    0.000150726
            878      -0.995976        -1.0034    0.000150792
            879       -1.00182        -1.0034    0.000150631
            880       -1.00613        -1.0034    0.000150492
            881       -1.01043       -1.00341    0.000150533
            882       -1.00578       -1.00341    0.000150386
            883       -1.00999       -1.00342      0.0001504
            884       -1.01159       -1.00343    0.000150514
            885      -0.998671       -1.00342    0.000150439
            886       -1.00135       -1.00342    0.000150288
            887       -1.00689       -1.00343    0.000150169
            888       -1.00364       -1.00343        0.00015
            889       -1.00939       -1.00343    0.000149981
            890       -1.00545       -1.00343     0.00014983
            891       -1.00566       -1.00344    0.000149682
            892       -1.00453       -1.00344    0.000149519
            893      -0.993459       -1.00343    0.000149769
            894         -1.006       -1.00343    0.000149629
            895       -1.00267       -1.00343    0.000149465
            896       -1.00846       -1.00343    0.000149403
            897       -1.00777       -1.00344    0.000149315
            898       -1.00009       -1.00344    0.000149195
            899       -1.00359       -1.00344    0.000149029
            900      -0.994455       -1.00343    0.000149198
            901       -1.00421       -1.00343    0.000149035
            902       -1.00946       -1.00343    0.000149019
            903       -1.00722       -1.00344    0.000148913
            904       -1.00901       -1.00344    0.000148876
            905       -1.00638       -1.00345    0.000148747
            906       -1.00402       -1.00345    0.000148584
            907       -1.00924       -1.00345    0.000148557
            908       -1.00812       -1.00346    0.000148483
            909       -1.00685       -1.00346    0.000148366
            910       -1.00629       -1.00347    0.000148236
            911       -1.00217       -1.00346    0.000148079
            912       -1.00095       -1.00346    0.000147943
            913      -0.999508       -1.00346    0.000147844
            914       -1.00878       -1.00346    0.000147797
            915       -1.01256       -1.00347     0.00014797
            916       -1.00643       -1.00348    0.000147844
            917      -0.998977       -1.00347    0.000147764
            918       -1.00203       -1.00347    0.000147611
            919       -1.00055       -1.00347    0.000147485
            920      -0.997813       -1.00346    0.000147452
            921      -0.997439       -1.00345    0.000147437
            922      -0.999872       -1.00345    0.000147328
            923      -0.999793       -1.00345    0.000147222
            924       -1.00499       -1.00345    0.000147072
            925       -1.00467       -1.00345    0.000146919
            926       -1.00519       -1.00345    0.000146772
            927       -1.00504       -1.00345    0.000146624
            928       -1.00774       -1.00346    0.000146539
            929       -1.00883       -1.00346    0.000146495
            930       -1.00849       -1.00347    0.000146438
            931       -1.00781       -1.00347    0.000146354
            932       -1.00624       -1.00348    0.000146228
            933       -1.00005       -1.00347    0.000146117
            934       -1.00345       -1.00347     0.00014596
            935        -1.0088       -1.00348    0.000145916
            936       -1.00849       -1.00348    0.000145858
            937        -1.0038       -1.00348    0.000145702
            938       -1.00118       -1.00348    0.000145568
            939       -1.00577       -1.00348    0.000145433
            940      -0.996237       -1.00348    0.000145483
            941       -1.00663       -1.00348    0.000145367
            942       -1.00448       -1.00348    0.000145216
            943       -1.00952       -1.00349    0.000145203
            944       -1.00305       -1.00349     0.00014505
            945       -1.00109       -1.00348    0.000144919
            946       -1.00295       -1.00348    0.000144766
            947       -1.00587       -1.00349    0.000144635
            948       -1.00336       -1.00349    0.000144483
            949       -1.00405       -1.00349    0.000144332
            950      -0.996273       -1.00348     0.00014438
            951       -1.01008       -1.00349    0.000144395
            952       -1.00023       -1.00348    0.000144283
            953      -0.997893       -1.00348    0.000144251
            954       -1.00609       -1.00348    0.000144126
            955       -1.00459       -1.00348     0.00014398
            956      -0.998731       -1.00348    0.000143915
            957       -1.00017       -1.00347    0.000143806
            958       -1.00445       -1.00347    0.000143659
            959       -1.00584       -1.00348    0.000143531
            960       -1.00629       -1.00348    0.000143411
            961       -1.00217       -1.00348    0.000143268
            962       -1.00369       -1.00348    0.000143119
            963      -0.999356       -1.00347    0.000143035
            964       -1.01225       -1.00348    0.000143176
            965       -1.00591       -1.00348     0.00014305
            966      -0.999989       -1.00348    0.000142947
            967      -0.994881       -1.00347    0.000143076
            968       -1.00675       -1.00348    0.000142968
            969       -1.00074       -1.00347    0.000142849
            970       -1.00536       -1.00347    0.000142715
            971       -1.00374       -1.00348    0.000142568
            972      -0.996944       -1.00347    0.000142579
            973        -1.0043       -1.00347    0.000142435
            974       -0.99823       -1.00346    0.000142391
            975       -1.00667       -1.00347    0.000142283
            976       -1.00914       -1.00347    0.000142256
            977       -0.99824       -1.00347    0.000142211
            978       -1.00551       -1.00347    0.000142081
            979       -1.00571       -1.00347    0.000141954
            980       -1.00919       -1.00348    0.000141929
            981      -0.999767       -1.00347    0.000141834
            982      -0.998572       -1.00347    0.000141778
            983       -1.00722       -1.00347    0.000141685
            984       -1.00419       -1.00347    0.000141543
            985        -1.0079       -1.00348     0.00014147
            986       -1.00082       -1.00348    0.000141352
            987       -1.00897       -1.00348    0.000141319
            988       -1.00888       -1.00349    0.000141281
            989      -0.996195       -1.00348    0.000141331
            990       -1.00017       -1.00348    0.000141228
            991       -1.00125       -1.00347    0.000141103
            992       -1.01049       -1.00348    0.000141138
            993       -1.00432       -1.00348    0.000140998
            994       -1.00607       -1.00348     0.00014088
            995       -1.00646       -1.00349     0.00014077
            996       -1.00191       -1.00349    0.000140638
            997       -1.00464       -1.00349    0.000140501
            998      -0.993379       -1.00348    0.000140726
            999       -1.00107       -1.00347    0.000140605
           1000      -0.993402       -1.00346    0.000140825
