            0.5           1000          20000              0
              1      -0.960844      -0.960844              0
              2      -0.965024      -0.962934        0.00209
              3      -0.966568      -0.964145     0.00170978
              4      -0.972504      -0.966235     0.00241421
              5      -0.963168      -0.965622     0.00196807
              6       -0.97086      -0.966495     0.00182878
              7      -0.973624      -0.967513     0.00185099
              8      -0.978336      -0.968866     0.00209758
              9      -0.971416      -0.969149     0.00187147
             10      -0.976788      -0.969913     0.00183995
             11      -0.971244      -0.970034     0.00166869
             12      -0.971252      -0.970136     0.00152667
             13      -0.973548      -0.970398     0.00142865
             14      -0.971688       -0.97049     0.00132588
             15       -0.97502      -0.970792     0.00127073
             16      -0.973288      -0.970948     0.00119885
             17      -0.976972      -0.971303     0.00118056
             18      -0.973384      -0.971418     0.00111903
             19        -0.9694      -0.971312     0.00106381
             20      -0.975816      -0.971537     0.00103404
             21      -0.973296      -0.971621    0.000987129
             22      -0.981788      -0.972083     0.00104853
             23      -0.970548      -0.972016     0.00100412
             24      -0.973256      -0.972068    0.000962762
             25      -0.978212      -0.972314    0.000955592
             26      -0.974292       -0.97239    0.000921251
             27        -0.9697       -0.97229    0.000892054
             28      -0.975716      -0.972413    0.000868269
             29      -0.967772      -0.972253    0.000852939
             30      -0.969248      -0.972152    0.000830081
             31      -0.965816      -0.971948    0.000828468
             32      -0.974976      -0.972043    0.000807723
             33       -0.97414      -0.972106     0.00078544
             34      -0.975944      -0.972219    0.000770303
             35      -0.973688      -0.972261    0.000749148
             36      -0.980576      -0.972492      0.0007638
             37      -0.979944      -0.972693    0.000769688
             38      -0.977904      -0.972831    0.000761605
             39      -0.972676      -0.972827     0.00074183
             40      -0.980072      -0.973008    0.000745391
             41      -0.963184      -0.972768     0.00076545
             42      -0.983532      -0.973024    0.000789743
             43      -0.976508      -0.973105    0.000775402
             44      -0.970056      -0.973036    0.000760738
             45      -0.964844      -0.972854    0.000765599
             46      -0.967212      -0.972731     0.00075875
             47       -0.97542      -0.972789    0.000744631
             48      -0.978544      -0.972908    0.000738749
             49      -0.975052      -0.972952    0.000724836
             50      -0.974232      -0.972978    0.000710653
             51      -0.979972      -0.973115    0.000709951
             52      -0.974064      -0.973133    0.000696403
             53      -0.978532      -0.973235     0.00069069
             54       -0.97834       -0.97333     0.00068434
             55      -0.975936      -0.973377    0.000673451
             56      -0.974644        -0.9734    0.000661703
             57      -0.983432      -0.973576    0.000673399
             58       -0.96712      -0.973464    0.000670983
             59      -0.979436      -0.973566    0.000667233
             60      -0.979736      -0.973668     0.00066403
             61      -0.974628      -0.973684    0.000653243
             62      -0.965764      -0.973556    0.000655195
             63       -0.96728      -0.973457    0.000652363
             64      -0.977936      -0.973527    0.000645892
             65      -0.972824      -0.973516    0.000635969
             66      -0.971344      -0.973483    0.000627123
             67      -0.973272       -0.97348    0.000617701
             68      -0.970188      -0.973431    0.000610471
             69       -0.97462      -0.973449    0.000601805
             70       -0.97716      -0.973502    0.000595511
             71      -0.973104      -0.973496     0.00058709
             72      -0.975352      -0.973522    0.000579452
             73       -0.97058      -0.973482    0.000572879
             74      -0.973036      -0.973476    0.000565116
             75       -0.97708      -0.973524    0.000559598
             76       -0.97704       -0.97357    0.000554121
             77       -0.96748      -0.973491    0.000552566
             78      -0.978032      -0.973549    0.000548535
             79      -0.972024       -0.97353    0.000541891
             80      -0.975508      -0.973554    0.000535645
             81      -0.974048      -0.973561    0.000529026
             82       -0.96828      -0.973496    0.000526488
             83      -0.975368      -0.973519    0.000520595
             84       -0.97816      -0.973574    0.000517319
             85      -0.976024      -0.973603    0.000512009
             86      -0.978416      -0.973659    0.000509106
             87      -0.973196      -0.973653    0.000503248
             88       -0.97388      -0.973656    0.000497503
             89      -0.975936      -0.973682    0.000492548
             90      -0.973212      -0.973676    0.000487072
             91      -0.976828      -0.973711    0.000482934
             92      -0.984136      -0.973824    0.000490913
             93      -0.973664      -0.973823    0.000485608
             94      -0.973556       -0.97382    0.000480423
             95       -0.97776      -0.973861    0.000477145
             96      -0.984468      -0.973972    0.000484904
             97      -0.971708      -0.973948    0.000480446
             98      -0.975352      -0.973963    0.000475734
             99      -0.973436      -0.973957    0.000470934
            100      -0.976112      -0.973979    0.000466698
            101       -0.97124      -0.973952    0.000462849
            102      -0.966776      -0.973881    0.000463658
            103       -0.97364      -0.973879     0.00045914
            104      -0.976404      -0.973903    0.000455351
            105       -0.97778       -0.97394    0.000452503
            106      -0.967308      -0.973878     0.00045256
            107       -0.97392      -0.973878     0.00044831
            108      -0.979308      -0.973928    0.000446976
            109      -0.964632      -0.973843    0.000450995
            110      -0.970392      -0.973812    0.000447976
            111      -0.972024      -0.973796    0.000444214
            112      -0.977636       -0.97383    0.000441563
            113      -0.977276       -0.97386    0.000438699
            114       -0.97568      -0.973876    0.000435127
            115      -0.967928      -0.973825    0.000434417
            116      -0.970244      -0.973794     0.00043176
            117      -0.981812      -0.973862    0.000433506
            118      -0.972196      -0.973848    0.000430048
            119      -0.979156      -0.973893    0.000428745
            120      -0.970024      -0.973861    0.000426378
            121      -0.980392      -0.973915    0.000426271
            122      -0.970624      -0.973888    0.000423622
            123       -0.97514      -0.973898    0.000420287
            124       -0.98188      -0.973962    0.000421825
            125      -0.970744      -0.973936    0.000419228
            126      -0.971908       -0.97392    0.000416199
            127      -0.973324      -0.973916    0.000412935
            128      -0.979648       -0.97396    0.000412137
            129       -0.97572      -0.973974    0.000409157
            130      -0.979904       -0.97402    0.000408552
            131      -0.972244      -0.974006    0.000405648
            132      -0.973248         -0.974    0.000402604
            133      -0.977068      -0.974023     0.00040023
            134      -0.975304      -0.974033    0.000397347
            135      -0.965132      -0.973967    0.000399866
            136      -0.969228      -0.973932    0.000398442
            137        -0.9797      -0.973974    0.000397757
            138      -0.981452      -0.974028    0.000398565
            139      -0.978224      -0.974059    0.000396837
            140      -0.977632      -0.974084    0.000394818
            141      -0.969344      -0.974051    0.000393447
            142      -0.982672      -0.974111    0.000395356
            143      -0.976232      -0.974126    0.000392861
            144      -0.978612      -0.974157    0.000391365
            145      -0.970768      -0.974134    0.000389359
            146      -0.979772      -0.974173    0.000388607
            147      -0.980628      -0.974216    0.000388444
            148      -0.971856        -0.9742     0.00038614
            149      -0.974752      -0.974204    0.000383558
            150       -0.97798      -0.974229    0.000381823
            151       -0.97082      -0.974207    0.000379957
            152      -0.982608      -0.974262    0.000381475
            153      -0.978376      -0.974289    0.000379926
            154      -0.975144      -0.974294    0.000377492
            155      -0.967344       -0.97425    0.000377719
            156      -0.970244      -0.974224    0.000376168
            157      -0.975336      -0.974231    0.000373831
            158      -0.978396      -0.974257    0.000372392
            159      -0.981692      -0.974304    0.000372985
            160        -0.9704       -0.97428    0.000371449
            161       -0.97808      -0.974303    0.000369888
            162      -0.973268      -0.974297    0.000367653
            163       -0.97756      -0.974317    0.000365939
            164      -0.974984      -0.974321    0.000363723
            165      -0.977244      -0.974339    0.000361946
            166      -0.977928       -0.97436    0.000360408
            167      -0.975332      -0.974366    0.000358291
            168      -0.974496      -0.974367    0.000356153
            169      -0.970268      -0.974343    0.000354869
            170      -0.976036      -0.974353    0.000352916
            171      -0.973384      -0.974347    0.000350891
            172       -0.97236      -0.974335    0.000349037
            173      -0.975728      -0.974344    0.000347107
            174      -0.961584       -0.97427    0.000352811
            175       -0.97342      -0.974265    0.000350823
            176      -0.969584      -0.974239    0.000349836
            177      -0.968788      -0.974208    0.000349215
            178      -0.979148      -0.974236    0.000348355
            179      -0.974548      -0.974237    0.000346407
            180      -0.982916      -0.974286    0.000347835
            181       -0.97364      -0.974282    0.000345927
            182      -0.974368      -0.974283    0.000344021
            183       -0.97392      -0.974281    0.000342142
            184       -0.98088      -0.974316    0.000342162
            185      -0.981216      -0.974354    0.000342345
            186      -0.976408      -0.974365    0.000340679
            187      -0.978772      -0.974388     0.00033967
            188      -0.971428      -0.974373    0.000338226
            189      -0.969236      -0.974345    0.000337527
            190      -0.977652      -0.974363    0.000336197
            191      -0.972292      -0.974352    0.000334608
            192      -0.982464      -0.974394    0.000335531
            193      -0.972552      -0.974385    0.000333925
            194      -0.975356       -0.97439    0.000332237
            195       -0.97872      -0.974412    0.000331273
            196      -0.965004      -0.974364    0.000333056
            197       -0.96914      -0.974337     0.00033242
            198      -0.977096      -0.974351    0.000331031
            199      -0.971952      -0.974339    0.000329583
            200      -0.970432       -0.97432    0.000328513
            201      -0.970332        -0.9743    0.000327476
            202      -0.976392       -0.97431    0.000326015
            203      -0.972324        -0.9743    0.000324553
            204      -0.973584      -0.974297    0.000322977
            205      -0.968728       -0.97427    0.000322544
            206      -0.978756      -0.974292    0.000321712
            207      -0.972628      -0.974284    0.000320255
            208      -0.967436      -0.974251    0.000320407
            209      -0.972708      -0.974243    0.000318956
            210       -0.96826      -0.974215     0.00031871
            211      -0.970256      -0.974196     0.00031775
            212      -0.976476      -0.974207     0.00031643
            213      -0.974776      -0.974209    0.000314953
            214       -0.97354      -0.974206    0.000313493
            215      -0.979028      -0.974229    0.000312836
            216      -0.977876      -0.974246    0.000311842
            217      -0.981624       -0.97428    0.000312259
            218       -0.97626      -0.974289    0.000310956
            219        -0.9743      -0.974289    0.000309532
            220      -0.979756      -0.974314    0.000309123
            221      -0.983144      -0.974354    0.000310304
            222      -0.976032      -0.974361    0.000308996
            223       -0.97344      -0.974357    0.000307635
            224       -0.97366      -0.974354    0.000306274
            225      -0.974216      -0.974353     0.00030491
            226      -0.977912      -0.974369    0.000303966
            227      -0.975656      -0.974375    0.000302678
            228      -0.967632      -0.974345    0.000302795
            229      -0.976456      -0.974354     0.00030161
            230      -0.976192      -0.974362    0.000300403
            231       -0.97226      -0.974353    0.000299238
            232      -0.971516      -0.974341    0.000298196
            233      -0.969992      -0.974322    0.000297499
            234      -0.977996      -0.974338    0.000296641
            235      -0.961384      -0.974283    0.000300476
            236      -0.973864      -0.974281    0.000299205
            237      -0.971092      -0.974268    0.000298244
            238      -0.979084      -0.974288    0.000297677
            239      -0.975784      -0.974294    0.000296494
            240       -0.98308      -0.974331    0.000297517
            241      -0.971104      -0.974317    0.000296583
            242      -0.978752      -0.974336    0.000295922
            243       -0.97268      -0.974329    0.000294781
            244      -0.974088      -0.974328    0.000293572
            245      -0.975916      -0.974334    0.000292443
            246      -0.980912      -0.974361    0.000292477
            247      -0.972216      -0.974352     0.00029142
            248      -0.970872      -0.974338    0.000290581
            249      -0.975356      -0.974342    0.000289441
            250      -0.977928      -0.974357    0.000288637
            251      -0.974304      -0.974357    0.000287485
            252      -0.978608      -0.974373    0.000286838
            253      -0.981396      -0.974401    0.000287048
            254      -0.969096       -0.97438    0.000286677
            255      -0.970228      -0.974364    0.000286015
            256      -0.980312      -0.974387    0.000285841
            257      -0.978716      -0.974404    0.000285224
            258      -0.975292      -0.974408    0.000284138
            259      -0.981044      -0.974433    0.000284196
            260      -0.968396       -0.97441    0.000284051
            261      -0.978452      -0.974425    0.000283384
            262      -0.967728        -0.9744    0.000283456
            263      -0.977488      -0.974412     0.00028262
            264      -0.975048      -0.974414    0.000281558
            265      -0.966196      -0.974383    0.000282202
            266      -0.974392      -0.974383    0.000281139
            267      -0.966788      -0.974355    0.000281525
            268      -0.974568      -0.974355    0.000280474
            269      -0.972284      -0.974348    0.000279535
            270      -0.983288      -0.974381     0.00028046
            271      -0.970556      -0.974367    0.000279779
            272      -0.974308      -0.974367    0.000278749
            273      -0.975744      -0.974372    0.000277772
            274      -0.978308      -0.974386    0.000277129
            275        -0.9728       -0.97438    0.000276179
            276      -0.985208      -0.974419    0.000277959
            277      -0.969464      -0.974402    0.000277531
            278      -0.976288      -0.974408    0.000276614
            279      -0.969212       -0.97439     0.00027625
            280       -0.98142      -0.974415    0.000276404
            281      -0.976064      -0.974421    0.000275481
            282      -0.978656      -0.974436    0.000274913
            283      -0.980264      -0.974456    0.000274713
            284      -0.980912      -0.974479    0.000274686
            285       -0.96844      -0.974458     0.00027454
            286      -0.976964      -0.974467    0.000273718
            287      -0.970156      -0.974452    0.000273176
            288      -0.979308      -0.974468    0.000272748
            289      -0.973848      -0.974466    0.000271811
            290      -0.972156      -0.974458    0.000270989
            291      -0.971104      -0.974447    0.000270302
            292      -0.975636      -0.974451    0.000269406
            293      -0.972104      -0.974443    0.000268604
            294      -0.977352      -0.974453    0.000267872
            295      -0.982488       -0.97448    0.000268348
            296      -0.981564      -0.974504    0.000268509
            297      -0.982288       -0.97453    0.000268883
            298      -0.971448       -0.97452    0.000268179
            299      -0.973376      -0.974516    0.000267308
            300      -0.973732      -0.974513    0.000266428
            301      -0.983292      -0.974542    0.000267139
            302      -0.973984      -0.974541    0.000266259
            303      -0.972416      -0.974534    0.000265471
            304      -0.979164      -0.974549    0.000265035
            305      -0.975916      -0.974553    0.000264202
            306      -0.968236      -0.974533    0.000264146
            307       -0.97002      -0.974518    0.000263694
            308      -0.972304      -0.974511    0.000262934
            309       -0.97002      -0.974496    0.000262485
            310      -0.967456      -0.974474    0.000262621
            311       -0.97338       -0.97447    0.000261798
            312      -0.976608      -0.974477    0.000261048
            313      -0.977348      -0.974486    0.000260374
            314      -0.975832       -0.97449    0.000259579
            315      -0.982296      -0.974515    0.000259937
            316      -0.976032       -0.97452    0.000259158
            317      -0.978576      -0.974533    0.000258656
            318       -0.96856      -0.974514    0.000258524
            319      -0.972788      -0.974509    0.000257769
            320      -0.973556      -0.974506     0.00025698
            321      -0.975056      -0.974507    0.000256184
            322      -0.965712       -0.97448    0.000256843
            323      -0.977196      -0.974488    0.000256185
            324       -0.97282      -0.974483    0.000255445
            325      -0.967468      -0.974462    0.000255571
            326      -0.977888      -0.974472    0.000255003
            327       -0.97514      -0.974474     0.00025423
            328      -0.985364      -0.974507    0.000255619
            329      -0.974916      -0.974509    0.000254844
            330      -0.972628      -0.974503    0.000254134
            331      -0.976968       -0.97451    0.000253475
            332      -0.974188      -0.974509    0.000252712
            333        -0.9797      -0.974525    0.000252434
            334      -0.967476      -0.974504     0.00025256
            335      -0.974564      -0.974504    0.000251805
            336      -0.978356      -0.974516    0.000251316
            337      -0.969884      -0.974502    0.000250946
            338      -0.975644      -0.974505    0.000250225
            339      -0.975856      -0.974509    0.000249518
            340      -0.981832      -0.974531    0.000249713
            341      -0.975212      -0.974533    0.000248988
            342      -0.962356      -0.974497    0.000250799
            343      -0.981668      -0.974518    0.000250939
            344       -0.97358      -0.974515    0.000250223
            345      -0.978676      -0.974527    0.000249788
            346      -0.968968      -0.974511    0.000249583
            347        -0.9742       -0.97451    0.000248864
            348      -0.969364      -0.974496    0.000248589
            349       -0.97694      -0.974503    0.000247974
            350      -0.973256      -0.974499     0.00024729
            351      -0.978476       -0.97451    0.000246845
            352      -0.975716      -0.974514    0.000246167
            353      -0.974352      -0.974513    0.000245469
            354      -0.979252      -0.974527     0.00024514
            355      -0.971072      -0.974517    0.000244642
            356      -0.975272      -0.974519    0.000243963
            357      -0.968336      -0.974502    0.000243895
            358      -0.972952      -0.974497    0.000243251
            359      -0.974732      -0.974498    0.000242573
            360      -0.980484      -0.974515    0.000242469
            361      -0.976116      -0.974519    0.000241837
            362      -0.970468      -0.974508    0.000241428
            363      -0.972492      -0.974502    0.000240826
            364      -0.969356      -0.974488    0.000240579
            365      -0.981052      -0.974506    0.000240592
            366      -0.969848      -0.974494    0.000240271
            367       -0.97078      -0.974483    0.000239829
            368      -0.977584      -0.974492    0.000239325
            369      -0.974112      -0.974491    0.000238678
            370      -0.967232      -0.974471    0.000238839
            371      -0.976468      -0.974477    0.000238255
            372       -0.97484      -0.974478    0.000237616
            373      -0.964896      -0.974452    0.000238366
            374      -0.976004      -0.974456    0.000237764
            375      -0.977224      -0.974463    0.000237244
            376      -0.974152      -0.974463    0.000236614
            377      -0.969056      -0.974448    0.000236421
            378      -0.962452      -0.974416     0.00023792
            379      -0.978148      -0.974426    0.000237496
            380       -0.97272      -0.974422    0.000236913
            381      -0.979796      -0.974436    0.000236711
            382       -0.97586       -0.97444     0.00023612
            383       -0.96744      -0.974421     0.00023621
            384      -0.966472      -0.974401    0.000236502
            385      -0.980516      -0.974417    0.000236421
            386      -0.980068      -0.974431    0.000236262
            387       -0.96612       -0.97441    0.000236627
            388      -0.978084      -0.974419    0.000236207
            389       -0.97136      -0.974411     0.00023573
            390      -0.983152      -0.974434     0.00023619
            391      -0.964572      -0.974409    0.000236932
            392      -0.973252      -0.974406    0.000236345
            393      -0.977328      -0.974413     0.00023586
            394      -0.978972      -0.974425    0.000235545
            395      -0.970228      -0.974414    0.000235188
            396      -0.971972      -0.974408    0.000234675
            397      -0.979788      -0.974421    0.000234475
            398      -0.973592      -0.974419    0.000233894
            399      -0.965728      -0.974397    0.000234322
            400      -0.969892      -0.974386    0.000234007
            401      -0.970944      -0.974378     0.00023358
            402      -0.983836      -0.974401    0.000234183
            403       -0.97074      -0.974392    0.000233778
            404       -0.98178       -0.97441    0.000233914
            405        -0.9805      -0.974425     0.00023382
            406      -0.971848      -0.974419     0.00023333
            407       -0.98376      -0.974442    0.000233885
            408      -0.976892      -0.974448    0.000233388
            409      -0.979072      -0.974459    0.000233091
            410       -0.97298      -0.974456     0.00023255
            411      -0.968176       -0.97444    0.000232486
            412      -0.979328      -0.974452    0.000232224
            413      -0.978464      -0.974462    0.000231865
            414      -0.974644      -0.974462    0.000231304
            415      -0.973716      -0.974461    0.000230753
            416      -0.977492      -0.974468    0.000230313
            417      -0.973604      -0.974466     0.00022977
            418      -0.975292      -0.974468    0.000229228
            419      -0.984068      -0.974491    0.000229825
            420      -0.976832      -0.974496    0.000229345
            421      -0.970604      -0.974487    0.000228986
            422       -0.97752      -0.974494    0.000228556
            423      -0.971708      -0.974488     0.00022811
            424       -0.97458      -0.974488    0.000227572
            425       -0.97756      -0.974495    0.000227151
            426        -0.9711      -0.974487    0.000226757
            427      -0.969832      -0.974476    0.000226488
            428      -0.971368      -0.974469    0.000226075
            429      -0.978348      -0.974478    0.000225728
            430      -0.976428      -0.974483    0.000225248
            431      -0.973104      -0.974479    0.000224748
            432       -0.97956      -0.974491    0.000224535
            433       -0.96782      -0.974476    0.000224545
            434      -0.970936      -0.974468    0.000224176
            435      -0.973932      -0.974466    0.000223663
            436      -0.970172      -0.974456    0.000223367
            437       -0.97502      -0.974458    0.000222859
            438      -0.970656      -0.974449    0.000222519
            439      -0.970892      -0.974441    0.000222159
            440      -0.976864      -0.974447    0.000221722
            441      -0.965432      -0.974426    0.000222161
            442      -0.970916      -0.974418      0.0002218
            443      -0.979252      -0.974429    0.000221568
            444      -0.975156      -0.974431    0.000221074
            445       -0.96382      -0.974407    0.000221862
            446      -0.976516      -0.974412    0.000221414
            447      -0.976316      -0.974416     0.00022096
            448      -0.977284      -0.974422    0.000220559
            449      -0.972336      -0.974418    0.000220116
            450       -0.97796      -0.974425    0.000219767
            451      -0.978728      -0.974435    0.000219487
            452      -0.976272      -0.974439    0.000219038
            453      -0.966356      -0.974421    0.000219282
            454      -0.969552       -0.97441    0.000219061
            455       -0.97184      -0.974405    0.000218652
            456      -0.970216      -0.974396    0.000218365
            457      -0.968864      -0.974384    0.000218223
            458       -0.97662      -0.974388      0.0002178
            459      -0.977768      -0.974396     0.00021745
            460      -0.976104        -0.9744    0.000217009
            461      -0.978156      -0.974408    0.000216691
            462      -0.968516      -0.974395    0.000216597
            463      -0.976068      -0.974399    0.000216159
            464      -0.975616      -0.974401    0.000215708
            465      -0.965484      -0.974382    0.000216097
            466      -0.976176      -0.974386    0.000215667
            467      -0.970368      -0.974377    0.000215376
            468        -0.9702      -0.974368    0.000215101
            469      -0.971508      -0.974362    0.000214728
            470      -0.973356       -0.97436    0.000214282
            471      -0.976756      -0.974365    0.000213887
            472      -0.972524      -0.974361    0.000213469
            473      -0.975624      -0.974364    0.000213034
            474      -0.978148      -0.974372    0.000212734
            475      -0.967228      -0.974357    0.000212817
            476      -0.973092      -0.974354    0.000212386
            477      -0.979972      -0.974366    0.000212268
            478      -0.975764      -0.974369    0.000211843
            479      -0.971768      -0.974363     0.00021147
            480      -0.978088      -0.974371    0.000211172
            481      -0.978356       -0.97438    0.000210895
            482      -0.972584      -0.974376     0.00021049
            483      -0.973076      -0.974373    0.000210071
            484      -0.978436      -0.974381    0.000209805
            485       -0.97772      -0.974388    0.000209485
            486      -0.973152      -0.974386    0.000209069
            487      -0.977648      -0.974393    0.000208747
            488      -0.976156      -0.974396     0.00020835
            489      -0.965348      -0.974378    0.000208745
            490      -0.963024      -0.974354    0.000209603
            491        -0.9733      -0.974352    0.000209187
            492      -0.973704      -0.974351    0.000208765
            493      -0.964656      -0.974331    0.000209267
            494      -0.979464      -0.974342    0.000209102
            495      -0.973624       -0.97434    0.000208684
            496      -0.974404       -0.97434    0.000208263
            497      -0.962596      -0.974317    0.000209182
            498      -0.980992       -0.97433    0.000209192
            499      -0.979496      -0.974341    0.000209029
            500      -0.976668      -0.974345    0.000208662
            501       -0.97596      -0.974348     0.00020827
            502      -0.985268       -0.97437     0.00020899
            503       -0.96934       -0.97436    0.000208814
            504      -0.972592      -0.974357    0.000208428
            505       -0.96766      -0.974343    0.000208437
            506       -0.98058      -0.974356     0.00020839
            507      -0.971736      -0.974351    0.000208043
            508      -0.974572      -0.974351    0.000207633
            509      -0.971652      -0.974346    0.000207293
            510      -0.977376      -0.974352    0.000206971
            511      -0.977396      -0.974358    0.000206652
            512       -0.97212      -0.974353    0.000206294
            513      -0.966752      -0.974338    0.000206424
            514      -0.970424      -0.974331    0.000206163
            515      -0.975904      -0.974334    0.000205785
            516       -0.97162      -0.974329    0.000205453
            517      -0.970852      -0.974322    0.000205165
            518      -0.974456      -0.974322    0.000204769
            519      -0.976172      -0.974326    0.000204405
            520      -0.982628      -0.974342    0.000204635
            521       -0.97732      -0.974347    0.000204322
            522      -0.961728      -0.974323    0.000205358
            523      -0.966828      -0.974309    0.000205466
            524      -0.975504      -0.974311    0.000205086
            525      -0.982236      -0.974326    0.000205251
            526      -0.975108      -0.974328    0.000204866
            527      -0.978992      -0.974337    0.000204668
            528      -0.977324      -0.974342    0.000204358
            529      -0.976112      -0.974346    0.000203999
            530       -0.97596      -0.974349    0.000203636
            531      -0.971124      -0.974343    0.000203343
            532      -0.973644      -0.974341    0.000202965
            533      -0.977632      -0.974347    0.000202678
            534      -0.970272       -0.97434    0.000202442
            535      -0.976248      -0.974343    0.000202095
            536      -0.973404      -0.974342    0.000201725
            537      -0.984884      -0.974361    0.000202304
            538      -0.969564      -0.974352    0.000202124
            539      -0.979504      -0.974362    0.000201975
            540      -0.975588      -0.974364    0.000201613
            541      -0.960192      -0.974338    0.000202938
            542      -0.968896      -0.974328    0.000202812
            543      -0.978788      -0.974336    0.000202605
            544       -0.96794      -0.974324    0.000202574
            545         -0.972       -0.97432    0.000202247
            546      -0.971052      -0.974314    0.000201964
            547      -0.971508      -0.974309     0.00020166
            548      -0.973732      -0.974308    0.000201295
            549      -0.975728       -0.97431    0.000200944
            550       -0.97374      -0.974309    0.000200581
            551      -0.981632      -0.974323    0.000200657
            552      -0.967436       -0.97431    0.000200682
            553      -0.980388      -0.974321     0.00020062
            554      -0.963492      -0.974302    0.000201209
            555      -0.975668      -0.974304    0.000200861
            556      -0.977756       -0.97431    0.000200596
            557      -0.980724      -0.974322    0.000200566
            558       -0.97938      -0.974331    0.000200412
            559      -0.975648      -0.974333    0.000200067
            560        -0.9855      -0.974353    0.000200702
            561      -0.972136      -0.974349    0.000200383
            562      -0.973744      -0.974348    0.000200029
            563      -0.984324      -0.974366    0.000200458
            564      -0.977808      -0.974372    0.000200195
            565      -0.979036       -0.97438    0.000200011
            566      -0.981492      -0.974393    0.000200052
            567      -0.971496      -0.974388    0.000199765
            568       -0.97328      -0.974386    0.000199422
            569      -0.970344      -0.974379    0.000199198
            570      -0.977168      -0.974384    0.000198908
            571      -0.974652      -0.974384     0.00019856
            572       -0.97222       -0.97438    0.000198249
            573      -0.978804      -0.974388    0.000198053
            574      -0.973388      -0.974386    0.000197716
            575      -0.972564      -0.974383    0.000197397
            576      -0.976204      -0.974386    0.000197079
            577        -0.9779      -0.974392    0.000196832
            578      -0.973616      -0.974391    0.000196495
            579       -0.97846      -0.974398    0.000196282
            580       -0.97228      -0.974394    0.000195977
            581      -0.977396        -0.9744    0.000195707
            582      -0.962348      -0.974379    0.000196465
            583       -0.97038      -0.974372    0.000196248
            584      -0.969868      -0.974364    0.000196063
            585      -0.975104      -0.974366    0.000195732
            586      -0.976984       -0.97437    0.000195449
            587        -0.9662      -0.974356    0.000195611
            588      -0.973852      -0.974355     0.00019528
            589        -0.9763      -0.974359    0.000194976
            590      -0.970212      -0.974351    0.000194772
            591      -0.970124      -0.974344    0.000194574
            592      -0.972012       -0.97434    0.000194285
            593       -0.97042      -0.974334     0.00019407
            594      -0.977148      -0.974339    0.000193801
            595      -0.972328      -0.974335    0.000193504
            596      -0.967672      -0.974324    0.000193503
            597      -0.973284      -0.974322    0.000193186
            598      -0.974948      -0.974323    0.000192866
            599      -0.974512      -0.974324    0.000192544
            600      -0.978868      -0.974331    0.000192372
            601      -0.971724      -0.974327      0.0001921
            602      -0.972696      -0.974324      0.0001918
            603      -0.974496      -0.974324    0.000191482
            604      -0.970748      -0.974318    0.000191256
            605      -0.974236      -0.974318     0.00019094
            606       -0.97682      -0.974322    0.000190669
            607      -0.974152      -0.974322    0.000190355
            608      -0.981256      -0.974334    0.000190384
            609      -0.970424      -0.974327    0.000190179
            610      -0.969424      -0.974319    0.000190037
            611       -0.97632      -0.974322    0.000189754
            612      -0.974248      -0.974322    0.000189444
            613      -0.970048      -0.974315    0.000189263
            614      -0.977052       -0.97432    0.000189007
            615      -0.979452      -0.974328    0.000188884
            616      -0.986348      -0.974348    0.000189584
            617      -0.977656      -0.974353    0.000189352
            618       -0.97228       -0.97435    0.000189075
            619      -0.970776      -0.974344    0.000188858
            620      -0.978732      -0.974351    0.000188686
            621      -0.982388      -0.974364    0.000188826
            622       -0.96512      -0.974349    0.000189107
            623      -0.975244       -0.97435    0.000188809
            624      -0.969924      -0.974343    0.000188639
            625      -0.973704      -0.974342     0.00018834
            626      -0.973392      -0.974341    0.000188045
            627      -0.975768      -0.974343    0.000187759
            628      -0.975388      -0.974345    0.000187467
            629       -0.97418      -0.974345    0.000187169
            630       -0.98016      -0.974354    0.000187099
            631        -0.9676      -0.974343    0.000187109
            632      -0.973448      -0.974342    0.000186818
            633       -0.97588      -0.974344    0.000186538
            634       -0.97666      -0.974348     0.00018628
            635      -0.977876      -0.974353    0.000186069
            636      -0.976588      -0.974357     0.00018581
            637      -0.978164      -0.974363    0.000185614
            638      -0.971924      -0.974359    0.000185362
            639       -0.97714      -0.974363    0.000185123
            640      -0.976816      -0.974367    0.000184873
            641      -0.978296      -0.974373    0.000184686
            642      -0.977196      -0.974378    0.000184451
            643      -0.976988      -0.974382    0.000184209
            644      -0.978804      -0.974389     0.00018405
            645        -0.9725      -0.974386    0.000183788
            646      -0.971884      -0.974382    0.000183544
            647      -0.968204      -0.974372    0.000183509
            648      -0.969932      -0.974365    0.000183354
            649      -0.977788      -0.974371    0.000183147
            650      -0.971504      -0.974366    0.000182918
            651      -0.977352      -0.974371    0.000182694
            652      -0.973312      -0.974369    0.000182421
            653      -0.975856      -0.974371    0.000182156
            654      -0.979024      -0.974379    0.000182016
            655       -0.97102      -0.974373     0.00018181
            656      -0.977208      -0.974378    0.000181584
            657      -0.969376       -0.97437    0.000181468
            658      -0.969072      -0.974362     0.00018137
            659      -0.964732      -0.974347    0.000181684
            660      -0.975728       -0.97435     0.00018142
            661      -0.978636      -0.974356    0.000181262
            662      -0.971912      -0.974352    0.000181025
            663      -0.981524      -0.974363    0.000181075
            664      -0.971228      -0.974358    0.000180864
            665      -0.970748      -0.974353    0.000180674
            666      -0.976008      -0.974356    0.000180419
            667      -0.973212      -0.974354    0.000180157
            668       -0.96306      -0.974337    0.000180679
            669        -0.9749      -0.974338    0.000180411
            670      -0.968984       -0.97433    0.000180319
            671      -0.974648       -0.97433    0.000180051
            672      -0.973272      -0.974329    0.000179789
            673      -0.982896      -0.974341    0.000179973
            674      -0.974232      -0.974341    0.000179706
            675       -0.97892      -0.974348    0.000179567
            676       -0.96958      -0.974341     0.00017944
            677      -0.960492      -0.974321    0.000180339
            678      -0.973288      -0.974319    0.000180079
            679      -0.974024      -0.974319    0.000179814
            680      -0.960936      -0.974299    0.000180625
            681       -0.97642      -0.974302    0.000180386
            682      -0.980196      -0.974311    0.000180329
            683      -0.972848      -0.974308    0.000180077
            684      -0.968748        -0.9743    0.000179998
            685       -0.97676      -0.974304    0.000179771
            686       -0.96898      -0.974296    0.000179676
            687      -0.979708      -0.974304    0.000179587
            688      -0.976692      -0.974308     0.00017936
            689      -0.974888      -0.974308    0.000179101
            690      -0.976264      -0.974311    0.000178864
            691      -0.973292       -0.97431    0.000178611
            692      -0.968952      -0.974302     0.00017852
            693      -0.975644      -0.974304    0.000178273
            694      -0.981696      -0.974315    0.000178334
            695      -0.964384        -0.9743     0.00017865
            696      -0.977296      -0.974305    0.000178445
            697      -0.979736      -0.974312    0.000178359
            698      -0.975868      -0.974315    0.000178117
            699      -0.974016      -0.974314    0.000177863
            700      -0.976408      -0.974317    0.000177634
            701      -0.965528      -0.974305    0.000177823
            702      -0.973744      -0.974304    0.000177571
            703      -0.977696      -0.974309    0.000177384
            704      -0.975816      -0.974311    0.000177145
            705      -0.981216      -0.974321    0.000177164
            706      -0.971348      -0.974316    0.000176963
            707        -0.9745      -0.974317    0.000176713
            708       -0.97094      -0.974312    0.000176528
            709      -0.979292      -0.974319    0.000176418
            710      -0.970136      -0.974313    0.000176268
            711      -0.977248      -0.974317    0.000176069
            712       -0.96896       -0.97431    0.000175982
            713      -0.976156      -0.974312    0.000175754
            714      -0.981116      -0.974322    0.000175766
            715      -0.968476      -0.974314    0.000175711
            716      -0.978116      -0.974319    0.000175545
            717      -0.971024      -0.974314    0.000175361
            718      -0.971972      -0.974311    0.000175147
            719      -0.977844      -0.974316    0.000174972
            720      -0.972676      -0.974314    0.000174743
            721      -0.971404       -0.97431    0.000174548
            722      -0.966252      -0.974298    0.000174663
            723      -0.966796      -0.974288    0.000174729
            724      -0.967848      -0.974279    0.000174714
            725      -0.973056      -0.974277    0.000174481
            726      -0.968532       -0.97427     0.00017442
            727       -0.96878      -0.974262    0.000174344
            728        -0.9782      -0.974267    0.000174188
            729      -0.968208      -0.974259    0.000174148
            730      -0.964112      -0.974245    0.000174464
            731      -0.979984      -0.974253    0.000174402
            732      -0.972048       -0.97425    0.000174189
            733      -0.973184      -0.974249    0.000173957
            734       -0.97902      -0.974255    0.000173842
            735      -0.977848       -0.97426    0.000173674
            736      -0.974812      -0.974261    0.000173439
            737      -0.972552      -0.974258    0.000173219
            738      -0.979212      -0.974265    0.000173115
            739        -0.9728      -0.974263    0.000172892
            740      -0.973332      -0.974262    0.000172663
            741      -0.975984      -0.974264    0.000172445
            742      -0.972636      -0.974262    0.000172226
            743      -0.971584      -0.974258    0.000172032
            744      -0.982176      -0.974269     0.00017213
            745      -0.971884      -0.974266    0.000171929
            746       -0.97084      -0.974261     0.00017176
            747      -0.976456      -0.974264    0.000171555
            748      -0.973688      -0.974263    0.000171327
            749      -0.970244      -0.974258    0.000171182
            750      -0.969792      -0.974252    0.000171057
            751      -0.969868      -0.974246    0.000170929
            752      -0.976112      -0.974249     0.00017072
            753      -0.975216       -0.97425    0.000170498
            754      -0.975556      -0.974252     0.00017028
            755      -0.972084      -0.974249    0.000170079
            756      -0.971904      -0.974246    0.000169882
            757      -0.974744      -0.974246    0.000169659
            758      -0.976616       -0.97425    0.000169464
            759      -0.976252      -0.974252    0.000169261
            760      -0.974908      -0.974253     0.00016904
            761      -0.967968      -0.974245     0.00016902
            762      -0.965376      -0.974233    0.000169199
            763      -0.978584      -0.974239    0.000169073
            764       -0.96644      -0.974229     0.00016916
            765      -0.978644      -0.974234    0.000169037
            766      -0.967244      -0.974225    0.000169063
            767      -0.977896       -0.97423     0.00016891
            768       -0.97848      -0.974236    0.000168781
            769      -0.978784      -0.974242    0.000168665
            770       -0.97526      -0.974243    0.000168451
            771      -0.978268      -0.974248    0.000168313
            772      -0.974296      -0.974248    0.000168095
            773      -0.971592      -0.974245    0.000167912
            774      -0.973316      -0.974244      0.0001677
            775       -0.96926      -0.974237    0.000167606
            776      -0.972216      -0.974235    0.000167411
            777      -0.974208      -0.974234    0.000167195
            778      -0.966096      -0.974224    0.000167307
            779      -0.973944      -0.974224    0.000167093
            780      -0.977824      -0.974228    0.000166942
            781      -0.975012      -0.974229    0.000166731
            782       -0.97766      -0.974234    0.000166576
            783      -0.967616      -0.974225    0.000166578
            784        -0.9769      -0.974229      0.0001664
            785        -0.9721      -0.974226     0.00016621
            786      -0.967568      -0.974217    0.000166214
            787      -0.978432      -0.974223    0.000166089
            788       -0.97958       -0.97423    0.000166018
            789      -0.973252      -0.974228    0.000165812
            790      -0.980132      -0.974236     0.00016577
            791      -0.973424      -0.974235    0.000165564
            792        -0.9704       -0.97423    0.000165425
            793      -0.980984      -0.974238    0.000165436
            794      -0.979732      -0.974245    0.000165372
            795      -0.976248      -0.974248    0.000165183
            796       -0.96352      -0.974234    0.000165525
            797       -0.97932      -0.974241    0.000165441
            798      -0.975868      -0.974243    0.000165246
            799      -0.980132       -0.97425    0.000165203
            800      -0.977932      -0.974255    0.000165061
            801      -0.972604      -0.974253    0.000164868
            802      -0.979104      -0.974259    0.000164773
            803      -0.979348      -0.974265     0.00016469
            804      -0.967664      -0.974257    0.000164689
            805      -0.972276      -0.974254    0.000164503
            806      -0.969268      -0.974248    0.000164415
            807      -0.967992      -0.974241    0.000164394
            808      -0.970232      -0.974236    0.000164266
            809       -0.97378      -0.974235    0.000164063
            810      -0.975024      -0.974236    0.000163864
            811      -0.973492      -0.974235    0.000163664
            812      -0.967188      -0.974226    0.000163693
            813       -0.97846      -0.974232    0.000163574
            814      -0.975276      -0.974233    0.000163378
            815      -0.981056      -0.974241    0.000163392
            816       -0.97582      -0.974243    0.000163203
            817      -0.970012      -0.974238    0.000163086
            818      -0.978404      -0.974243    0.000162966
            819      -0.973868      -0.974243    0.000162767
            820      -0.980412       -0.97425    0.000162743
            821      -0.979272      -0.974256    0.000162659
            822      -0.973152      -0.974255    0.000162467
            823      -0.978584       -0.97426    0.000162355
            824      -0.976716      -0.974263    0.000162185
            825      -0.985964      -0.974277    0.000162608
            826      -0.969236      -0.974271    0.000162525
            827       -0.96068      -0.974255    0.000163159
            828        -0.9688      -0.974248    0.000163095
            829      -0.969132      -0.974242    0.000163015
            830      -0.977024      -0.974245    0.000162853
            831      -0.965768      -0.974235    0.000162976
            832      -0.975596      -0.974237    0.000162788
            833       -0.97572      -0.974239    0.000162602
            834      -0.975548       -0.97424    0.000162415
            835      -0.978976      -0.974246    0.000162319
            836      -0.965056      -0.974235    0.000162497
            837      -0.974216      -0.974235    0.000162303
            838      -0.975188      -0.974236    0.000162113
            839      -0.970656      -0.974232    0.000161976
            840       -0.96618      -0.974222    0.000162067
            841      -0.972308       -0.97422     0.00016189
            842      -0.969952      -0.974215    0.000161777
            843      -0.969112      -0.974209    0.000161699
            844      -0.978164      -0.974213    0.000161575
            845       -0.97752      -0.974217    0.000161431
            846      -0.966092      -0.974208    0.000161526
            847      -0.966036      -0.974198    0.000161623
            848      -0.970996      -0.974194    0.000161477
            849      -0.972288      -0.974192    0.000161302
            850      -0.981136        -0.9742    0.000161319
            851      -0.973076      -0.974199    0.000161135
            852      -0.978504      -0.974204    0.000161025
            853      -0.971264      -0.974201    0.000160873
            854       -0.97164      -0.974198    0.000160712
            855      -0.972604      -0.974196    0.000160535
            856      -0.969152       -0.97419    0.000160456
            857      -0.969068      -0.974184     0.00016038
            858      -0.975544      -0.974185    0.000160201
            859      -0.976712      -0.974188    0.000160041
            860      -0.966232      -0.974179    0.000160122
            861      -0.970936      -0.974175    0.000159981
            862      -0.969888       -0.97417    0.000159872
            863       -0.97618      -0.974173    0.000159704
            864       -0.97446      -0.974173    0.000159519
            865       -0.97578      -0.974175    0.000159346
            866      -0.975744      -0.974177    0.000159172
            867      -0.975924      -0.974179    0.000159001
            868      -0.967636      -0.974171    0.000158996
            869      -0.976568      -0.974174    0.000158837
            870      -0.976076      -0.974176     0.00015867
            871      -0.977576       -0.97418    0.000158535
            872         -0.978      -0.974184    0.000158414
            873      -0.975036      -0.974185    0.000158236
            874      -0.970516      -0.974181     0.00015811
            875      -0.972872       -0.97418    0.000157936
            876      -0.975064      -0.974181    0.000157759
            877      -0.977532      -0.974184    0.000157626
            878      -0.979184       -0.97419    0.000157549
            879       -0.97194      -0.974188     0.00015739
            880      -0.973084      -0.974186    0.000157216
            881      -0.982788      -0.974196    0.000157341
            882      -0.974192      -0.974196    0.000157163
            883      -0.970632      -0.974192    0.000157036
            884      -0.980808        -0.9742    0.000157037
            885      -0.971024      -0.974196    0.000156901
            886      -0.972652      -0.974194    0.000156733
            887      -0.973224      -0.974193     0.00015656
            888      -0.972236      -0.974191    0.000156399
            889       -0.97092      -0.974187    0.000156266
            890      -0.974332      -0.974187    0.000156091
            891      -0.977928      -0.974192    0.000155972
            892      -0.978976      -0.974197    0.000155889
            893      -0.980716      -0.974204    0.000155886
            894      -0.974612      -0.974205    0.000155712
            895      -0.968544      -0.974198    0.000155666
            896      -0.979668      -0.974205    0.000155612
            897      -0.967132      -0.974197    0.000155639
            898      -0.968688      -0.974191    0.000155586
            899      -0.972656      -0.974189    0.000155422
            900       -0.96204      -0.974175    0.000155835
            901      -0.971764      -0.974173    0.000155685
            902      -0.969936      -0.974168    0.000155584
            903       -0.97856      -0.974173    0.000155487
            904        -0.9737      -0.974172    0.000155316
            905      -0.972716      -0.974171    0.000155153
            906      -0.975368      -0.974172    0.000154987
            907        -0.9782      -0.974176     0.00015488
            908      -0.979548      -0.974182    0.000154822
            909      -0.972044       -0.97418     0.00015467
            910      -0.974984      -0.974181    0.000154502
            911      -0.972788      -0.974179     0.00015434
            912      -0.967812      -0.974172    0.000154329
            913      -0.968008      -0.974166    0.000154307
            914      -0.985804      -0.974178    0.000154663
            915      -0.976208      -0.974181     0.00015451
            916      -0.967808      -0.974174    0.000154498
            917      -0.974288      -0.974174     0.00015433
            918      -0.975884      -0.974176    0.000154173
            919      -0.978692      -0.974181    0.000154083
            920      -0.975388      -0.974182    0.000153921
            921       -0.97634      -0.974184    0.000153772
            922      -0.969636      -0.974179    0.000153684
            923      -0.966524      -0.974171    0.000153741
            924       -0.96812      -0.974164    0.000153715
            925      -0.977404      -0.974168    0.000153588
            926       -0.97296      -0.974167    0.000153428
            927       -0.96958      -0.974162    0.000153342
            928      -0.977232      -0.974165    0.000153212
            929      -0.974604      -0.974165    0.000153048
            930      -0.978532       -0.97417    0.000152956
            931       -0.97418       -0.97417    0.000152791
            932      -0.965204       -0.97416     0.00015293
            933      -0.965364      -0.974151    0.000153057
            934      -0.967884      -0.974144     0.00015304
            935        -0.9754      -0.974146    0.000152882
            936      -0.986404      -0.974159    0.000153279
            937      -0.981552      -0.974167    0.000153319
            938      -0.974336      -0.974167    0.000153155
            939      -0.976016      -0.974169    0.000153005
            940      -0.965468       -0.97416    0.000153122
            941      -0.977856      -0.974164     0.00015301
            942       -0.96852      -0.974158    0.000152964
            943       -0.98198      -0.974166    0.000153027
            944      -0.965636      -0.974157    0.000153132
            945      -0.976808       -0.97416    0.000152995
            946       -0.96798      -0.974153    0.000152973
            947      -0.978888      -0.974158    0.000152893
            948      -0.981748      -0.974166    0.000152942
            949       -0.97972      -0.974172    0.000152892
            950      -0.966476      -0.974164    0.000152946
            951      -0.971336      -0.974161    0.000152814
            952      -0.974728      -0.974161    0.000152655
            953      -0.971944      -0.974159    0.000152512
            954       -0.96954      -0.974154    0.000152429
            955       -0.97748      -0.974158    0.000152309
            956       -0.97844      -0.974162    0.000152216
            957      -0.973444      -0.974161    0.000152058
            958      -0.975896      -0.974163     0.00015191
            959      -0.975136      -0.974164    0.000151755
            960       -0.97296      -0.974163    0.000151602
            961      -0.973952      -0.974163    0.000151445
            962      -0.980364      -0.974169    0.000151424
            963      -0.974228      -0.974169    0.000151267
            964      -0.979756      -0.974175    0.000151221
            965      -0.982492      -0.974184     0.00015131
            966       -0.97624      -0.974186    0.000151168
            967       -0.96864       -0.97418    0.000151121
            968       -0.97862      -0.974185    0.000151034
            969      -0.968252      -0.974179    0.000151002
            970      -0.970188      -0.974174    0.000150903
            971        -0.9726      -0.974173    0.000150756
            972       -0.96914      -0.974168     0.00015069
            973      -0.977892      -0.974172    0.000150584
            974      -0.968888      -0.974166    0.000150527
            975        -0.9718      -0.974164    0.000150392
            976      -0.981728      -0.974171    0.000150437
            977      -0.979248      -0.974177    0.000150373
            978       -0.96996      -0.974172    0.000150281
            979        -0.9702      -0.974168    0.000150182
            980      -0.981148      -0.974175    0.000150198
            981      -0.973264      -0.974174    0.000150048
            982      -0.975044      -0.974175    0.000149897
            983      -0.980228      -0.974181    0.000149871
            984      -0.974764      -0.974182     0.00014972
            985      -0.970204      -0.974178    0.000149623
            986      -0.983372      -0.974187    0.000149761
            987      -0.973604      -0.974187    0.000149611
            988      -0.971592      -0.974184    0.000149482
            989      -0.974292      -0.974184    0.000149331
            990      -0.966184      -0.974176    0.000149399
            991      -0.969708      -0.974172    0.000149316
            992      -0.976816      -0.974174    0.000149189
            993       -0.97848      -0.974179    0.000149102
            994      -0.976192      -0.974181    0.000148966
            995      -0.976408      -0.974183    0.000148833
            996       -0.96494      -0.974174    0.000148973
            997      -0.972112      -0.974172    0.000148838
            998       -0.98358      -0.974181    0.000148987
            999      -0.972972       -0.97418    0.000148843
           1000      -0.963436      -0.974169    0.000149081
