            0.5           1000          20000              0
              1      -0.973224      -0.973224              0
              2       -0.97418      -0.973702       0.000478
              3      -0.969212      -0.972205      0.0015219
              4      -0.970832      -0.971862     0.00112959
              5      -0.975112      -0.972512     0.00108999
              6      -0.973092      -0.972609    0.000895208
              7       -0.96858      -0.972033    0.000950607
              8       -0.97576      -0.972499    0.000945919
              9      -0.975896      -0.972876    0.000915637
             10      -0.978896      -0.973478      0.0010164
             11       -0.97844      -0.973929     0.00102405
             12       -0.97442       -0.97397    0.000935721
             13      -0.972188      -0.973833    0.000871589
             14      -0.970544      -0.973598    0.000840442
             15        -0.9792      -0.973972    0.000866964
             16       -0.97886      -0.974277    0.000866611
             17      -0.980616       -0.97465    0.000895371
             18      -0.966632      -0.974205    0.000954484
             19      -0.975608      -0.974279    0.000905868
             20      -0.970856      -0.974107    0.000876254
             21      -0.975224      -0.974161    0.000835178
             22      -0.973524      -0.974132    0.000796836
             23      -0.973032      -0.974084    0.000762903
             24      -0.977868      -0.974242    0.000747249
             25      -0.968016      -0.973992    0.000758763
             26       -0.97446       -0.97401    0.000729217
             27      -0.974412      -0.974025    0.000701847
             28      -0.971668      -0.973941    0.000681537
             29      -0.972744        -0.9739     0.00065891
             30      -0.973552      -0.973888    0.000636674
             31      -0.968324      -0.973709    0.000641419
             32      -0.974724      -0.973741    0.000621862
             33      -0.973688      -0.973739    0.000602725
             34        -0.9774      -0.973847    0.000594561
             35      -0.977964      -0.973964    0.000589187
             36      -0.972312      -0.973918    0.000574424
             37       -0.97566      -0.973965    0.000560663
             38      -0.977016      -0.974046    0.000551582
             39      -0.969828      -0.973938    0.000548029
             40      -0.972792      -0.973909     0.00053492
             41      -0.978084      -0.974011    0.000531555
             42      -0.970944      -0.973938    0.000523859
             43      -0.980792      -0.974097    0.000535792
             44      -0.976812      -0.974159    0.000527097
             45       -0.97042      -0.974076    0.000521906
             46      -0.973468      -0.974063    0.000510605
             47       -0.97362      -0.974053    0.000499712
             48      -0.980424      -0.974186    0.000506877
             49      -0.969968        -0.9741    0.000503832
             50       -0.97684      -0.974155    0.000496685
             51      -0.978064      -0.974231    0.000492847
             52      -0.976852      -0.974282    0.000485897
             53      -0.972828      -0.974254     0.00047743
             54      -0.976568      -0.974297     0.00047046
             55      -0.977448      -0.974354    0.000465367
             56      -0.973432      -0.974338    0.000457278
             57      -0.973116      -0.974316    0.000449695
             58       -0.97538      -0.974335    0.000442254
             59       -0.96962      -0.974255    0.000441978
             60      -0.973812      -0.974247    0.000434612
             61       -0.97606      -0.974277    0.000428459
             62      -0.975848      -0.974303    0.000422253
             63      -0.974528      -0.974306    0.000415512
             64       -0.98034        -0.9744    0.000419694
             65      -0.977744      -0.974452    0.000416377
             66      -0.978852      -0.974518    0.000415404
             67      -0.979216      -0.974589    0.000415121
             68      -0.975124      -0.974596    0.000409046
             69      -0.977644      -0.974641    0.000405487
             70       -0.97408      -0.974633    0.000399733
             71      -0.977184      -0.974669    0.000395698
             72        -0.9802      -0.974745    0.000397655
             73      -0.967336      -0.974644    0.000405091
             74      -0.977544      -0.974683    0.000401497
             75      -0.971376      -0.974639    0.000398554
             76      -0.972484      -0.974611    0.000394296
             77      -0.972948      -0.974589     0.00038974
             78      -0.978084      -0.974634    0.000387312
             79      -0.969964      -0.974575     0.00038692
             80      -0.972484      -0.974549    0.000382945
             81       -0.97546       -0.97456    0.000378355
             82        -0.9721       -0.97453    0.000374915
             83       -0.98058      -0.974603    0.000377475
             84      -0.977488      -0.974637    0.000374533
             85      -0.972324       -0.97461      0.0003711
             86      -0.974652       -0.97461    0.000366759
             87      -0.975856      -0.974625    0.000362802
             88       -0.97108      -0.974584     0.00036091
             89      -0.978624       -0.97463    0.000359707
             90      -0.971272      -0.974592    0.000357639
             91      -0.972868      -0.974574    0.000354195
             92      -0.978296      -0.974614    0.000352652
             93      -0.974548      -0.974613    0.000348841
             94      -0.968504      -0.974548    0.000351176
             95      -0.975076      -0.974554    0.000347504
             96      -0.971324       -0.97452    0.000345507
             97      -0.972684      -0.974501     0.00034245
             98      -0.976708      -0.974524    0.000339685
             99      -0.978004      -0.974559    0.000338069
            100      -0.972844      -0.974542    0.000335111
            101       -0.97902      -0.974586    0.000334726
            102      -0.971388      -0.974555    0.000332908
            103      -0.977624      -0.974585    0.000331004
            104      -0.981252      -0.974649    0.000334016
            105         -0.971      -0.974614    0.000332639
            106      -0.971564      -0.974585     0.00033074
            107      -0.971492      -0.974556    0.000328907
            108      -0.971356      -0.974527    0.000327192
            109      -0.975292      -0.974534    0.000324253
            110      -0.973692      -0.974526    0.000321383
            111      -0.973056      -0.974513    0.000318749
            112      -0.973632      -0.974505    0.000315988
            113       -0.97334      -0.974495    0.000313349
            114      -0.970272      -0.974458    0.000312789
            115      -0.979288        -0.9745     0.00031289
            116      -0.971536      -0.974474    0.000311231
            117      -0.975368      -0.974482    0.000308654
            118      -0.972064      -0.974461    0.000306712
            119      -0.974392      -0.974461    0.000304124
            120      -0.974992      -0.974465    0.000301612
            121      -0.974112      -0.974462    0.000299123
            122      -0.974908      -0.974466    0.000296684
            123      -0.969016      -0.974421    0.000297579
            124      -0.976932      -0.974442    0.000295863
            125      -0.975296      -0.974449    0.000293566
            126      -0.968904      -0.974405    0.000294532
            127      -0.969308      -0.974364    0.000294947
            128       -0.97312      -0.974355    0.000292795
            129      -0.980144        -0.9744    0.000293962
            130      -0.974316      -0.974399    0.000291693
            131       -0.97036      -0.974368    0.000291095
            132      -0.977556      -0.974392    0.000289889
            133      -0.969976      -0.974359    0.000289611
            134       -0.96888      -0.974318    0.000290335
            135      -0.974904      -0.974322    0.000288209
            136      -0.971644      -0.974303    0.000286759
            137      -0.979868      -0.974343    0.000287542
            138      -0.975916      -0.974355    0.000285678
            139      -0.976804      -0.974372    0.000284162
            140      -0.976032      -0.974384    0.000282374
            141      -0.968872      -0.974345    0.000283077
            142      -0.971084      -0.974322    0.000282013
            143      -0.976012      -0.974334    0.000280283
            144      -0.973164      -0.974326    0.000278449
            145       -0.97414      -0.974325    0.000276525
            146      -0.973304      -0.974318    0.000274713
            147      -0.970224       -0.97429    0.000274255
            148      -0.971832      -0.974273    0.000272902
            149       -0.97498      -0.974278    0.000271105
            150      -0.978292      -0.974305    0.000270618
            151      -0.976888      -0.974322    0.000269364
            152       -0.96872      -0.974285    0.000270112
            153      -0.977456      -0.974306     0.00026914
            154      -0.974748      -0.974309    0.000267402
            155      -0.970784      -0.974286    0.000266643
            156       -0.98028      -0.974324      0.0002677
            157       -0.97414      -0.974323    0.000265992
            158       -0.97224       -0.97431    0.000264632
            159       -0.96718      -0.974265    0.000266758
            160      -0.970248       -0.97424    0.000266272
            161      -0.973104      -0.974233    0.000264707
            162      -0.976592      -0.974247     0.00026347
            163      -0.971436       -0.97423    0.000262417
            164      -0.975024      -0.974235    0.000260856
            165        -0.9804      -0.974272    0.000261949
            166       -0.97222       -0.97426     0.00026066
            167      -0.971796      -0.974245    0.000259514
            168      -0.980896      -0.974285    0.000260985
            169      -0.977824      -0.974306    0.000260279
            170       -0.97422      -0.974305    0.000258744
            171      -0.973424        -0.9743    0.000257278
            172      -0.974568      -0.974302    0.000255783
            173      -0.971552      -0.974286    0.000254796
            174      -0.973376      -0.974281    0.000253382
            175      -0.975784      -0.974289    0.000252076
            176      -0.974172      -0.974288    0.000250641
            177      -0.967612      -0.974251    0.000252059
            178      -0.971768      -0.974237    0.000251027
            179      -0.971368      -0.974221    0.000250134
            180       -0.97882      -0.974246     0.00025005
            181      -0.966504      -0.974204    0.000252317
            182       -0.97516      -0.974209    0.000250982
            183      -0.973532      -0.974205    0.000249634
            184      -0.969972      -0.974182    0.000249337
            185      -0.976316      -0.974194    0.000248254
            186      -0.976644      -0.974207    0.000247267
            187      -0.970392      -0.974186    0.000246785
            188      -0.976036      -0.974196    0.000245666
            189      -0.967136      -0.974159    0.000247202
            190       -0.97518      -0.974164    0.000245956
            191      -0.977048      -0.974179     0.00024513
            192       -0.96618      -0.974138    0.000247384
            193      -0.978936      -0.974163    0.000247351
            194       -0.97146      -0.974149    0.000246467
            195      -0.974544      -0.974151    0.000245208
            196       -0.97216      -0.974141    0.000244165
            197      -0.974868      -0.974144    0.000242951
            198       -0.97132       -0.97413    0.000242141
            199       -0.97462      -0.974132    0.000240934
            200      -0.973092      -0.974127    0.000239783
            201      -0.970204      -0.974108    0.000239384
            202      -0.974348      -0.974109    0.000238199
            203      -0.973604      -0.974106    0.000237035
            204      -0.971932      -0.974096    0.000236111
            205      -0.973364      -0.974092    0.000234984
            206        -0.9706      -0.974075    0.000234454
            207       -0.97206      -0.974065    0.000233522
            208      -0.979248       -0.97409    0.000233728
            209       -0.97448      -0.974092    0.000232614
            210       -0.97472      -0.974095    0.000231523
            211      -0.963404      -0.974045    0.000235929
            212      -0.975616      -0.974052     0.00023493
            213      -0.963996      -0.974005    0.000238543
            214       -0.97284      -0.973999    0.000237488
            215         -0.972       -0.97399    0.000236564
            216      -0.977892      -0.974008    0.000236158
            217      -0.976356      -0.974019    0.000235316
            218      -0.974684      -0.974022    0.000234254
            219      -0.978428      -0.974042    0.000234048
            220      -0.974856      -0.974046    0.000233012
            221      -0.969484      -0.974025    0.000232871
            222      -0.973524      -0.974023    0.000231831
            223      -0.971948      -0.974014    0.000230977
            224      -0.974264      -0.974015    0.000229946
            225      -0.973752      -0.974014    0.000228925
            226      -0.979528      -0.974038    0.000229212
            227      -0.974664      -0.974041    0.000228217
            228      -0.975604      -0.974048    0.000227317
            229       -0.97328      -0.974044    0.000226347
            230      -0.973984      -0.974044    0.000225361
            231      -0.976116      -0.974053    0.000224562
            232      -0.971188      -0.974041    0.000223933
            233      -0.978444      -0.974059    0.000223769
            234      -0.976324      -0.974069    0.000223021
            235      -0.975428      -0.974075    0.000222145
            236        -0.9742      -0.974075    0.000221203
            237      -0.976276      -0.974085    0.000220463
            238      -0.972972       -0.97408    0.000219584
            239        -0.9785      -0.974099    0.000219444
            240       -0.98258      -0.974134    0.000221367
            241      -0.974112      -0.974134    0.000220447
            242      -0.982624      -0.974169    0.000222319
            243      -0.977308      -0.974182    0.000221779
            244      -0.974436      -0.974183    0.000220871
            245      -0.980676      -0.974209    0.000221558
            246      -0.971452      -0.974198     0.00022094
            247      -0.972464      -0.974191    0.000220156
            248      -0.977788      -0.974206    0.000219746
            249      -0.968144      -0.974181    0.000220211
            250      -0.976224      -0.974189    0.000219481
            251      -0.977768      -0.974204    0.000219069
            252      -0.976312      -0.974212    0.000218358
            253      -0.977384      -0.974225    0.000217854
            254        -0.9775      -0.974237    0.000217378
            255      -0.975656      -0.974243    0.000216595
            256      -0.968316       -0.97422    0.000216986
            257      -0.975076      -0.974223    0.000216166
            258      -0.979428      -0.974243    0.000216269
            259       -0.97884      -0.974261    0.000216162
            260      -0.982612      -0.974293    0.000217712
            261       -0.97488      -0.974296    0.000216888
            262       -0.96626      -0.974265    0.000218224
            263       -0.97908      -0.974283    0.000218162
            264      -0.975888      -0.974289     0.00021742
            265      -0.970424      -0.974275    0.000217088
            266      -0.971424      -0.974264    0.000216536
            267      -0.974972      -0.974267     0.00021574
            268      -0.975628      -0.974272    0.000214993
            269      -0.978436      -0.974287    0.000214751
            270       -0.97616      -0.974294    0.000214067
            271      -0.976384      -0.974302    0.000213415
            272      -0.969608      -0.974285    0.000213328
            273      -0.974612      -0.974286    0.000212548
            274       -0.97412      -0.974285    0.000211772
            275      -0.975736       -0.97429    0.000211066
            276      -0.977168      -0.974301    0.000210559
            277      -0.971908      -0.974292    0.000209975
            278      -0.975732      -0.974297    0.000209282
            279      -0.975044        -0.9743    0.000208548
            280       -0.97968      -0.974319    0.000208688
            281      -0.976248      -0.974326    0.000208057
            282      -0.972692       -0.97432    0.000207399
            283      -0.973448      -0.974317    0.000206688
            284       -0.97446      -0.974318     0.00020596
            285        -0.9788      -0.974333    0.000205837
            286      -0.974424      -0.974334    0.000205117
            287       -0.97658      -0.974342    0.000204551
            288      -0.973616      -0.974339    0.000203855
            289      -0.971512      -0.974329    0.000203383
            290       -0.97672      -0.974338    0.000202848
            291      -0.973616      -0.974335    0.000202165
            292      -0.973044      -0.974331     0.00020152
            293      -0.970284      -0.974317    0.000201306
            294      -0.978876      -0.974332    0.000201218
            295      -0.975448      -0.974336    0.000200571
            296      -0.970732      -0.974324    0.000200262
            297      -0.973128       -0.97432    0.000199628
            298      -0.978288      -0.974333    0.000199402
            299      -0.984056      -0.974366    0.000201376
            300      -0.967612      -0.974343    0.000201963
            301       -0.97134      -0.974333    0.000201538
            302      -0.970592      -0.974321    0.000201251
            303      -0.973756      -0.974319    0.000200594
            304      -0.976176      -0.974325    0.000200027
            305      -0.972224      -0.974318    0.000199489
            306      -0.972044      -0.974311    0.000198975
            307      -0.971804      -0.974303    0.000198493
            308       -0.98192      -0.974327    0.000199388
            309      -0.966084      -0.974301    0.000200524
            310      -0.974604      -0.974302    0.000199878
            311      -0.969204      -0.974285    0.000199908
            312      -0.967372      -0.974263    0.000200494
            313       -0.97134      -0.974254    0.000200071
            314      -0.976628      -0.974261    0.000199576
            315      -0.973612      -0.974259    0.000198952
            316      -0.978844      -0.974274    0.000198851
            317        -0.9693      -0.974258    0.000198843
            318      -0.977812      -0.974269    0.000198532
            319      -0.978612      -0.974283    0.000198376
            320      -0.977552      -0.974293    0.000198019
            321      -0.973004      -0.974289    0.000197442
            322      -0.974188      -0.974289    0.000196828
            323      -0.965396      -0.974261     0.00019814
            324      -0.971268      -0.974252    0.000197743
            325      -0.971156      -0.974242    0.000197364
            326      -0.972064      -0.974236    0.000196871
            327       -0.97132      -0.974227     0.00019647
            328       -0.97544      -0.974231    0.000195905
            329      -0.970932      -0.974221    0.000195566
            330      -0.973404      -0.974218    0.000194988
            331      -0.975012       -0.97422    0.000194413
            332      -0.973128      -0.974217    0.000193855
            333       -0.97786      -0.974228    0.000193581
            334      -0.972412      -0.974223    0.000193077
            335      -0.971852      -0.974216     0.00019263
            336      -0.973192      -0.974213     0.00019208
            337       -0.97512      -0.974215    0.000191528
            338      -0.979204       -0.97423     0.00019153
            339      -0.977712       -0.97424     0.00019124
            340      -0.970224      -0.974228    0.000191043
            341       -0.97532      -0.974232    0.000190508
            342      -0.978204      -0.974243    0.000190305
            343       -0.97416      -0.974243     0.00018975
            344      -0.970736      -0.974233    0.000189472
            345      -0.974536      -0.974234    0.000188924
            346       -0.97408      -0.974233    0.000188378
            347      -0.975212      -0.974236    0.000187855
            348      -0.969672      -0.974223    0.000187773
            349      -0.978708      -0.974236    0.000187675
            350      -0.979812      -0.974252    0.000187815
            351      -0.977908      -0.974262    0.000187568
            352      -0.972044      -0.974256    0.000187141
            353       -0.97476      -0.974257    0.000186615
            354      -0.970456      -0.974247    0.000186397
            355      -0.973564      -0.974245    0.000185881
            356      -0.971484      -0.974237    0.000185521
            357       -0.97282      -0.974233    0.000185043
            358      -0.967768      -0.974215    0.000185407
            359      -0.970336      -0.974204    0.000185205
            360      -0.978808      -0.974217    0.000185132
            361      -0.975404       -0.97422    0.000184648
            362      -0.978176      -0.974231    0.000184461
            363       -0.97618      -0.974236     0.00018403
            364      -0.979468      -0.974251    0.000184086
            365      -0.978108      -0.974261    0.000183885
            366      -0.974376      -0.974262    0.000183382
            367       -0.97944      -0.974276    0.000183425
            368      -0.975276      -0.974279    0.000182946
            369       -0.97074      -0.974269    0.000182702
            370      -0.969732      -0.974257    0.000182619
            371      -0.970948      -0.974248    0.000182345
            372      -0.973896      -0.974247    0.000181856
            373      -0.978428      -0.974258    0.000181714
            374       -0.97884       -0.97427    0.000181641
            375      -0.970276       -0.97426    0.000181469
            376      -0.971952      -0.974253     0.00018109
            377      -0.974016      -0.974253     0.00018061
            378       -0.97358      -0.974251     0.00018014
            379      -0.970632      -0.974242    0.000179918
            380      -0.983028      -0.974265    0.000180927
            381      -0.973804      -0.974263    0.000180456
            382      -0.974764      -0.974265    0.000179988
            383      -0.976684      -0.974271    0.000179628
            384      -0.976852      -0.974278    0.000179286
            385      -0.971312       -0.97427    0.000178985
            386       -0.97842      -0.974281    0.000178845
            387      -0.977992       -0.97429    0.000178639
            388      -0.969808      -0.974279    0.000178553
            389      -0.974984      -0.974281    0.000178102
            390      -0.975532      -0.974284    0.000177674
            391      -0.973192      -0.974281    0.000177241
            392      -0.972092      -0.974276    0.000176876
            393      -0.970652      -0.974266    0.000176667
            394      -0.975528       -0.97427    0.000176247
            395       -0.97192      -0.974264      0.0001759
            396      -0.976852       -0.97427    0.000175577
            397      -0.972792      -0.974266    0.000175174
            398      -0.968824      -0.974253    0.000175268
            399      -0.972848      -0.974249    0.000174863
            400      -0.969856      -0.974238    0.000174771
            401       -0.97614      -0.974243    0.000174399
            402      -0.974836      -0.974244    0.000173971
            403      -0.971292      -0.974237    0.000173693
            404      -0.980748      -0.974253    0.000174011
            405      -0.971664      -0.974247    0.000173698
            406      -0.975092      -0.974249    0.000173283
            407      -0.973076      -0.974246     0.00017288
            408      -0.970672      -0.974237    0.000172678
            409      -0.976716      -0.974243    0.000172362
            410      -0.973048       -0.97424    0.000171966
            411      -0.975892      -0.974244    0.000171594
            412      -0.972592       -0.97424    0.000171224
            413      -0.976924      -0.974247    0.000170933
            414      -0.976884      -0.974253    0.000170638
            415      -0.975812      -0.974257    0.000170268
            416      -0.973188      -0.974254    0.000169878
            417       -0.97034      -0.974245     0.00016973
            418      -0.970756      -0.974237    0.000169529
            419      -0.974816      -0.974238    0.000169129
            420      -0.978156      -0.974247    0.000168984
            421       -0.97352      -0.974246    0.000168591
            422      -0.973788      -0.974245    0.000168194
            423       -0.96728      -0.974228    0.000168602
            424      -0.977932      -0.974237     0.00016843
            425      -0.975612       -0.97424    0.000168065
            426        -0.9788      -0.974251    0.000168011
            427      -0.970716      -0.974243    0.000167822
            428      -0.972488      -0.974238    0.000167479
            429      -0.975748      -0.974242    0.000167125
            430      -0.976944      -0.974248    0.000166855
            431      -0.974796       -0.97425    0.000166472
            432        -0.9728      -0.974246     0.00016612
            433       -0.97052      -0.974238    0.000165959
            434      -0.975216       -0.97424    0.000165592
            435      -0.982552      -0.974259    0.000166312
            436      -0.969604      -0.974248    0.000166273
            437      -0.970712       -0.97424    0.000166089
            438       -0.97238      -0.974236    0.000165764
            439      -0.981632      -0.974253    0.000166242
            440      -0.969596      -0.974242    0.000166201
            441      -0.976704      -0.974248    0.000165918
            442      -0.981032      -0.974263    0.000166252
            443       -0.97694      -0.974269    0.000165986
            444      -0.971108      -0.974262    0.000165765
            445       -0.97732      -0.974269    0.000165535
            446      -0.970592      -0.974261    0.000165369
            447      -0.972836      -0.974257    0.000165029
            448      -0.979584      -0.974269    0.000165089
            449      -0.975672      -0.974272    0.000164751
            450       -0.97444      -0.974273    0.000164385
            451      -0.977332       -0.97428     0.00016416
            452      -0.970944      -0.974272    0.000163963
            453      -0.975144      -0.974274    0.000163612
            454      -0.977244      -0.974281    0.000163382
            455        -0.9734      -0.974279    0.000163034
            456      -0.976056      -0.974283    0.000162723
            457      -0.967784      -0.974268    0.000162988
            458      -0.969984      -0.974259      0.0001629
            459      -0.969344      -0.974248    0.000162897
            460      -0.974304      -0.974249    0.000162543
            461      -0.973352      -0.974247    0.000162201
            462        -0.9753      -0.974249    0.000161866
            463      -0.967528      -0.974234    0.000162167
            464      -0.974068      -0.974234    0.000161818
            465       -0.97282      -0.974231    0.000161498
            466        -0.9772      -0.974237    0.000161277
            467        -0.9716      -0.974232     0.00016103
            468      -0.966808      -0.974216    0.000161467
            469      -0.981804      -0.974232    0.000161932
            470       -0.97126      -0.974226    0.000161711
            471      -0.976584      -0.974231    0.000161445
            472      -0.976292      -0.974235    0.000161162
            473      -0.972508      -0.974231    0.000160862
            474      -0.974336      -0.974232    0.000160523
            475      -0.968736       -0.97422    0.000160602
            476      -0.973616      -0.974219    0.000160269
            477      -0.970848      -0.974212    0.000160089
            478      -0.979104      -0.974222    0.000160081
            479      -0.972496      -0.974218    0.000159787
            480      -0.972388      -0.974215    0.000159499
            481      -0.973372      -0.974213    0.000159177
            482       -0.98084      -0.974227     0.00015944
            483       -0.97812      -0.974235    0.000159314
            484       -0.97732      -0.974241    0.000159112
            485       -0.97562      -0.974244    0.000158809
            486      -0.976644      -0.974249    0.000158559
            487      -0.975516      -0.974251    0.000158255
            488      -0.975592      -0.974254    0.000157954
            489      -0.972704      -0.974251    0.000157662
            490      -0.978036      -0.974259     0.00015753
            491      -0.978568      -0.974267    0.000157453
            492      -0.972052      -0.974263    0.000157198
            493       -0.97078      -0.974256    0.000157037
            494        -0.9714       -0.97425    0.000156826
            495       -0.96924       -0.97424    0.000156836
            496      -0.973816      -0.974239    0.000156521
            497      -0.975928      -0.974242    0.000156243
            498      -0.974676      -0.974243    0.000155932
            499      -0.979536      -0.974254     0.00015598
            500       -0.97344      -0.974252    0.000155676
            501      -0.973036       -0.97425    0.000155384
            502      -0.977192      -0.974256    0.000155185
            503      -0.979784      -0.974267    0.000155265
            504      -0.973928      -0.974266    0.000154959
            505      -0.964904      -0.974248    0.000155759
            506      -0.973372      -0.974246     0.00015546
            507      -0.982764      -0.974263     0.00015606
            508      -0.975444      -0.974265     0.00015577
            509      -0.969204      -0.974255    0.000155781
            510      -0.978216      -0.974263    0.000155669
            511      -0.981052      -0.974276    0.000155932
            512      -0.972376      -0.974272    0.000155671
            513      -0.975024      -0.974274    0.000155374
            514      -0.971636      -0.974269    0.000155156
            515      -0.978008      -0.974276    0.000155025
            516      -0.974092      -0.974276    0.000154725
            517      -0.969816      -0.974267    0.000154666
            518      -0.969128      -0.974257    0.000154685
            519      -0.977468      -0.974263    0.000154511
            520        -0.9728       -0.97426    0.000154239
            521      -0.971804      -0.974256    0.000154015
            522      -0.970988      -0.974249    0.000153847
            523      -0.981048      -0.974262    0.000154102
            524      -0.968044      -0.974251    0.000154265
            525      -0.967716      -0.974238    0.000154473
            526      -0.979132      -0.974247    0.000154459
            527      -0.975656       -0.97425    0.000154189
            528      -0.974812      -0.974251    0.000153901
            529      -0.974332      -0.974251    0.000153609
            530      -0.969716      -0.974243    0.000153558
            531      -0.977788      -0.974249    0.000153414
            532      -0.975988      -0.974253     0.00015316
            533       -0.97162      -0.974248    0.000152952
            534       -0.98156      -0.974261    0.000153278
            535      -0.976296      -0.974265    0.000153039
            536      -0.973732      -0.974264    0.000152756
            537       -0.96946      -0.974255    0.000152734
            538      -0.975092      -0.974257    0.000152458
            539      -0.977044      -0.974262    0.000152262
            540      -0.971784      -0.974257    0.000152049
            541       -0.96972      -0.974249       0.000152
            542       -0.97564      -0.974252    0.000151741
            543      -0.978112      -0.974259    0.000151628
            544      -0.975036       -0.97426    0.000151355
            545       -0.97396       -0.97426    0.000151079
            546      -0.979876       -0.97427    0.000151152
            547      -0.977396      -0.974276    0.000150984
            548      -0.973764      -0.974275    0.000150711
            549      -0.972332      -0.974271    0.000150478
            550      -0.979536      -0.974281    0.000150508
            551      -0.973636       -0.97428     0.00015024
            552      -0.973728      -0.974279     0.00014997
            553       -0.97028      -0.974271    0.000149874
            554      -0.959932      -0.974245    0.000151825
            555      -0.975272      -0.974247    0.000151563
            556      -0.978688      -0.974255    0.000151501
            557      -0.975776      -0.974258    0.000151253
            558      -0.968616      -0.974248     0.00015132
            559      -0.978316      -0.974255    0.000151224
            560      -0.978828      -0.974263    0.000151175
            561       -0.97112      -0.974258    0.000151009
            562      -0.969012      -0.974248    0.000151029
            563       -0.97404      -0.974248    0.000150761
            564      -0.974872      -0.974249    0.000150497
            565      -0.972408      -0.974246    0.000150266
            566      -0.970104      -0.974239    0.000150179
            567      -0.970712      -0.974232    0.000150042
            568      -0.970924      -0.974227    0.000149891
            569        -0.9753      -0.974228     0.00014964
            570       -0.97278      -0.974226    0.000149398
            571      -0.969264      -0.974217    0.000149389
            572      -0.973464      -0.974216    0.000149134
            573       -0.97106       -0.97421    0.000148975
            574      -0.972984      -0.974208    0.000148731
            575      -0.968504      -0.974198    0.000148803
            576       -0.97114      -0.974193    0.000148639
            577      -0.975036      -0.974194    0.000148389
            578      -0.966736      -0.974182    0.000148693
            579      -0.979044       -0.97419    0.000148673
            580      -0.979348      -0.974199    0.000148683
            581        -0.9649      -0.974183    0.000149287
            582      -0.970972      -0.974177    0.000149132
            583        -0.9702       -0.97417    0.000149032
            584      -0.974076       -0.97417    0.000148777
            585      -0.978216      -0.974177    0.000148684
            586        -0.9715      -0.974173      0.0001485
            587      -0.977572      -0.974178     0.00014836
            588      -0.969568      -0.974171    0.000148315
            589      -0.981076      -0.974182    0.000148526
            590      -0.971616      -0.974178    0.000148338
            591      -0.979352      -0.974187    0.000148345
            592        -0.9716      -0.974182    0.000148159
            593      -0.971496      -0.974178    0.000147978
            594      -0.974524      -0.974178     0.00014773
            595      -0.967896      -0.974168    0.000147859
            596      -0.969804      -0.974161    0.000147792
            597       -0.97452      -0.974161    0.000147546
            598        -0.9714      -0.974157    0.000147371
            599       -0.97064      -0.974151    0.000147242
            600      -0.975032      -0.974152    0.000147004
            601      -0.977964      -0.974158    0.000146896
            602      -0.974496      -0.974159    0.000146653
            603      -0.976172      -0.974162    0.000146447
            604       -0.97336      -0.974161    0.000146211
            605      -0.967404       -0.97415    0.000146395
            606      -0.973656      -0.974149    0.000146156
            607      -0.972912      -0.974147    0.000145929
            608       -0.97652      -0.974151    0.000145741
            609      -0.976976      -0.974156    0.000145576
            610      -0.975372      -0.974158    0.000145351
            611      -0.972248      -0.974154    0.000145146
            612      -0.971724       -0.97415    0.000144963
            613      -0.976336      -0.974154     0.00014477
            614      -0.976828      -0.974158      0.0001446
            615       -0.98084      -0.974169    0.000144773
            616      -0.978828      -0.974177    0.000144735
            617       -0.97656      -0.974181    0.000144552
            618      -0.971524      -0.974176    0.000144382
            619      -0.976484       -0.97418    0.000144197
            620      -0.966448      -0.974168    0.000144503
            621      -0.968704      -0.974159    0.000144538
            622      -0.975788      -0.974161     0.00014433
            623       -0.96896      -0.974153     0.00014434
            624      -0.974984      -0.974154    0.000144114
            625      -0.980188      -0.974164    0.000144207
            626      -0.970444      -0.974158    0.000144099
            627      -0.973988      -0.974158    0.000143869
            628      -0.968156      -0.974148    0.000143957
            629       -0.97988      -0.974157    0.000144017
            630      -0.978132      -0.974164    0.000143927
            631       -0.96968      -0.974157    0.000143874
            632       -0.97358      -0.974156    0.000143649
            633      -0.972632      -0.974153    0.000143442
            634      -0.967924      -0.974143    0.000143552
            635      -0.975036      -0.974145    0.000143333
            636      -0.975808      -0.974148    0.000143131
            637      -0.974892      -0.974149    0.000142911
            638       -0.97006      -0.974142    0.000142831
            639      -0.975224      -0.974144    0.000142617
            640      -0.971104      -0.974139    0.000142473
            641      -0.973412      -0.974138    0.000142255
            642      -0.975592       -0.97414    0.000142052
            643      -0.973952       -0.97414    0.000141831
            644      -0.978476      -0.974147    0.000141771
            645      -0.976712      -0.974151    0.000141606
            646      -0.973424       -0.97415    0.000141392
            647      -0.979356      -0.974158    0.000141402
            648      -0.964532      -0.974143    0.000141963
            649      -0.971892      -0.974139    0.000141786
            650      -0.974988      -0.974141    0.000141574
            651      -0.976752      -0.974145    0.000141413
            652      -0.975508      -0.974147    0.000141212
            653      -0.974564      -0.974147    0.000140997
            654      -0.968844      -0.974139    0.000141014
            655      -0.972908      -0.974137    0.000140812
            656      -0.971896      -0.974134    0.000140638
            657      -0.974024      -0.974134    0.000140424
            658      -0.971764       -0.97413    0.000140257
            659      -0.975428      -0.974132    0.000140058
            660      -0.975768      -0.974135    0.000139867
            661      -0.972532      -0.974132    0.000139676
            662      -0.976912      -0.974136    0.000139529
            663      -0.973548      -0.974136    0.000139321
            664      -0.976368      -0.974139    0.000139151
            665       -0.97412      -0.974139    0.000138942
            666      -0.977792      -0.974144    0.000138842
            667      -0.969572      -0.974138    0.000138803
            668      -0.979172      -0.974145    0.000138799
            669      -0.978084      -0.974151    0.000138717
            670       -0.97718      -0.974155    0.000138583
            671      -0.977688      -0.974161    0.000138477
            672      -0.973396       -0.97416    0.000138275
            673      -0.974528       -0.97416    0.000138071
            674      -0.971804      -0.974157     0.00013791
            675      -0.978856      -0.974164    0.000137882
            676      -0.973376      -0.974162    0.000137682
            677      -0.978596      -0.974169    0.000137635
            678       -0.97404      -0.974169    0.000137432
            679      -0.980028      -0.974177      0.0001375
            680      -0.969396       -0.97417    0.000137478
            681      -0.976724      -0.974174    0.000137327
            682      -0.976056      -0.974177    0.000137153
            683      -0.967884      -0.974168    0.000137262
            684      -0.976008       -0.97417    0.000137087
            685      -0.973856       -0.97417    0.000136888
            686        -0.9702      -0.974164    0.000136811
            687        -0.9696      -0.974158    0.000136773
            688      -0.979416      -0.974165    0.000136788
            689      -0.975896      -0.974168    0.000136612
            690      -0.974856      -0.974169    0.000136418
            691      -0.974192      -0.974169     0.00013622
            692      -0.970332      -0.974163    0.000136136
            693      -0.969776      -0.974157    0.000136087
            694      -0.974252      -0.974157     0.00013589
            695      -0.978372      -0.974163     0.00013583
            696       -0.97254      -0.974161    0.000135655
            697      -0.971656      -0.974157    0.000135508
            698      -0.978728      -0.974164    0.000135472
            699      -0.975772      -0.974166    0.000135298
            700      -0.972176      -0.974163    0.000135134
            701      -0.978672       -0.97417    0.000135094
            702       -0.98004      -0.974178    0.000135161
            703      -0.977024      -0.974182    0.000135029
            704      -0.973284      -0.974181    0.000134843
            705       -0.98048       -0.97419    0.000134948
            706       -0.96974      -0.974183    0.000134904
            707      -0.971876       -0.97418    0.000134753
            708      -0.975096      -0.974181    0.000134568
            709      -0.973028       -0.97418    0.000134388
            710      -0.975852      -0.974182    0.000134219
            711      -0.977912      -0.974187    0.000134133
            712      -0.970908      -0.974183    0.000134024
            713      -0.977276      -0.974187    0.000133906
            714      -0.970348      -0.974182    0.000133826
            715        -0.9661       -0.97417    0.000134116
            716      -0.971324      -0.974166    0.000133988
            717      -0.975692      -0.974169    0.000133818
            718      -0.972528      -0.974166    0.000133651
            719       -0.97932      -0.974173    0.000133657
            720      -0.976752      -0.974177    0.000133519
            721      -0.972624      -0.974175    0.000133351
            722       -0.97038       -0.97417     0.00013327
            723      -0.969536      -0.974163     0.00013324
            724      -0.977644      -0.974168    0.000133143
            725      -0.979608      -0.974175     0.00013317
            726      -0.977544       -0.97418    0.000133068
            727      -0.974524      -0.974181    0.000132886
            728      -0.975192      -0.974182     0.00013271
            729      -0.977048      -0.974186    0.000132586
            730      -0.969132      -0.974179    0.000132585
            731       -0.97116      -0.974175    0.000132468
            732      -0.972508      -0.974173    0.000132307
            733      -0.970796      -0.974168    0.000132206
            734      -0.975704       -0.97417    0.000132043
            735       -0.97512      -0.974171    0.000131869
            736       -0.96818      -0.974163    0.000131941
            737      -0.976112      -0.974166    0.000131789
            738      -0.976664      -0.974169    0.000131654
            739      -0.977344      -0.974174    0.000131546
            740      -0.971308       -0.97417    0.000131425
            741       -0.97348      -0.974169    0.000131251
            742      -0.969192      -0.974162    0.000131245
            743       -0.97244       -0.97416    0.000131089
            744      -0.972752      -0.974158    0.000130926
            745      -0.972288      -0.974155    0.000130774
            746      -0.974796      -0.974156    0.000130602
            747       -0.97126      -0.974152    0.000130484
            748      -0.973836      -0.974152     0.00013031
            749      -0.973552      -0.974151    0.000130139
            750      -0.970844      -0.974147     0.00013004
            751      -0.976128      -0.974149    0.000129894
            752      -0.980652      -0.974158    0.000130009
            753      -0.976268      -0.974161    0.000129866
            754       -0.98224      -0.974171    0.000130136
            755      -0.971528      -0.974168     0.00013001
            756      -0.976456      -0.974171    0.000129873
            757        -0.9698      -0.974165     0.00012983
            758      -0.972396      -0.974163     0.00012968
            759      -0.972684      -0.974161    0.000129524
            760      -0.966276      -0.974151    0.000129768
            761      -0.972704      -0.974149    0.000129612
            762      -0.978124      -0.974154    0.000129547
            763       -0.97416      -0.974154    0.000129377
            764       -0.96646      -0.974144    0.000129599
            765      -0.965048      -0.974132    0.000129975
            766      -0.970188      -0.974127    0.000129907
            767      -0.968452      -0.974119    0.000129948
            768       -0.97686      -0.974123    0.000129828
            769       -0.98086      -0.974132    0.000129955
            770       -0.98072       -0.97414    0.000130067
            771      -0.973524      -0.974139    0.000129901
            772      -0.974332       -0.97414    0.000129733
            773      -0.973328      -0.974139    0.000129569
            774      -0.975432       -0.97414    0.000129413
            775      -0.973668       -0.97414    0.000129247
            776      -0.976988      -0.974143    0.000129132
            777      -0.969864      -0.974138    0.000129084
            778       -0.97678      -0.974141    0.000128962
            779       -0.97888      -0.974147     0.00012894
            780      -0.968936      -0.974141    0.000128948
            781      -0.969184      -0.974134    0.000128939
            782      -0.973836      -0.974134    0.000128775
            783       -0.97526      -0.974135    0.000128618
            784      -0.975468      -0.974137    0.000128465
            785      -0.974408      -0.974137    0.000128302
            786      -0.968152       -0.97413    0.000128365
            787      -0.975208      -0.974131    0.000128209
            788      -0.976012      -0.974134    0.000128068
            789       -0.96978      -0.974128    0.000128025
            790      -0.975712       -0.97413    0.000127878
            791      -0.974228       -0.97413    0.000127717
            792        -0.9718      -0.974127    0.000127589
            793      -0.968872      -0.974121      0.0001276
            794      -0.977884      -0.974125    0.000127528
            795      -0.968428      -0.974118    0.000127569
            796      -0.974952      -0.974119    0.000127413
            797      -0.973872      -0.974119    0.000127253
            798      -0.975504      -0.974121    0.000127105
            799      -0.975208      -0.974122    0.000126953
            800      -0.973724      -0.974122    0.000126796
            801      -0.972424      -0.974119    0.000126655
            802      -0.975112      -0.974121    0.000126503
            803      -0.974492      -0.974121    0.000126346
            804      -0.966024      -0.974111     0.00012659
            805      -0.975084      -0.974112    0.000126439
            806       -0.97854      -0.974118    0.000126401
            807      -0.972156      -0.974115    0.000126268
            808      -0.967504      -0.974107    0.000126377
            809      -0.965004      -0.974096    0.000126721
            810      -0.972924      -0.974094    0.000126573
            811        -0.9698      -0.974089    0.000126527
            812       -0.98108      -0.974098    0.000126664
            813      -0.969964      -0.974093     0.00012661
            814      -0.971728       -0.97409    0.000126488
            815      -0.978808      -0.974096    0.000126465
            816      -0.978352      -0.974101    0.000126418
            817      -0.971844      -0.974098    0.000126293
            818      -0.975276      -0.974099    0.000126147
            819       -0.97426        -0.9741    0.000125993
            820      -0.973012      -0.974098    0.000125846
            821      -0.967968      -0.974091    0.000125915
            822      -0.972756      -0.974089    0.000125772
            823       -0.96916      -0.974083    0.000125762
            824      -0.976064      -0.974086    0.000125632
            825      -0.978492      -0.974091    0.000125593
            826      -0.966308      -0.974082    0.000125794
            827      -0.972948       -0.97408     0.00012565
            828        -0.9704      -0.974076    0.000125577
            829      -0.979108      -0.974082    0.000125572
            830      -0.977444      -0.974086    0.000125486
            831       -0.97562      -0.974088    0.000125348
            832      -0.979144      -0.974094    0.000125345
            833      -0.979432        -0.9741    0.000125358
            834      -0.973064      -0.974099    0.000125214
            835      -0.974784        -0.9741    0.000125067
            836      -0.975408      -0.974101    0.000124927
            837      -0.969176      -0.974095    0.000124916
            838       -0.97304      -0.974094    0.000124773
            839        -0.9796      -0.974101    0.000124797
            840      -0.971132      -0.974097    0.000124699
            841      -0.971284      -0.974094    0.000124595
            842       -0.96978      -0.974089    0.000124553
            843      -0.966356       -0.97408    0.000124742
            844        -0.9739      -0.974079    0.000124595
            845      -0.971216      -0.974076    0.000124493
            846      -0.975528      -0.974078    0.000124358
            847       -0.96964      -0.974072    0.000124321
            848      -0.965716      -0.974063    0.000124565
            849      -0.973776      -0.974062    0.000124419
            850      -0.974684      -0.974063    0.000124275
            851      -0.980796      -0.974071     0.00012438
            852      -0.973864      -0.974071    0.000124234
            853      -0.974076      -0.974071    0.000124089
            854      -0.972392      -0.974069    0.000123959
            855       -0.97456      -0.974069    0.000123815
            856      -0.968684      -0.974063     0.00012383
            857      -0.969864      -0.974058    0.000123783
            858      -0.974392      -0.974058    0.000123639
            859      -0.977068      -0.974062    0.000123545
            860      -0.972656       -0.97406    0.000123412
            861      -0.965604      -0.974051    0.000123659
            862      -0.973492       -0.97405    0.000123517
            863      -0.973604      -0.974049    0.000123375
            864       -0.97322      -0.974048    0.000123236
            865      -0.971956      -0.974046    0.000123117
            866      -0.968512       -0.97404    0.000123141
            867      -0.973884      -0.974039    0.000122999
            868      -0.973244      -0.974038    0.000122861
            869      -0.976236      -0.974041    0.000122745
            870      -0.971916      -0.974039    0.000122628
            871      -0.975656       -0.97404    0.000122501
            872      -0.973604       -0.97404    0.000122362
            873      -0.973124      -0.974039    0.000122226
            874       -0.97026      -0.974035    0.000122163
            875      -0.981572      -0.974043    0.000122327
            876      -0.976496      -0.974046    0.000122219
            877      -0.981684      -0.974055     0.00012239
            878      -0.967492      -0.974047    0.000122479
            879      -0.975864      -0.974049    0.000122357
            880      -0.976756      -0.974052    0.000122256
            881      -0.976184      -0.974055    0.000122142
            882      -0.972284      -0.974053    0.000122019
            883      -0.982648      -0.974062    0.000122269
            884      -0.969584      -0.974057    0.000122236
            885      -0.974124      -0.974058    0.000122098
            886      -0.976292       -0.97406    0.000121986
            887      -0.977364      -0.974064    0.000121905
            888      -0.974004      -0.974064    0.000121768
            889      -0.980408      -0.974071     0.00012184
            890       -0.96616      -0.974062    0.000122027
            891      -0.972648       -0.97406    0.000121901
            892      -0.976076      -0.974063    0.000121785
            893      -0.977144      -0.974066    0.000121697
            894      -0.972148      -0.974064     0.00012158
            895      -0.971532      -0.974061    0.000121477
            896      -0.976036      -0.974063    0.000121361
            897      -0.974816      -0.974064    0.000121229
            898      -0.971196      -0.974061    0.000121136
            899      -0.974196      -0.974061    0.000121001
            900      -0.973628      -0.974061    0.000120868
            901       -0.97738      -0.974064     0.00012079
            902      -0.975656      -0.974066    0.000120669
            903      -0.972112      -0.974064    0.000120554
            904      -0.970884       -0.97406    0.000120472
            905      -0.980084      -0.974067    0.000120523
            906      -0.976968       -0.97407    0.000120432
            907      -0.976124      -0.974072    0.000120321
            908      -0.980232      -0.974079     0.00012038
            909      -0.971368      -0.974076    0.000120284
            910      -0.979052      -0.974082    0.000120276
            911      -0.974704      -0.974082    0.000120146
            912      -0.974684      -0.974083    0.000120016
            913      -0.978564      -0.974088    0.000119985
            914      -0.980128      -0.974095    0.000120036
            915      -0.987964       -0.97411    0.000120859
            916      -0.972536      -0.974108    0.000120739
            917       -0.98024      -0.974115    0.000120792
            918      -0.975284      -0.974116    0.000120667
            919      -0.975976      -0.974118    0.000120553
            920      -0.971836      -0.974116    0.000120447
            921      -0.981448      -0.974124     0.00012058
            922      -0.966548      -0.974115    0.000120729
            923      -0.973728      -0.974115    0.000120599
            924      -0.969948       -0.97411    0.000120552
            925      -0.975552      -0.974112    0.000120432
            926      -0.962484      -0.974099    0.000120956
            927      -0.973996      -0.974099    0.000120825
            928      -0.976528      -0.974102    0.000120723
            929      -0.980928      -0.974109    0.000120817
            930       -0.97766      -0.974113    0.000120747
            931      -0.981156      -0.974121    0.000120854
            932         -0.971      -0.974117    0.000120771
            933      -0.976408       -0.97412    0.000120667
            934      -0.976976      -0.974123    0.000120576
            935        -0.9767      -0.974126    0.000120479
            936      -0.977336      -0.974129    0.000120399
            937      -0.972716      -0.974127     0.00012028
            938      -0.974052      -0.974127    0.000120151
            939      -0.982056      -0.974136     0.00012032
            940      -0.975376      -0.974137    0.000120199
            941        -0.9731      -0.974136    0.000120076
            942        -0.9749      -0.974137    0.000119952
            943      -0.970296      -0.974133    0.000119893
            944      -0.973876      -0.974133    0.000119767
            945      -0.975784      -0.974134    0.000119653
            946      -0.970736      -0.974131     0.00011958
            947      -0.968036      -0.974124    0.000119627
            948      -0.975924      -0.974126    0.000119516
            949      -0.968932      -0.974121    0.000119515
            950       -0.97324       -0.97412    0.000119393
            951      -0.980124      -0.974126    0.000119434
            952      -0.975012      -0.974127    0.000119312
            953      -0.978664      -0.974132    0.000119282
            954      -0.969928      -0.974127    0.000119239
            955      -0.974508      -0.974128    0.000119114
            956      -0.973132      -0.974127    0.000118994
            957      -0.977732       -0.97413    0.000118929
            958      -0.976216      -0.974133    0.000118825
            959      -0.971396       -0.97413    0.000118736
            960      -0.979968      -0.974136    0.000118768
            961      -0.971116      -0.974133    0.000118686
            962      -0.967352      -0.974126    0.000118771
            963       -0.97722      -0.974129    0.000118692
            964       -0.97734      -0.974132    0.000118615
            965      -0.975608      -0.974134    0.000118502
            966      -0.973548      -0.974133    0.000118381
            967       -0.96838      -0.974127    0.000118408
            968      -0.978208      -0.974131    0.000118361
            969      -0.966564      -0.974124    0.000118496
            970      -0.976816      -0.974126    0.000118406
            971       -0.96838       -0.97412    0.000118432
            972      -0.978344      -0.974125     0.00011839
            973      -0.970796      -0.974121    0.000118318
            974       -0.96986      -0.974117    0.000118277
            975      -0.979768      -0.974123    0.000118298
            976      -0.976668      -0.974125    0.000118206
            977      -0.982532      -0.974134    0.000118398
            978      -0.981596      -0.974142    0.000118522
            979      -0.970612      -0.974138    0.000118456
            980      -0.979876      -0.974144     0.00011848
            981      -0.976976      -0.974147    0.000118394
            982      -0.971172      -0.974144    0.000118312
            983      -0.969456      -0.974139    0.000118288
            984      -0.976732      -0.974142    0.000118197
            985        -0.9726       -0.97414    0.000118088
            986       -0.97174      -0.974138    0.000117993
            987       -0.97324      -0.974137    0.000117877
            988      -0.970872      -0.974133    0.000117804
            989      -0.973556      -0.974133    0.000117686
            990      -0.971884      -0.974131    0.000117589
            991      -0.977608      -0.974134    0.000117523
            992      -0.974352      -0.974134    0.000117404
            993      -0.969308      -0.974129    0.000117387
            994      -0.979452      -0.974135    0.000117391
            995      -0.974688      -0.974135    0.000117274
            996      -0.978272      -0.974139     0.00011723
            997      -0.974336       -0.97414    0.000117112
            998      -0.971244      -0.974137    0.000117031
            999      -0.977116       -0.97414    0.000116952
           1000      -0.976344      -0.974142    0.000116856
