            0.5           1000          20000              0
              1       0.262368       0.262368              0
              2       0.253635       0.258001      0.0043669
              3       0.334758       0.283587      0.0257094
              4       0.265679        0.27911      0.0187224
              5       0.323117       0.287911      0.0169641
              6       0.269238       0.284799      0.0141965
              7       0.298033        0.28669      0.0121462
              8       0.311084       0.289739       0.010952
              9       0.229951       0.283096      0.0117227
             10       0.290131       0.283799      0.0105087
             11       0.260035       0.281639      0.0097479
             12       0.248105       0.278845     0.00932705
             13       0.284545       0.279283     0.00859083
             14       0.215798       0.274748     0.00915544
             15       0.301713       0.276546     0.00871075
             16       0.203018       0.271951     0.00935475
             17       0.211227       0.268379      0.0094855
             18       0.300351       0.270155      0.0091177
             19       0.178468       0.265329     0.00988272
             20       0.273432       0.265734     0.00938432
             21       0.213169       0.263231     0.00927059
             22       0.220237       0.261277     0.00905263
             23       0.238936       0.260306     0.00870445
             24       0.198462       0.257729     0.00872316
             25       0.341727       0.261089     0.00901638
             26       0.354012       0.264663     0.00937097
             27       0.233703       0.263516     0.00908983
             28       0.249334        0.26301     0.00877382
             29       0.270258       0.263259     0.00846956
             30       0.267445       0.263399     0.00818356
             31       0.304683       0.264731     0.00802642
             32       0.259406       0.264564     0.00777333
             33       0.192693       0.262386     0.00784257
             34       0.289898       0.263196     0.00765132
             35       0.210311       0.261685     0.00758159
             36       0.196674       0.259879     0.00758605
             37       0.231436        0.25911     0.00741812
             38       0.238835       0.258576     0.00723995
             39       0.345973       0.260817     0.00739937
             40       0.298387       0.261757     0.00727291
             41       0.188134       0.259961     0.00731707
             42        0.29301       0.260748     0.00718395
             43       0.265766       0.260865     0.00701586
             44       0.232836       0.260228     0.00688409
             45        0.25984       0.260219     0.00672938
             46       0.255791       0.260123     0.00658217
             47       0.328086       0.261569     0.00660093
             48       0.186103       0.259996     0.00665046
             49       0.202996       0.258833     0.00661638
             50       0.345817       0.260573     0.00671207
             51       0.255112       0.260466     0.00658002
             52       0.258774       0.260433     0.00645232
             53       0.238825       0.260026     0.00634253
             54       0.306199       0.260881     0.00628243
             55       0.281072       0.261248     0.00617806
             56       0.221837       0.260544     0.00610742
             57       0.268327       0.260681     0.00600087
             58       0.248729       0.260474      0.0059001
             59       0.247868       0.260261     0.00580317
             60       0.209464       0.259414      0.0057681
             61        0.21665       0.258713     0.00571591
             62       0.268559       0.258872      0.0056252
             63        0.31201       0.259715     0.00559909
             64       0.272508       0.259915     0.00551453
             65       0.262215       0.259951     0.00542914
             66       0.220538       0.259354      0.0053795
             67       0.323804       0.260315     0.00538521
             68       0.219683       0.259718     0.00533897
             69       0.225171       0.259217     0.00528479
             70       0.255145       0.259159     0.00520908
             71       0.183792       0.258098     0.00524375
             72       0.206361       0.257379      0.0052201
             73       0.273278       0.257597      0.0051527
             74       0.291998       0.258062     0.00510381
             75       0.292639       0.258523     0.00505636
             76       0.242357        0.25831     0.00499392
             77       0.235077       0.258008     0.00493786
             78       0.275956       0.258238     0.00487957
             79         0.2287       0.257864      0.0048319
             80       0.296652       0.258349     0.00479569
             81       0.296567       0.258821     0.00475956
             82       0.292248       0.259229      0.0047188
             83         0.2453       0.259061     0.00466462
             84       0.252822       0.258987     0.00460935
             85       0.248098       0.258859      0.0045566
             86       0.272563       0.259018     0.00450612
             87       0.246235       0.258871     0.00445645
             88        0.23193       0.258565     0.00441614
             89        0.25344       0.258507     0.00436662
             90       0.211479       0.257985     0.00434933
             91       0.272316       0.258142     0.00430415
             92       0.135965       0.256814     0.00445944
             93       0.213045       0.256344     0.00443627
             94       0.311403       0.256929     0.00442773
             95       0.201261       0.256343     0.00441989
             96       0.290354       0.256698     0.00438794
             97       0.283834       0.256977     0.00435147
             98       0.268164       0.257092     0.00430835
             99       0.303997       0.257565     0.00429084
            100       0.263691       0.257627     0.00424816
            101       0.202897       0.257085     0.00424065
            102       0.265864       0.257171     0.00419975
            103        0.18802       0.256499     0.00421262
            104       0.246063       0.256399     0.00417313
            105       0.251872       0.256356     0.00413341
            106       0.287405       0.256649      0.0041047
            107       0.243315       0.256524     0.00406807
            108       0.308545       0.257006      0.0040589
            109       0.239692       0.256847     0.00402463
            110       0.306824       0.257301     0.00401367
            111        0.27664       0.257476     0.00398116
            112       0.241098       0.257329     0.00394816
            113        0.25648       0.257322     0.00391308
            114       0.271762       0.257449     0.00388067
            115       0.193711       0.256894      0.0038865
            116       0.221513       0.256589      0.0038649
            117       0.230891        0.25637     0.00383802
            118       0.310776       0.256831     0.00383318
            119         0.2528       0.256797     0.00380098
            120        0.23924       0.256651     0.00377202
            121       0.263551       0.256708     0.00374115
            122       0.258178        0.25672     0.00371037
            123       0.338486       0.257384     0.00373964
            124       0.219476       0.257079     0.00372194
            125       0.168162       0.256367     0.00375995
            126       0.271297       0.256486     0.00373187
            127       0.190269       0.255964      0.0037389
            128       0.225327       0.255725     0.00371729
            129         0.2016       0.255305     0.00371215
            130       0.261597       0.255354      0.0036838
            131       0.277397       0.255522     0.00365944
            132       0.200909       0.255108      0.0036551
            133       0.268949       0.255212     0.00362901
            134       0.265266       0.255288     0.00360261
            135       0.170805       0.254662     0.00363017
            136        0.30756       0.255051     0.00362431
            137       0.291439       0.255316     0.00360755
            138       0.301681       0.255652     0.00359704
            139       0.313095       0.256066      0.0035949
            140       0.270803       0.256171     0.00357068
            141       0.220253       0.255916      0.0035544
            142       0.229737       0.255732      0.0035341
            143       0.265629       0.255801     0.00350998
            144       0.274205       0.255929     0.00348786
            145       0.267528       0.256009     0.00346465
            146       0.304526       0.256341     0.00345684
            147       0.212956       0.256046     0.00344591
            148       0.265803       0.256112     0.00342318
            149       0.232266       0.255952     0.00340389
            150       0.280622       0.256116     0.00338512
            151       0.232707       0.255961      0.0033662
            152       0.289236        0.25618     0.00335114
            153       0.291885       0.256413     0.00333733
            154       0.283859       0.256592     0.00332038
            155       0.299718        0.25687      0.0033106
            156       0.293877       0.257107     0.00329785
            157        0.21086       0.256813     0.00328999
            158       0.280982       0.256966     0.00327268
            159       0.282394       0.257125     0.00325596
            160       0.275243       0.257239     0.00323753
            161       0.214006        0.25697     0.00322855
            162       0.233264       0.256824     0.00321189
            163       0.289565       0.257025     0.00319844
            164        0.23485        0.25689     0.00318175
            165       0.231242       0.256734     0.00316623
            166       0.383573       0.257498     0.00323852
            167       0.268594       0.257565     0.00321976
            168       0.284232       0.257723     0.00320447
            169       0.199915       0.257381     0.00320376
            170       0.262767       0.257413     0.00318502
            171       0.225083       0.257224     0.00317198
            172       0.201451         0.2569     0.00317011
            173       0.314682       0.257234     0.00316938
            174       0.254899        0.25722     0.00315114
            175       0.215886       0.256984     0.00314198
            176       0.297275       0.257213     0.00313245
            177       0.351263       0.257744      0.0031597
            178       0.225736       0.257564     0.00314704
            179        0.22376       0.257376      0.0031351
            180       0.255023       0.257363     0.00311766
            181       0.336164       0.257798     0.00313081
            182       0.189368       0.257422     0.00313618
            183       0.279519       0.257543     0.00312133
            184       0.238467       0.257439     0.00310605
            185        0.25282       0.257414     0.00308932
            186       0.204065       0.257127     0.00308602
            187        0.31622       0.257443      0.0030857
            188       0.224487       0.257268     0.00307424
            189       0.314177       0.257569     0.00307272
            190       0.265428        0.25761     0.00305679
            191       0.310764       0.257889     0.00305345
            192       0.310379       0.258162     0.00304978
            193       0.277224       0.258261     0.00303555
            194       0.325829       0.258609     0.00303988
            195       0.253941       0.258585     0.00302434
            196        0.20518       0.258313     0.00302118
            197        0.22654       0.258151     0.00301013
            198       0.283052       0.258277     0.00299753
            199       0.318789       0.258581     0.00299789
            200       0.226927       0.258423     0.00298706
            201       0.278889       0.258525     0.00297391
            202       0.255259       0.258509     0.00295919
            203       0.260438       0.258518     0.00294459
            204       0.329086       0.258864     0.00295047
            205       0.175519       0.258458     0.00296406
            206       0.318821       0.258751     0.00296415
            207       0.232176       0.258622     0.00295259
            208       0.205246       0.258366     0.00294955
            209       0.251931       0.258335     0.00293556
            210       0.254715       0.258318      0.0029216
            211       0.351015       0.258757     0.00294072
            212       0.285215       0.258882     0.00292948
            213       0.281123       0.258986     0.00291756
            214       0.331677       0.259326      0.0029237
            215       0.245597       0.259262     0.00291077
            216         0.1941        0.25896     0.00291292
            217       0.227372       0.258815     0.00290312
            218       0.251314        0.25878     0.00288998
            219       0.238168       0.258686     0.00287829
            220       0.323986       0.258983     0.00288051
            221       0.291216       0.259129     0.00287115
            222       0.288929       0.259263     0.00286134
            223       0.270804       0.259315     0.00284895
            224       0.239102       0.259225     0.00283764
            225       0.220736       0.259053     0.00283017
            226       0.280357       0.259148      0.0028192
            227       0.278401       0.259233     0.00280803
            228        0.20556       0.258997     0.00280558
            229       0.187184       0.258684     0.00281085
            230       0.281077       0.258781      0.0028003
            231       0.229725       0.258655     0.00279099
            232       0.260293       0.258662     0.00277894
            233       0.262906        0.25868     0.00276705
            234       0.220621       0.258518     0.00275999
            235       0.226266       0.258381     0.00275165
            236       0.302727       0.258568      0.0027464
            237       0.269296       0.258614     0.00273516
            238       0.178078       0.258275     0.00274458
            239        0.28647       0.258393     0.00273562
            240       0.301738       0.258574     0.00273018
            241       0.401082       0.259165     0.00278239
            242       0.226021       0.259028     0.00277425
            243       0.183631       0.258718     0.00278018
            244       0.220917       0.258563     0.00277309
            245       0.287287        0.25868     0.00276423
            246       0.307196       0.258878     0.00276003
            247       0.206811       0.258667      0.0027569
            248       0.201635       0.258437     0.00275538
            249       0.313203       0.258657     0.00275309
            250       0.328238       0.258935     0.00275614
            251       0.211939       0.258748     0.00275152
            252       0.292324       0.258881     0.00274382
            253       0.211475       0.258694     0.00273936
            254       0.240133       0.258621     0.00272954
            255       0.298087       0.258775     0.00272321
            256       0.271659       0.258826     0.00271302
            257        0.25828       0.258824     0.00270245
            258       0.195235       0.258577     0.00270321
            259       0.164452       0.258214     0.00271717
            260       0.239197       0.258141     0.00270768
            261       0.195568       0.257901     0.00270792
            262       0.227349       0.257784     0.00270009
            263       0.317603       0.258012      0.0026994
            264       0.381672        0.25848     0.00272965
            265       0.272777       0.258534     0.00271986
            266       0.282044       0.258622     0.00271106
            267         0.2309       0.258519     0.00270288
            268       0.163976       0.258166     0.00271578
            269       0.262253       0.258181     0.00270571
            270       0.250394       0.258152     0.00269583
            271       0.165596       0.257811     0.00270749
            272       0.266704       0.257843     0.00269771
            273       0.289088       0.257958     0.00269025
            274       0.248436       0.257923     0.00268064
            275       0.288624       0.258035     0.00267321
            276       0.313129       0.258234     0.00267097
            277       0.247454       0.258195      0.0026616
            278       0.211641       0.258028     0.00265729
            279       0.272273       0.258079     0.00264824
            280       0.227152       0.257968     0.00264107
            281       0.192399       0.257735     0.00264198
            282       0.296304       0.257872     0.00263615
            283       0.224888       0.257755      0.0026294
            284       0.309419       0.257937     0.00262643
            285       0.246684       0.257898      0.0026175
            286       0.218534        0.25776     0.00261196
            287       0.291154       0.257876     0.00260544
            288       0.288913       0.257984     0.00259862
            289       0.264763       0.258008     0.00258971
            290       0.281249       0.258088     0.00258201
            291       0.169956       0.257785     0.00259089
            292       0.259776       0.257792     0.00258201
            293       0.259128       0.257796     0.00257318
            294       0.231844       0.257708     0.00256594
            295       0.250241       0.257683     0.00255735
            296       0.212147       0.257529     0.00255333
            297       0.310018       0.257706     0.00255085
            298       0.266796       0.257736     0.00254246
            299       0.169862       0.257442     0.00255093
            300        0.27678       0.257507     0.00254323
            301       0.361175       0.257851     0.00255806
            302       0.307003       0.258014     0.00255476
            303       0.330689       0.258254     0.00255759
            304        0.21258       0.258104     0.00255358
            305       0.256173       0.258097     0.00254521
            306       0.234418        0.25802     0.00253805
            307       0.215419       0.257881     0.00253358
            308       0.260638        0.25789     0.00252535
            309       0.378736       0.258281     0.00254737
            310       0.306247       0.258436     0.00254385
            311          0.211       0.258283     0.00254024
            312       0.285204        0.25837     0.00253355
            313       0.306873       0.258525     0.00253019
            314       0.223128       0.258412     0.00252464
            315       0.259613       0.258416     0.00251662
            316       0.231879       0.258332     0.00251005
            317       0.228061       0.258236     0.00250394
            318       0.178758       0.257986     0.00250853
            319       0.233104       0.257908     0.00250187
            320       0.252037        0.25789     0.00249411
            321       0.277311        0.25795     0.00248706
            322       0.235568       0.257881      0.0024803
            323       0.276758       0.257939      0.0024733
            324       0.354282       0.258237     0.00248352
            325       0.301644        0.25837     0.00247947
            326       0.321003       0.258562     0.00247931
            327       0.287342        0.25865     0.00247328
            328       0.239504       0.258592     0.00246642
            329       0.321298       0.258783     0.00246628
            330       0.177954       0.258538     0.00247097
            331       0.211724       0.258396     0.00246755
            332       0.313027       0.258561      0.0024656
            333       0.243475       0.258515      0.0024586
            334       0.203985       0.258352     0.00245666
            335       0.244458       0.258311     0.00244967
            336       0.263589       0.258326     0.00244242
            337       0.294045       0.258432     0.00243747
            338        0.26202       0.258443     0.00243027
            339       0.226279       0.258348     0.00242495
            340       0.236735       0.258285     0.00241864
            341       0.239625        0.25823     0.00241216
            342        0.30511       0.258367       0.002409
            343       0.211278        0.25823     0.00240588
            344       0.244598        0.25819      0.0023992
            345       0.255871       0.258183     0.00239225
            346       0.307642       0.258326     0.00238961
            347       0.311737        0.25848     0.00238768
            348       0.306759       0.258619     0.00238484
            349       0.230006       0.258537     0.00237941
            350       0.259423       0.258539     0.00237261
            351       0.246552       0.258505     0.00236608
            352       0.317246       0.258672     0.00236525
            353       0.258669       0.258672     0.00235854
            354       0.278712       0.258729     0.00235255
            355       0.260171       0.258733     0.00234591
            356       0.349123       0.258987     0.00235305
            357       0.219394       0.258876     0.00234907
            358       0.248681       0.258847     0.00234267
            359       0.251789       0.258828     0.00233622
            360       0.264544       0.258844     0.00232978
            361       0.242017       0.258797     0.00232378
            362        0.31157       0.258943     0.00232193
            363       0.192577        0.25876     0.00232274
            364          0.346          0.259     0.00232871
            365       0.219369       0.258891     0.00232486
            366       0.224267       0.258796     0.00232043
            367       0.179251        0.25858     0.00232423
            368        0.27572       0.258626     0.00231837
            369       0.312829       0.258773     0.00231674
            370       0.242745        0.25873     0.00231088
            371       0.314091       0.258879     0.00230946
            372       0.206354       0.258738     0.00230757
            373       0.239761       0.258687     0.00230194
            374       0.258955       0.258688     0.00229578
            375       0.212072       0.258563     0.00229302
            376       0.288547       0.258643      0.0022883
            377       0.196572       0.258478     0.00228815
            378       0.203033       0.258332      0.0022868
            379       0.233715       0.258267     0.00228169
            380       0.213932        0.25815     0.00227866
            381        0.31877       0.258309     0.00227824
            382       0.244565       0.258273     0.00227255
            383       0.335309       0.258474     0.00227551
            384       0.196838       0.258314     0.00227525
            385       0.248906        0.25829     0.00226946
            386       0.221651       0.258195     0.00226557
            387       0.300252       0.258303     0.00226232
            388       0.311501        0.25844     0.00226064
            389          0.188       0.258259     0.00226208
            390       0.253591       0.258247      0.0022563
            391       0.274966        0.25829     0.00225093
            392       0.355191       0.258537     0.00225875
            393       0.318554        0.25869     0.00225816
            394       0.360498       0.258948      0.0022672
            395       0.301277       0.259056     0.00226399
            396       0.233611       0.258991     0.00225918
            397       0.235569       0.258932     0.00225425
            398        0.23104       0.258862     0.00224967
            399       0.252064       0.258845     0.00224409
            400       0.233465       0.258782     0.00223938
            401       0.206268       0.258651     0.00223762
            402       0.297582       0.258748     0.00223415
            403       0.347949       0.258969     0.00223956
            404       0.168408       0.258745     0.00224523
            405       0.168408       0.258522     0.00225076
            406       0.250311       0.258502      0.0022453
            407       0.199007       0.258355     0.00224454
            408       0.300517       0.258459     0.00224141
            409       0.281817       0.258516     0.00223666
            410       0.280822        0.25857     0.00223186
            411       0.128759       0.258254     0.00224871
            412       0.204518       0.258124     0.00224704
            413       0.207336       0.258001     0.00224496
            414       0.273321       0.258038     0.00223984
            415        0.21515       0.257935     0.00223682
            416       0.246067       0.257906     0.00223162
            417       0.218995       0.257813     0.00222822
            418        0.35454       0.258044     0.00223489
            419       0.232068       0.257982     0.00223041
            420       0.186885       0.257813     0.00223153
            421       0.279156       0.257864      0.0022268
            422       0.314556       0.257998     0.00222557
            423       0.331318       0.258171     0.00222706
            424        0.20855       0.258054     0.00222488
            425         0.2759       0.258096     0.00222004
            426       0.244226       0.258064     0.00221506
            427       0.210244       0.257952      0.0022127
            428       0.295445       0.258039     0.00220926
            429       0.294012       0.258123      0.0022057
            430       0.275611       0.258164     0.00220094
            431       0.264197       0.258178     0.00219587
            432       0.259195        0.25818     0.00219079
            433       0.294544       0.258264     0.00218733
            434         0.2909       0.258339     0.00218358
            435       0.169839       0.258136     0.00218804
            436       0.272269       0.258168     0.00218325
            437       0.316917       0.258303      0.0021824
            438       0.201723       0.258174     0.00218124
            439        0.20794       0.258059     0.00217927
            440       0.257526       0.258058     0.00217431
            441       0.274523       0.258095      0.0021697
            442       0.189774       0.257941     0.00217029
            443       0.182494        0.25777     0.00217207
            444       0.316175       0.257902     0.00217117
            445       0.206349       0.257786     0.00216938
            446       0.249696       0.257768     0.00216458
            447       0.276353        0.25781     0.00216014
            448       0.212825       0.257709     0.00215765
            449        0.20824       0.257599     0.00215565
            450       0.275484       0.257639     0.00215122
            451       0.194929         0.2575     0.00215095
            452       0.252131       0.257488     0.00214622
            453       0.219361       0.257404     0.00214313
            454       0.280415       0.257454       0.002139
            455       0.271975       0.257486     0.00213453
            456       0.306783       0.257594     0.00213259
            457       0.307071       0.257703     0.00213067
            458       0.202201       0.257581     0.00212946
            459       0.275873       0.257621     0.00212519
            460       0.255312       0.257616     0.00212057
            461       0.286662       0.257679     0.00211691
            462       0.249114       0.257661      0.0021124
            463       0.340546        0.25784     0.00211542
            464       0.233392       0.257787     0.00211152
            465       0.257637       0.257787     0.00210697
            466       0.259496        0.25779     0.00210245
            467        0.25804       0.257791     0.00209794
            468       0.307932       0.257898     0.00209619
            469       0.204954       0.257785     0.00209476
            470       0.315977       0.257909     0.00209396
            471       0.258679       0.257911     0.00208951
            472       0.307854       0.258016     0.00208777
            473       0.230129       0.257957     0.00208418
            474       0.227506       0.257893     0.00208077
            475       0.201881       0.257775     0.00207973
            476       0.246858       0.257752     0.00207549
            477       0.256687        0.25775     0.00207113
            478       0.235006       0.257703     0.00206734
            479       0.273399       0.257735     0.00206328
            480       0.246986       0.257713      0.0020591
            481       0.360359       0.257926     0.00206587
            482        0.18498       0.257775     0.00206712
            483       0.243145       0.257745     0.00206306
            484       0.181029       0.257586     0.00206489
            485       0.281618       0.257636     0.00206122
            486       0.223944       0.257566     0.00205814
            487       0.266549       0.257585     0.00205399
            488       0.209964       0.257487      0.0020521
            489       0.270117       0.257513     0.00204807
            490       0.243872       0.257485     0.00204407
            491       0.305698       0.257583     0.00204227
            492       0.204359       0.257475     0.00204098
            493       0.276003       0.257513     0.00203718
            494       0.234286       0.257466      0.0020336
            495       0.274887       0.257501     0.00202979
            496       0.229418       0.257444     0.00202648
            497       0.313993       0.257558      0.0020256
            498       0.263765       0.257571     0.00202157
            499       0.191333       0.257438     0.00202187
            500        0.32408       0.257571     0.00202222
            501       0.269318       0.257595     0.00201832
            502       0.166444       0.257413     0.00202246
            503       0.215743        0.25733     0.00202014
            504       0.286213       0.257388     0.00201694
            505       0.281741       0.257436     0.00201352
            506       0.246318       0.257414     0.00200966
            507       0.264031       0.257427     0.00200573
            508       0.281757       0.257475     0.00200235
            509       0.242308       0.257445     0.00199864
            510       0.233839       0.257399     0.00199525
            511       0.188641       0.257264     0.00199588
            512       0.199505       0.257151     0.00199517
            513       0.235549       0.257109     0.00199172
            514        0.31948        0.25723     0.00199155
            515       0.341163       0.257393     0.00199435
            516       0.330701       0.257536     0.00199554
            517        0.32147       0.257659     0.00199551
            518       0.344854       0.257828     0.00199876
            519       0.200172       0.257716     0.00199799
            520       0.193322       0.257593     0.00199799
            521       0.308332        0.25769     0.00199653
            522       0.278669        0.25773      0.0019931
            523       0.208154       0.257635     0.00199155
            524       0.306236       0.257728      0.0019899
            525        0.28627       0.257783     0.00198685
            526        0.18892       0.257652     0.00198739
            527       0.302502       0.257737     0.00198544
            528       0.334816       0.257883     0.00198705
            529       0.271624       0.257909     0.00198346
            530       0.215796       0.257829      0.0019813
            531       0.164658       0.257654     0.00198534
            532        0.26223       0.257662     0.00198162
            533       0.253069       0.257654     0.00197792
            534       0.281121       0.257698      0.0019747
            535       0.271669       0.257724     0.00197118
            536       0.220542       0.257654     0.00196872
            537       0.225847       0.257595     0.00196594
            538       0.188312       0.257466     0.00196651
            539        0.26153       0.257474     0.00196287
            540         0.2912       0.257536     0.00196023
            541       0.265707       0.257552     0.00195666
            542       0.264427       0.257564     0.00195309
            543       0.248214       0.257547     0.00194956
            544       0.241901       0.257518     0.00194619
            545       0.277214       0.257554     0.00194295
            546       0.256457       0.257552     0.00193939
            547        0.31095        0.25765      0.0019383
            548        0.23967       0.257617     0.00193504
            549       0.328883       0.257747     0.00193587
            550        0.29177       0.257809     0.00193333
            551       0.279728       0.257849     0.00193023
            552       0.258096       0.257849     0.00192673
            553       0.239323       0.257816     0.00192354
            554       0.327199       0.257941     0.00192414
            555       0.282601       0.257985     0.00192118
            556       0.274507       0.258015     0.00191796
            557       0.208777       0.257927     0.00191655
            558        0.23184        0.25788     0.00191368
            559       0.247186       0.257861     0.00191035
            560       0.219283       0.257792     0.00190818
            561       0.215986       0.257717     0.00190623
            562       0.272692       0.257744     0.00190303
            563        0.25032       0.257731     0.00189969
            564       0.285207       0.257779     0.00189694
            565       0.265812       0.257794     0.00189364
            566       0.273473       0.257821     0.00189049
            567       0.219964       0.257755     0.00188833
            568       0.349204       0.257916     0.00189187
            569       0.218044       0.257846     0.00188984
            570       0.284855       0.257893     0.00188712
            571       0.339929       0.258037     0.00188928
            572       0.246152       0.258016     0.00188609
            573       0.305442       0.258099     0.00188461
            574       0.232543       0.258054     0.00188185
            575       0.343964       0.258203     0.00188451
            576       0.215555       0.258129     0.00188269
            577       0.247002        0.25811     0.00187953
            578       0.177209        0.25797     0.00188149
            579       0.195497       0.257862     0.00188133
            580       0.182193       0.257732     0.00188261
            581       0.388577       0.257957     0.00189281
            582       0.309032       0.258045     0.00189159
            583       0.306087       0.258127     0.00189014
            584       0.273131       0.258153     0.00188708
            585       0.303732       0.258231     0.00188546
            586       0.251216       0.258219     0.00188228
            587       0.265579       0.258231     0.00187911
            588       0.273603       0.258257     0.00187609
            589       0.292996       0.258316     0.00187383
            590       0.191529       0.258203     0.00187408
            591       0.235455       0.258165      0.0018713
            592       0.251304       0.258153     0.00186817
            593       0.272699       0.258178     0.00186518
            594       0.276461       0.258208     0.00186229
            595       0.333114       0.258334     0.00186342
            596       0.263251       0.258343     0.00186031
            597       0.276362       0.258373     0.00185743
            598       0.286215       0.258419     0.00185491
            599       0.335861       0.258549     0.00185632
            600       0.193214        0.25844     0.00185642
            601       0.289886       0.258492     0.00185406
            602        0.33297       0.258616     0.00185511
            603       0.217017       0.258547     0.00185332
            604          0.238       0.258513     0.00185056
            605       0.266096       0.258525     0.00184754
            606        0.22479        0.25847     0.00184533
            607       0.231797       0.258426     0.00184281
            608       0.220995       0.258364     0.00184081
            609        0.31978       0.258465     0.00184055
            610       0.284105       0.258507     0.00183801
            611       0.258558       0.258507       0.001835
            612       0.292234       0.258562     0.00183282
            613       0.228704       0.258514     0.00183048
            614       0.267899       0.258529     0.00182756
            615       0.218313       0.258463     0.00182576
            616       0.291806       0.258518     0.00182359
            617       0.254071        0.25851     0.00182065
            618       0.335527       0.258635     0.00182197
            619       0.290945       0.258687     0.00181977
            620       0.248263        0.25867     0.00181691
            621       0.254433       0.258664       0.001814
            622       0.306359        0.25874      0.0018127
            623        0.17747        0.25861     0.00181448
            624       0.193222       0.258505      0.0018146
            625       0.208559       0.258425     0.00181346
            626       0.344903       0.258563     0.00181582
            627       0.288607       0.258611     0.00181356
            628       0.367035       0.258784     0.00181888
            629        0.24134       0.258756      0.0018162
            630       0.196827       0.258658     0.00181597
            631       0.171224       0.258519     0.00181838
            632       0.237622       0.258486      0.0018158
            633       0.329531       0.258598      0.0018164
            634       0.283942       0.258638     0.00181398
            635       0.295791       0.258697     0.00181206
            636       0.252991       0.258688     0.00180923
            637       0.265672       0.258699     0.00180642
            638       0.285809       0.258741     0.00180409
            639       0.250866       0.258729     0.00180131
            640       0.270786       0.258748     0.00179859
            641       0.273573       0.258771     0.00179593
            642       0.316254        0.25886     0.00179536
            643       0.269581       0.258877     0.00179265
            644       0.272633       0.258899     0.00178999
            645        0.27071       0.258917     0.00178731
            646       0.280107        0.25895     0.00178484
            647       0.275255       0.258975     0.00178226
            648       0.451759       0.259272      0.0018042
            649       0.204853       0.259188     0.00180337
            650       0.191592       0.259084     0.00180359
            651       0.194814       0.258986     0.00180353
            652       0.293647       0.259039     0.00180154
            653       0.253774       0.259031      0.0017988
            654       0.315085       0.259117     0.00179809
            655       0.226647       0.259067     0.00179603
            656       0.212016       0.258995     0.00179472
            657        0.25521        0.25899       0.001792
            658       0.301888       0.259055     0.00179046
            659       0.265271       0.259064     0.00178776
            660       0.213199       0.258995     0.00178641
            661        0.24541       0.258974     0.00178382
            662       0.320066       0.259066     0.00178351
            663       0.238059       0.259035      0.0017811
            664       0.224052       0.258982      0.0017792
            665       0.163067       0.258838     0.00178236
            666       0.223031       0.258784      0.0017805
            667       0.281255       0.258818     0.00177815
            668       0.327088        0.25892     0.00177842
            669       0.243736       0.258897     0.00177591
            670       0.238992       0.258867      0.0017735
            671       0.181976       0.258753     0.00177456
            672       0.296753       0.258809     0.00177282
            673       0.274457       0.258833     0.00177034
            674       0.270659        0.25885      0.0017678
            675       0.245486        0.25883     0.00176529
            676       0.330121       0.258936     0.00176582
            677       0.210852       0.258865     0.00176464
            678       0.309236       0.258939     0.00176361
            679       0.171254        0.25881     0.00176573
            680       0.236145       0.258777     0.00176345
            681       0.309789       0.258852     0.00176245
            682       0.302927       0.258916     0.00176105
            683       0.271188       0.258934     0.00175856
            684       0.288514       0.258977     0.00175652
            685       0.310262       0.259052     0.00175555
            686       0.311718       0.259129     0.00175467
            687       0.270147       0.259145     0.00175219
            688       0.152325        0.25899     0.00175652
            689       0.224001       0.258939      0.0017547
            690       0.269739       0.258955     0.00175223
            691       0.288484       0.258997     0.00175021
            692       0.291277       0.259044      0.0017483
            693       0.238323       0.259014     0.00174603
            694       0.240511       0.258988     0.00174372
            695       0.241166       0.258962      0.0017414
            696       0.281335       0.258994     0.00173919
            697       0.301443       0.259055     0.00173776
            698       0.263008       0.259061     0.00173528
            699       0.221561       0.259007     0.00173363
            700       0.326453       0.259103     0.00173383
            701       0.279551       0.259133      0.0017316
            702       0.256775       0.259129     0.00172913
            703       0.358271        0.25927     0.00173242
            704       0.233618       0.259234     0.00173034
            705       0.240357       0.259207     0.00172809
            706       0.216829       0.259147     0.00172669
            707       0.252753       0.259138     0.00172427
            708       0.206888       0.259064     0.00172341
            709         0.2892       0.259107      0.0017215
            710       0.299431       0.259163     0.00172001
            711       0.262611       0.259168      0.0017176
            712       0.304086       0.259231     0.00171635
            713        0.24916       0.259217     0.00171399
            714       0.296619        0.25927     0.00171239
            715       0.268786       0.259283     0.00171005
            716       0.263661       0.259289     0.00170767
            717       0.291472       0.259334     0.00170588
            718        0.21162       0.259267      0.0017048
            719       0.171588       0.259145     0.00170678
            720       0.254242       0.259139     0.00170443
            721       0.296772       0.259191     0.00170286
            722       0.325678       0.259283     0.00170299
            723       0.244655       0.259263     0.00170076
            724       0.287262       0.259301     0.00169884
            725       0.222022        0.25925     0.00169728
            726       0.283433       0.259283     0.00169527
            727         0.3437       0.259399     0.00169691
            728       0.249957       0.259386     0.00169463
            729       0.269887       0.259401     0.00169236
            730       0.287872        0.25944     0.00169049
            731       0.277566       0.259465     0.00168836
            732       0.229544       0.259424     0.00168655
            733        0.30272       0.259483     0.00168528
            734       0.184384       0.259381     0.00168609
            735       0.281068        0.25941     0.00168405
            736       0.289091        0.25945     0.00168225
            737       0.281059        0.25948     0.00168022
            738       0.250313       0.259467     0.00167799
            739       0.178861       0.259358     0.00167926
            740       0.218631       0.259303     0.00167789
            741       0.183299       0.259201     0.00167876
            742       0.247513       0.259185     0.00167657
            743       0.212743       0.259122     0.00167548
            744        0.25362       0.259115     0.00167324
            745       0.240546        0.25909     0.00167118
            746       0.290461       0.259132     0.00166947
            747       0.158605       0.258997     0.00167266
            748       0.255597       0.258993     0.00167043
            749       0.240132       0.258968     0.00166838
            750       0.270563       0.258983     0.00166623
            751       0.240791       0.258959     0.00166419
            752       0.254211       0.258953     0.00166198
            753       0.256233       0.258949     0.00165978
            754       0.166168       0.258826     0.00166214
            755       0.239924       0.258801     0.00166012
            756       0.303525        0.25886     0.00165898
            757       0.289289         0.2589     0.00165728
            758       0.226717       0.258858     0.00165563
            759       0.223339       0.258811     0.00165411
            760       0.356598        0.25894     0.00165694
            761       0.222964       0.258892     0.00165543
            762       0.305666       0.258954      0.0016544
            763       0.327007       0.259043     0.00165463
            764       0.338851       0.259148     0.00165577
            765       0.330447       0.259241     0.00165622
            766       0.307047       0.259303     0.00165524
            767        0.28733        0.25934     0.00165348
            768       0.180668       0.259237      0.0016545
            769       0.196499       0.259156     0.00165436
            770       0.241135       0.259132     0.00165238
            771       0.289022       0.259171     0.00165069
            772       0.344518       0.259282     0.00165225
            773       0.277076       0.259305     0.00165027
            774       0.203955       0.259233     0.00164969
            775       0.217524       0.259179     0.00164844
            776       0.211009       0.259117     0.00164748
            777       0.292636        0.25916     0.00164593
            778       0.213269       0.259101     0.00164487
            779       0.271742       0.259118     0.00164284
            780       0.292502        0.25916     0.00164129
            781       0.269563       0.259174     0.00163924
            782        0.24059        0.25915     0.00163731
            783       0.251649        0.25914     0.00163525
            784       0.237734       0.259113     0.00163339
            785       0.233623       0.259081     0.00163163
            786       0.267251       0.259091     0.00162959
            787       0.295807       0.259138     0.00162818
            788        0.27609       0.259159     0.00162626
            789       0.331974       0.259251     0.00162681
            790       0.178459       0.259149     0.00162797
            791       0.211761       0.259089     0.00162701
            792       0.299273        0.25914     0.00162575
            793       0.270545       0.259154     0.00162376
            794        0.27715       0.259177     0.00162187
            795       0.265389       0.259185     0.00161985
            796       0.208966       0.259122     0.00161905
            797         0.2601       0.259123     0.00161701
            798       0.238781       0.259097     0.00161519
            799       0.320057       0.259174     0.00161497
            800       0.261792       0.259177     0.00161295
            801       0.367215       0.259312     0.00161657
            802       0.215761       0.259258     0.00161547
            803       0.214474       0.259202     0.00161442
            804       0.251579       0.259192     0.00161244
            805       0.221105       0.259145     0.00161113
            806       0.249543       0.259133     0.00160917
            807       0.261651       0.259136     0.00160718
            808       0.270195        0.25915     0.00160525
            809       0.240255       0.259127     0.00160343
            810       0.211733       0.259068     0.00160252
            811       0.376616       0.259213     0.00160709
            812       0.220653       0.259166     0.00160581
            813       0.282208       0.259194     0.00160409
            814       0.213366       0.259138     0.00160311
            815       0.201395       0.259067      0.0016027
            816       0.245684        0.25905     0.00160082
            817       0.321088       0.259126     0.00160066
            818       0.330374       0.259213     0.00160108
            819        0.27226       0.259229      0.0015992
            820       0.165218       0.259115     0.00160136
            821       0.241814       0.259094     0.00159954
            822       0.258362       0.259093      0.0015976
            823       0.317348       0.259163     0.00159722
            824       0.251973       0.259155     0.00159531
            825        0.27479       0.259174     0.00159349
            826       0.286136       0.259206     0.00159189
            827       0.330931       0.259293     0.00159233
            828       0.332976       0.259382     0.00159289
            829       0.240189       0.259359     0.00159114
            830       0.249822       0.259347     0.00158926
            831        0.30128       0.259398     0.00158815
            832       0.258261       0.259396     0.00158624
            833       0.244331       0.259378     0.00158444
            834       0.277009         0.2594     0.00158268
            835       0.179632       0.259304     0.00158367
            836       0.238915        0.25928     0.00158196
            837       0.290856       0.259317     0.00158052
            838          0.266       0.259325     0.00157865
            839       0.161581       0.259209     0.00158107
            840       0.228639       0.259172      0.0015796
            841       0.238757       0.259148     0.00157791
            842       0.309648       0.259208     0.00157717
            843       0.336384         0.2593     0.00157796
            844       0.226539       0.259261     0.00157657
            845       0.334892        0.25935     0.00157724
            846       0.316483       0.259418     0.00157682
            847       0.398199       0.259582     0.00158346
            848       0.260361       0.259583     0.00158159
            849       0.286701       0.259615     0.00158005
            850       0.267819       0.259624     0.00157822
            851       0.205964       0.259561     0.00157763
            852       0.279123       0.259584     0.00157594
            853       0.302712       0.259635      0.0015749
            854       0.233992       0.259605     0.00157335
            855       0.267692       0.259614     0.00157153
            856       0.282428       0.259641     0.00156992
            857       0.253552       0.259634     0.00156811
            858       0.266446       0.259642      0.0015663
            859       0.316779       0.259708     0.00156589
            860       0.284917       0.259737     0.00156434
            861       0.268784       0.259748     0.00156256
            862       0.202504       0.259682     0.00156215
            863       0.196026       0.259608     0.00156209
            864       0.272689       0.259623     0.00156035
            865       0.245817       0.259607     0.00155863
            866       0.231282       0.259574     0.00155717
            867       0.176553       0.259479     0.00155832
            868       0.205428       0.259416     0.00155777
            869        0.22767        0.25938      0.0015564
            870        0.29931       0.259426     0.00155529
            871       0.281802       0.259451     0.00155371
            872       0.324062       0.259525      0.0015537
            873       0.200099       0.259457     0.00155341
            874       0.207066       0.259397     0.00155279
            875        0.32117       0.259468     0.00155262
            876       0.239739       0.259445     0.00155101
            877       0.189647       0.259366     0.00155128
            878       0.252882       0.259358     0.00154953
            879       0.282733       0.259385       0.001548
            880       0.206203       0.259325     0.00154742
            881       0.240702       0.259304     0.00154581
            882       0.238817        0.25928     0.00154423
            883       0.223604        0.25924     0.00154301
            884       0.334917       0.259325     0.00154363
            885       0.225347       0.259287     0.00154237
            886       0.224617       0.259248     0.00154112
            887       0.253497       0.259241      0.0015394
            888       0.175877       0.259148     0.00154053
            889        0.32807       0.259225     0.00154074
            890       0.261471       0.259228     0.00153901
            891       0.247987       0.259215     0.00153734
            892       0.217855       0.259169     0.00153631
            893       0.240156       0.259147     0.00153474
            894       0.206773       0.259089     0.00153414
            895       0.281508       0.259114     0.00153263
            896       0.274913       0.259131     0.00153102
            897       0.184304       0.259048     0.00153159
            898       0.235505       0.259022      0.0015301
            899       0.367293       0.259142     0.00153314
            900       0.351807       0.259245     0.00153489
            901       0.263514        0.25925     0.00153319
            902       0.295914       0.259291     0.00153203
            903       0.309909       0.259347     0.00153136
            904       0.334055       0.259429      0.0015319
            905       0.147081       0.259305     0.00153523
            906       0.260156       0.259306     0.00153354
            907       0.212015       0.259254     0.00153273
            908       0.203854       0.259193     0.00153226
            909       0.288005       0.259225      0.0015309
            910       0.209633        0.25917     0.00153019
            911       0.298105       0.259213      0.0015291
            912       0.277253       0.259233     0.00152755
            913       0.255116       0.259228     0.00152589
            914       0.218861       0.259184     0.00152486
            915       0.162659       0.259079     0.00152684
            916       0.251552        0.25907     0.00152519
            917       0.322158       0.259139     0.00152508
            918       0.289381       0.259172     0.00152377
            919       0.229106       0.259139     0.00152247
            920       0.203899       0.259079       0.001522
            921       0.235728       0.259054     0.00152055
            922       0.267755       0.259063     0.00151893
            923        0.25095       0.259055     0.00151731
            924       0.293037       0.259091     0.00151612
            925       0.258622       0.259091     0.00151448
            926       0.230988        0.25906     0.00151314
            927       0.268259        0.25907     0.00151154
            928       0.236014       0.259046     0.00151012
            929       0.290541       0.259079     0.00150887
            930       0.193174       0.259009     0.00150891
            931        0.23421       0.258982     0.00150753
            932       0.219213       0.258939     0.00150651
            933       0.242147       0.258921     0.00150501
            934       0.285977        0.25895     0.00150367
            935       0.326886       0.259023     0.00150382
            936       0.312737        0.25908     0.00150331
            937       0.290704       0.259114     0.00150208
            938       0.293812       0.259151     0.00150094
            939       0.248664        0.25914     0.00149938
            940       0.294525       0.259178     0.00149826
            941       0.228642       0.259145     0.00149701
            942       0.293803       0.259182     0.00149588
            943       0.200683        0.25912     0.00149558
            944       0.206972       0.259065     0.00149501
            945       0.259451       0.259065     0.00149343
            946       0.275542       0.259082     0.00149195
            947       0.333275       0.259161     0.00149243
            948       0.339914       0.259246     0.00149329
            949       0.312031       0.259302     0.00149275
            950       0.248046        0.25929     0.00149123
            951       0.310465       0.259344     0.00149063
            952        0.25074       0.259335     0.00148909
            953       0.175267       0.259246     0.00149014
            954       0.242078       0.259228     0.00148869
            955       0.249777       0.259218     0.00148716
            956       0.298051       0.259259     0.00148616
            957       0.257971       0.259258      0.0014846
            958       0.210268       0.259207     0.00148394
            959       0.265199       0.259213      0.0014824
            960       0.245859       0.259199     0.00148092
            961       0.271879       0.259212     0.00147944
            962       0.290822       0.259245     0.00147826
            963       0.205632       0.259189     0.00147778
            964       0.242945       0.259172     0.00147634
            965       0.291099       0.259205     0.00147518
            966       0.241368       0.259187     0.00147377
            967       0.354413       0.259285     0.00147553
            968       0.284076       0.259311     0.00147423
            969       0.345091         0.2594     0.00147537
            970       0.161366       0.259299     0.00147731
            971       0.304101       0.259345      0.0014765
            972       0.235286        0.25932     0.00147519
            973       0.327697        0.25939     0.00147535
            974       0.296566       0.259428     0.00147433
            975       0.251945       0.259421     0.00147284
            976       0.268422        0.25943     0.00147136
            977       0.190762        0.25936     0.00147153
            978       0.171011       0.259269      0.0014728
            979       0.313416       0.259325     0.00147233
            980       0.248268       0.259313     0.00147087
            981       0.265182       0.259319     0.00146938
            982       0.340685       0.259402     0.00147022
            983       0.258212       0.259401     0.00146873
            984       0.304704       0.259447     0.00146795
            985       0.271197       0.259459     0.00146651
            986       0.246631       0.259446     0.00146508
            987       0.263026        0.25945      0.0014636
            988       0.290997       0.259481     0.00146247
            989       0.334757       0.259558     0.00146297
            990       0.255533       0.259554      0.0014615
            991       0.154191       0.259447     0.00146389
            992       0.280583       0.259469     0.00146257
            993       0.279259       0.259488     0.00146123
            994       0.265226       0.259494     0.00145977
            995       0.289004       0.259524      0.0014586
            996       0.296045       0.259561      0.0014576
            997       0.205071       0.259506     0.00145716
            998       0.178586       0.259425     0.00145796
            999       0.235698       0.259401     0.00145669
           1000       0.225699       0.259367     0.00145562
