            0.5           1000          20000              0
              1       0.285037       0.285037              0
              2       0.201216       0.243126      0.0419106
              3       0.342741       0.276331       0.041086
              4       0.244101       0.268273      0.0301489
              5       0.275407         0.2697      0.0233968
              6       0.339942       0.281407      0.0224052
              7       0.332072       0.288645       0.020272
              8       0.315247        0.29197      0.0178682
              9       0.364642       0.300045      0.0177066
             10       0.179227       0.287963      0.0199195
             11       0.229941       0.282688      0.0187741
             12       0.294691       0.283689      0.0171675
             13       0.347404        0.28859      0.0165349
             14       0.261276       0.286639      0.0154321
             15       0.209304       0.281483      0.0152636
             16       0.275663       0.281119      0.0142825
             17       0.335248       0.284303      0.0137887
             18        0.43926       0.292912      0.0155921
             19       0.227891        0.28949      0.0151404
             20       0.206003       0.285316      0.0149578
             21       0.333326       0.287602      0.0144102
             22       0.185458       0.282959      0.0145028
             23       0.243994       0.281265      0.0139611
             24       0.274506       0.280983      0.0133697
             25       0.262214       0.280232      0.0128457
             26       0.205649       0.277364      0.0126708
             27       0.224758       0.275415      0.0123471
             28       0.272037       0.275295      0.0118986
             29       0.239904       0.274074      0.0115457
             30       0.274154       0.274077      0.0111542
             31       0.255945       0.273492      0.0108042
             32       0.226258       0.272016      0.0105648
             33       0.238448       0.270999        0.01029
             34       0.213779       0.269316      0.0101236
             35       0.238897       0.268447     0.00986849
             36        0.24554       0.267811     0.00961153
             37        0.15007       0.264628     0.00987493
             38        0.30749       0.265756     0.00967751
             39        0.25926        0.26559     0.00942757
             40       0.190798        0.26372     0.00937717
             41       0.283395         0.2642     0.00915818
             42       0.140136       0.261246     0.00941296
             43        0.27418       0.261547     0.00919637
             44       0.222093        0.26065     0.00902956
             45       0.281158       0.261106     0.00883838
             46       0.272171       0.261346     0.00864745
             47       0.288608       0.261926     0.00848132
             48       0.364353        0.26406     0.00857258
             49       0.339338       0.265597      0.0085352
             50       0.252989       0.265344     0.00836656
             51       0.209094       0.264241      0.0082747
             52       0.245693       0.263885     0.00812185
             53       0.354195       0.265589     0.00814732
             54       0.219355       0.264733     0.00804073
             55        0.22987       0.264099     0.00791859
             56       0.247842       0.263808     0.00778132
             57       0.243602       0.263454      0.0076518
             58        0.28092       0.263755     0.00752475
             59       0.219028       0.262997     0.00743486
             60       0.213051       0.262164     0.00735714
             61       0.244767       0.261879     0.00724114
             62       0.321076       0.262834     0.00718709
             63        0.25157       0.262655     0.00707435
             64       0.247675       0.262421     0.00696687
             65       0.343991       0.263676     0.00697271
             66       0.256353       0.263565     0.00686715
             67       0.226761       0.263016     0.00678614
             68       0.364367       0.264506     0.00684973
             69       0.176302       0.263228     0.00686971
             70       0.276426       0.263417     0.00677348
             71       0.303396        0.26398      0.0067011
             72       0.224875       0.263437     0.00662966
             73       0.314274       0.264133     0.00657519
             74       0.221957       0.263563     0.00651073
             75       0.240169       0.263251      0.0064309
             76       0.377479       0.264754     0.00652128
             77       0.263585       0.264739     0.00643605
             78       0.260917        0.26469     0.00635319
             79       0.208942       0.263984     0.00631183
             80       0.243888       0.263733     0.00623749
             81       0.225286       0.263258     0.00617826
             82       0.272513       0.263371      0.0061035
             83       0.251188       0.263224      0.0060313
             84       0.230451       0.262834     0.00597182
             85       0.298908       0.263259     0.00591639
             86       0.246873       0.263068     0.00585029
             87       0.199636       0.262339     0.00582844
             88       0.292601       0.262683     0.00577208
             89       0.239512       0.262423     0.00571279
             90       0.271396       0.262522     0.00564984
             91       0.309877       0.263043     0.00561159
             92       0.224791       0.262627     0.00556581
             93       0.282816       0.262844     0.00550992
             94        0.31632       0.263413     0.00548059
             95       0.200432        0.26275     0.00546297
             96       0.181861       0.261907     0.00547104
             97       0.204482       0.261315     0.00544661
             98       0.352136       0.262242     0.00546983
             99       0.285755        0.26248      0.0054195
            100        0.23776       0.262232     0.00537072
            101       0.292169       0.262529     0.00532554
            102       0.199491       0.261911     0.00530916
            103       0.244295        0.26174     0.00526014
            104       0.286752        0.26198     0.00521487
            105       0.225554       0.261633      0.0051766
            106       0.295931       0.261957     0.00513773
            107       0.264663       0.261982     0.00508955
            108        0.25124       0.261883     0.00504319
            109       0.252563       0.261797     0.00499744
            110       0.317876       0.262307     0.00497797
            111       0.295958        0.26261     0.00494223
            112       0.275402       0.262724     0.00489923
            113       0.321175       0.263242     0.00488316
            114        0.27228       0.263321     0.00484078
            115       0.215205       0.262902     0.00481671
            116       0.365192       0.263784     0.00485575
            117       0.226355       0.263464     0.00482468
            118       0.203627       0.262957     0.00481042
            119       0.237082        0.26274     0.00477478
            120       0.348251       0.263452     0.00478815
            121       0.331083       0.264011     0.00478119
            122       0.349986       0.264716     0.00479392
            123       0.308478       0.265072     0.00476808
            124       0.165362       0.264268     0.00479734
            125       0.192317       0.263692     0.00479349
            126       0.265606       0.263707     0.00475532
            127       0.187059       0.263104     0.00475618
            128       0.226002       0.262814     0.00472777
            129       0.286122       0.262995     0.00469445
            130       0.311558       0.263368     0.00467316
            131        0.25667       0.263317     0.00463763
            132       0.276498       0.263417     0.00460344
            133       0.287067       0.263595     0.00457216
            134        0.19711       0.263099     0.00456495
            135       0.285864       0.263267     0.00453415
            136       0.286305       0.263437     0.00450387
            137       0.190199       0.262902     0.00450272
            138          0.276       0.262997     0.00447098
            139       0.314618       0.263368     0.00445421
            140       0.263553        0.26337     0.00442228
            141       0.230993        0.26314     0.00439681
            142       0.161643       0.262425     0.00442386
            143       0.259478       0.262405     0.00439286
            144       0.162009       0.261707     0.00441761
            145        0.17861       0.261134     0.00442431
            146       0.174935       0.260544     0.00443339
            147       0.212049       0.260214     0.00441547
            148         0.1409       0.259408     0.00445902
            149       0.252339        0.25936     0.00442924
            150       0.246748       0.259276     0.00440042
            151       0.209749       0.258948     0.00438347
            152       0.272818        0.25904     0.00435549
            153       0.224109       0.258811     0.00433295
            154       0.273621       0.258907      0.0043058
            155       0.441806       0.260087     0.00443768
            156       0.239867       0.259958     0.00441105
            157       0.226366       0.259744     0.00438808
            158       0.228039       0.259543     0.00436484
            159       0.149372        0.25885      0.0043923
            160       0.279432       0.258979     0.00436665
            161       0.171098       0.258433     0.00437364
            162       0.245024        0.25835     0.00434735
            163       0.257213       0.258343      0.0043206
            164       0.297151        0.25858     0.00430069
            165       0.195434       0.258197     0.00429164
            166       0.331769        0.25864     0.00428867
            167       0.229129       0.258464     0.00426658
            168       0.326336       0.258868      0.0042603
            169       0.272709        0.25895     0.00423581
            170       0.249634       0.258895     0.00421118
            171       0.288086       0.259066     0.00418996
            172        0.20879       0.258773     0.00417577
            173       0.375075       0.259446     0.00420564
            174       0.194834       0.259074     0.00419785
            175       0.154283       0.258475     0.00421653
            176       0.230441       0.258316     0.00419553
            177       0.373339       0.258966     0.00422207
            178       0.146603       0.258335     0.00424548
            179       0.342542       0.258805     0.00424782
            180       0.235249       0.258674     0.00422619
            181       0.361299       0.259241     0.00424084
            182       0.197935       0.258904     0.00423091
            183       0.228604       0.258739     0.00421098
            184       0.264335       0.258769     0.00418814
            185       0.249331       0.258718     0.00416576
            186       0.268587       0.258771     0.00414364
            187       0.237447       0.258657       0.004123
            188       0.260328       0.258666     0.00410102
            189       0.182279       0.258262     0.00409924
            190       0.152522       0.257705     0.00411541
            191       0.208179       0.257446     0.00410201
            192       0.289714       0.257614     0.00408405
            193       0.168098        0.25715     0.00408922
            194       0.279228       0.257264     0.00406968
            195       0.201182       0.256977     0.00405896
            196       0.285129        0.25712     0.00404075
            197       0.189259       0.256776     0.00403491
            198       0.357001       0.257282     0.00404627
            199       0.297244       0.257483     0.00403089
            200       0.306164       0.257726     0.00401807
            201       0.207551       0.257477     0.00400581
            202        0.16559       0.257022      0.0040118
            203       0.347093       0.257465     0.00401657
            204       0.354952       0.257943      0.0040253
            205       0.185291       0.257589     0.00402127
            206       0.252282       0.257563     0.00400178
            207        0.26814       0.257614     0.00398273
            208       0.230313       0.257483     0.00396571
            209        0.19096       0.257165      0.0039595
            210        0.27848       0.257266     0.00394191
            211       0.383091       0.257862     0.00396825
            212       0.178097       0.257486     0.00396737
            213       0.364481       0.257989     0.00398052
            214       0.220435       0.257813     0.00396576
            215       0.377157       0.258368     0.00398611
            216       0.198913       0.258093     0.00397715
            217        0.20649       0.257855     0.00396591
            218       0.195237       0.257568     0.00395812
            219       0.328944       0.257894     0.00395346
            220        0.31475       0.258152     0.00394392
            221       0.311932       0.258396     0.00393357
            222       0.240616       0.258315     0.00391663
            223       0.351588       0.258734      0.0039214
            224       0.168378        0.25833     0.00392464
            225       0.237185       0.258236     0.00390829
            226       0.353081       0.258656     0.00391352
            227       0.289682       0.258793     0.00389864
            228       0.297923       0.258964     0.00388529
            229       0.315013       0.259209     0.00387603
            230       0.253767       0.259185     0.00385921
            231       0.322772       0.259461     0.00385231
            232       0.171336       0.259081     0.00385444
            233       0.242878       0.259011     0.00383849
            234       0.223586        0.25886     0.00382505
            235       0.203721       0.258625     0.00381595
            236       0.251629       0.258596     0.00379987
            237       0.255591       0.258583     0.00378382
            238       0.311733       0.258806      0.0037745
            239       0.214094       0.258619     0.00376333
            240       0.281858       0.258716     0.00374886
            241       0.245523       0.258661     0.00373368
            242       0.234882       0.258563     0.00371952
            243       0.252992        0.25854     0.00370425
            244       0.279205       0.258625     0.00369001
            245       0.194896       0.258365     0.00368411
            246       0.237369       0.258279      0.0036701
            247       0.284422       0.258385     0.00365674
            248       0.291965       0.258521     0.00364448
            249       0.264376       0.258544     0.00362989
            250       0.297068       0.258698     0.00361862
            251       0.190461       0.258426     0.00361442
            252       0.242499       0.258363      0.0036006
            253       0.179743       0.258052     0.00359978
            254       0.257995       0.258052     0.00358558
            255       0.258169       0.258053     0.00357149
            256       0.306005        0.25824     0.00356244
            257       0.241156       0.258173     0.00354917
            258       0.124377       0.257655     0.00357322
            259       0.204089       0.257448      0.0035654
            260       0.352586       0.257814     0.00357046
            261       0.172393       0.257487     0.00357178
            262       0.260985         0.2575     0.00355815
            263       0.244582       0.257451     0.00354493
            264       0.332944       0.257737     0.00354304
            265       0.381287       0.258203      0.0035603
            266       0.284587       0.258302     0.00354828
            267       0.267009       0.258335     0.00353512
            268       0.234346       0.258245     0.00352304
            269       0.354425       0.258603     0.00352808
            270       0.219838       0.258459     0.00351792
            271       0.255134       0.258447     0.00350494
            272       0.201782       0.258239     0.00349824
            273       0.435563       0.258888      0.0035454
            274       0.195953       0.258659      0.0035399
            275       0.274702       0.258717     0.00352749
            276       0.159989       0.258359     0.00353284
            277       0.308741       0.258541     0.00352476
            278       0.346166       0.258856     0.00352617
            279       0.262067       0.258868     0.00351353
            280       0.279508       0.258942     0.00350174
            281       0.205688       0.258752     0.00349439
            282       0.283962       0.258841     0.00348313
            283       0.195879       0.258619     0.00347792
            284       0.160756       0.258274     0.00348274
            285       0.313518       0.258468     0.00347591
            286       0.300187       0.258614     0.00346681
            287       0.342823       0.258907     0.00346714
            288         0.2664       0.258933     0.00345518
            289       0.301471       0.259081     0.00344635
            290       0.163456       0.258751     0.00345024
            291        0.39857       0.259231     0.00347177
            292       0.320997       0.259443     0.00346632
            293       0.275186       0.259497     0.00345489
            294       0.179217       0.259224     0.00345393
            295       0.266122       0.259247     0.00344228
            296        0.28045       0.259319     0.00343138
            297       0.221504       0.259191     0.00342217
            298         0.2533       0.259172     0.00341073
            299       0.261908       0.259181     0.00339931
            300       0.257558       0.259175     0.00338797
            301       0.316785       0.259367     0.00338211
            302       0.196876        0.25916     0.00337724
            303       0.199441       0.258963     0.00337184
            304       0.323623       0.259175     0.00336745
            305       0.271846       0.259217     0.00335665
            306       0.317985       0.259409     0.00335117
            307       0.434477       0.259979     0.00338857
            308       0.282239       0.260051     0.00337832
            309       0.287529        0.26014     0.00336854
            310       0.363938       0.260475     0.00337431
            311       0.247106       0.260432     0.00336372
            312       0.248829       0.260395     0.00335313
            313       0.224933       0.260282     0.00334432
            314       0.239964       0.260217     0.00333428
            315       0.230136       0.260122     0.00332505
            316        0.15723       0.259796     0.00333046
            317       0.251428        0.25977     0.00332005
            318       0.252303       0.259746     0.00330967
            319       0.300009       0.259872     0.00330169
            320       0.350661       0.260156     0.00330357
            321       0.262878       0.260164     0.00329327
            322        0.24234       0.260109     0.00328349
            323       0.237289       0.260038     0.00327407
            324       0.208768        0.25988     0.00326779
            325       0.343858       0.260139     0.00326795
            326       0.252915       0.260116     0.00325798
            327       0.290374       0.260209     0.00324932
            328       0.303943       0.260342     0.00324214
            329       0.291649       0.260437     0.00323367
            330        0.19787       0.260248     0.00322943
            331       0.179974       0.260005     0.00322878
            332       0.327851        0.26021     0.00322552
            333       0.238256       0.260144      0.0032165
            334       0.331177       0.260356     0.00321389
            335       0.130115       0.259968     0.00322779
            336       0.197621       0.259782     0.00322351
            337       0.303284       0.259911     0.00321652
            338       0.297412       0.260022     0.00320891
            339        0.29906       0.260137      0.0032015
            340       0.148371       0.259809     0.00320895
            341       0.237037       0.259742     0.00320023
            342       0.199252       0.259565     0.00319575
            343       0.349362       0.259827     0.00319716
            344       0.199901       0.259653     0.00319261
            345       0.189837        0.25945     0.00318977
            346       0.257429       0.259444     0.00318054
            347       0.244532       0.259401     0.00317165
            348       0.246701       0.259365     0.00316274
            349       0.221563       0.259257     0.00315552
            350        0.23364       0.259183     0.00314734
            351       0.213941       0.259054     0.00314101
            352       0.204735         0.2589     0.00313587
            353       0.211675       0.258766     0.00312984
            354       0.306314       0.258901     0.00312387
            355       0.257503       0.258897     0.00311506
            356       0.336114       0.259114     0.00311386
            357       0.226917       0.259023     0.00310644
            358       0.383444       0.259371     0.00311718
            359       0.162607       0.259101     0.00312015
            360       0.252824       0.259084     0.00311152
            361       0.195477       0.258908     0.00310789
            362       0.356493       0.259177     0.00311099
            363       0.185408       0.258974     0.00310906
            364       0.210835       0.258842     0.00310333
            365       0.216076       0.258725     0.00309703
            366       0.307337       0.258858     0.00309141
            367       0.254552       0.258846       0.003083
            368       0.197799        0.25868     0.00307908
            369       0.350412       0.258929     0.00308077
            370       0.386086       0.259272     0.00309159
            371       0.197471       0.259106     0.00308775
            372       0.141451       0.258789     0.00309563
            373       0.189357       0.258603     0.00309293
            374       0.291272       0.258691     0.00308589
            375        0.27206       0.258726     0.00307785
            376       0.223665       0.258633     0.00307107
            377       0.248968       0.258607     0.00306302
            378       0.268653       0.258634     0.00305502
            379        0.21283       0.258513     0.00304935
            380       0.309129       0.258646     0.00304423
            381       0.316572       0.258798     0.00304003
            382       0.229944       0.258723       0.003033
            383       0.366367       0.259004      0.0030381
            384       0.250444       0.258982     0.00303026
            385       0.224051       0.258891     0.00302374
            386       0.197819       0.258733     0.00302005
            387       0.275313       0.258775     0.00301254
            388       0.158887       0.258518     0.00301577
            389       0.293051       0.258607     0.00300932
            390       0.291682       0.258692     0.00300279
            391       0.410852       0.259081     0.00302028
            392        0.30624       0.259201     0.00301496
            393       0.231118        0.25913     0.00300813
            394       0.270482       0.259158     0.00300062
            395       0.229363       0.259083     0.00299397
            396       0.299196       0.259184     0.00298812
            397       0.252726       0.259168     0.00298062
            398       0.354673       0.259408     0.00298279
            399       0.306785       0.259527     0.00297768
            400       0.265867       0.259543     0.00297027
            401       0.213113       0.259427     0.00296511
            402        0.21902       0.259326     0.00295943
            403       0.283054       0.259385     0.00295267
            404       0.267781       0.259406     0.00294542
            405        0.17063       0.259187     0.00294631
            406        0.28216       0.259243     0.00293959
            407       0.201087         0.2591     0.00293583
            408        0.31605        0.25924     0.00293195
            409       0.239294       0.259191     0.00292518
            410       0.313578       0.259324     0.00292105
            411       0.185941       0.259145      0.0029194
            412       0.241514       0.259103     0.00291262
            413       0.254159       0.259091     0.00290559
            414       0.195153       0.258936     0.00290267
            415       0.189443       0.258769     0.00290051
            416       0.224067       0.258685     0.00289473
            417        0.24063       0.258642      0.0028881
            418       0.206952       0.258518     0.00288384
            419       0.241501       0.258478     0.00287723
            420       0.253155       0.258465      0.0028704
            421       0.228388       0.258394     0.00286447
            422       0.407549       0.258747     0.00287945
            423       0.316286       0.258883     0.00287585
            424       0.259529       0.258885     0.00286906
            425       0.230109       0.258817      0.0028631
            426       0.343771       0.259016     0.00286332
            427       0.163535       0.258793     0.00286535
            428       0.274834        0.25883     0.00285889
            429       0.288123       0.258898     0.00285304
            430       0.324738       0.259052     0.00285051
            431       0.291958       0.259128     0.00284491
            432       0.289689       0.259199      0.0028392
            433       0.278374       0.259243     0.00283298
            434       0.315775       0.259373     0.00282945
            435       0.309499       0.259488     0.00282529
            436       0.349146       0.259694     0.00282629
            437       0.269074       0.259715      0.0028199
            438       0.264794       0.259727     0.00281348
            439       0.335648         0.2599     0.00281238
            440       0.217229       0.259803     0.00280766
            441       0.327802       0.259957     0.00280553
            442       0.240067       0.259912     0.00279953
            443       0.285774       0.259971     0.00279382
            444       0.285806       0.260029     0.00278812
            445        0.24018       0.259984     0.00278221
            446       0.188378       0.259824      0.0027806
            447       0.199072       0.259688      0.0027777
            448       0.208805       0.259574     0.00277382
            449       0.228935       0.259506     0.00276848
            450       0.237372       0.259457     0.00276276
            451       0.226247       0.259383     0.00275761
            452       0.292951       0.259457      0.0027525
            453       0.285707       0.259515     0.00274703
            454       0.251832       0.259498     0.00274102
            455       0.251081        0.25948     0.00273506
            456       0.274948       0.259514     0.00272926
            457       0.217079       0.259421     0.00272487
            458       0.282447       0.259471     0.00271938
            459       0.193154       0.259327     0.00271729
            460        0.23724       0.259279      0.0027118
            461       0.258372       0.259277     0.00270591
            462        0.26708       0.259294      0.0027001
            463       0.193422       0.259151     0.00269802
            464       0.236615       0.259103     0.00269263
            465       0.211334          0.259      0.0026888
            466        0.31426       0.259119     0.00268564
            467       0.330792       0.259272     0.00268428
            468       0.323327       0.259409     0.00268203
            469       0.282263       0.259458     0.00267675
            470        0.23436       0.259404     0.00267158
            471       0.191911       0.259261     0.00266975
            472       0.189315       0.259113     0.00266821
            473       0.203553       0.258995     0.00266515
            474       0.232385       0.258939     0.00266011
            475        0.17027       0.258753     0.00266106
            476       0.334962       0.258913     0.00266029
            477        0.22052       0.258832     0.00265593
            478       0.341054       0.259004     0.00265594
            479       0.199321        0.25888     0.00265332
            480        0.21654       0.258791     0.00264925
            481       0.268996       0.258813     0.00264382
            482       0.127599        0.25854     0.00265234
            483       0.238712       0.258499     0.00264716
            484       0.184166       0.258346     0.00264615
            485       0.283868       0.258398     0.00264121
            486       0.270269       0.258423     0.00263588
            487        0.35789       0.258627     0.00263838
            488       0.425718       0.258969     0.00265514
            489        0.21525        0.25888     0.00265121
            490       0.281958       0.258927     0.00264622
            491       0.278268       0.258967     0.00264111
            492       0.268804       0.258987     0.00263582
            493       0.258588       0.258986     0.00263047
            494       0.299708       0.259068     0.00262643
            495       0.229833       0.259009     0.00262178
            496       0.202762       0.258896     0.00261895
            497       0.239527       0.258857     0.00261396
            498       0.301189       0.258942     0.00261009
            499       0.294654       0.259013     0.00260584
            500       0.174071       0.258843     0.00260617
            501       0.228634       0.258783     0.00260166
            502       0.202377       0.258671      0.0025989
            503       0.173066       0.258501     0.00259931
            504        0.30979       0.258602     0.00259614
            505       0.253578       0.258592     0.00259101
            506       0.160104       0.258398      0.0025932
            507       0.310455         0.2585     0.00259012
            508       0.171212       0.258329     0.00259072
            509       0.300081       0.258411     0.00258693
            510       0.243281       0.258381     0.00258202
            511       0.313669       0.258489     0.00257923
            512       0.237385       0.258448     0.00257452
            513       0.302952       0.258535     0.00257096
            514       0.271446        0.25856     0.00256608
            515       0.323882       0.258687     0.00256423
            516        0.26587       0.258701     0.00255929
            517       0.172863       0.258535     0.00255973
            518       0.189501       0.258401     0.00255825
            519       0.247663       0.258381      0.0025534
            520       0.226257       0.258319     0.00254924
            521       0.183975       0.258176     0.00254834
            522       0.357087       0.258366      0.0025505
            523       0.260444        0.25837     0.00254562
            524       0.224038       0.258304      0.0025416
            525       0.230961       0.258252     0.00253729
            526       0.399724       0.258521      0.0025467
            527       0.223498       0.258454     0.00254274
            528       0.258912       0.258455     0.00253792
            529       0.188713       0.258323     0.00253654
            530       0.225725       0.258262      0.0025325
            531       0.260252       0.258266     0.00252773
            532       0.285741       0.258317      0.0025235
            533       0.331731       0.258455     0.00252252
            534       0.146947       0.258246     0.00252644
            535        0.26818       0.258265     0.00252178
            536       0.246797       0.258243     0.00251716
            537       0.371786       0.258455     0.00252135
            538        0.27932       0.258494     0.00251696
            539       0.224794       0.258431     0.00251307
            540       0.285805       0.258482     0.00250892
            541       0.234654       0.258438     0.00250466
            542       0.204278       0.258338     0.00250204
            543       0.413075       0.258623     0.00251363
            544       0.263662       0.258632     0.00250902
            545       0.381589       0.258858     0.00251455
            546       0.284445       0.258905     0.00251038
            547       0.282026       0.258947     0.00250615
            548       0.263815       0.258956     0.00250158
            549       0.256137       0.258951     0.00249703
            550       0.237596       0.258912     0.00249279
            551       0.248056       0.258892     0.00248834
            552       0.235267       0.258849     0.00248419
            553       0.247645       0.258829     0.00247978
            554       0.306293       0.258915     0.00247678
            555       0.287889       0.258967     0.00247287
            556       0.184654       0.258833     0.00247203
            557       0.183907       0.258699     0.00247125
            558       0.212678       0.258616      0.0024682
            559       0.256517       0.258612     0.00246378
            560       0.281988       0.258654     0.00245973
            561       0.296153       0.258721     0.00245625
            562       0.250841       0.258707     0.00245192
            563       0.200153       0.258603     0.00244977
            564       0.208817       0.258515     0.00244701
            565       0.286235       0.258564     0.00244317
            566       0.277383       0.258597     0.00243908
            567        0.22716       0.258542      0.0024354
            568        0.37727       0.258751     0.00244008
            569       0.275291        0.25878     0.00243596
            570       0.197925       0.258673     0.00243403
            571       0.281645       0.258713     0.00243009
            572       0.204421       0.258618      0.0024277
            573          0.174       0.258471     0.00242795
            574         0.2352        0.25843     0.00242406
            575       0.222093       0.258367     0.00242066
            576       0.234347       0.258325     0.00241682
            577       0.244524       0.258301     0.00241274
            578       0.249843       0.258287     0.00240861
            579       0.204194       0.258193     0.00240626
            580       0.348818       0.258349     0.00240719
            581       0.355747       0.258517     0.00240888
            582       0.211164       0.258436     0.00240611
            583       0.223692       0.258376     0.00240272
            584       0.265342       0.258388     0.00239863
            585       0.317118       0.258488     0.00239663
            586       0.243426       0.258463     0.00239268
            587       0.240494       0.258432     0.00238879
            588       0.206853       0.258344     0.00238634
            589       0.241506       0.258316     0.00238246
            590       0.239622       0.258284     0.00237863
            591       0.183261       0.258157     0.00237799
            592       0.256723       0.258155     0.00237397
            593       0.294986       0.258217     0.00237078
            594       0.280755       0.258255     0.00236709
            595       0.405642       0.258503     0.00237605
            596       0.245732       0.258481     0.00237216
            597       0.341352        0.25862     0.00237225
            598       0.285198       0.258664     0.00236869
            599       0.205691       0.258576     0.00236639
            600       0.269392       0.258594     0.00236251
            601       0.284088       0.258636     0.00235896
            602       0.266107       0.258649     0.00235507
            603       0.214592       0.258576      0.0023523
            604        0.12599       0.258356     0.00235863
            605       0.269852       0.258375     0.00235481
            606       0.308592       0.258458     0.00235238
            607       0.276208       0.258487     0.00234868
            608       0.212591       0.258412     0.00234603
            609       0.213993       0.258339     0.00234331
            610       0.267414       0.258354     0.00233952
            611       0.212724       0.258279     0.00233688
            612       0.260676       0.258283     0.00233306
            613         0.3463       0.258427     0.00233367
            614       0.260313        0.25843     0.00232987
            615       0.296084       0.258491     0.00232688
            616       0.324431       0.258598     0.00232557
            617       0.302655       0.258669     0.00232289
            618       0.268305       0.258685     0.00231918
            619       0.278411       0.258717     0.00231565
            620       0.266915        0.25873     0.00231195
            621       0.275329       0.258757     0.00230838
            622       0.330164       0.258872     0.00230753
            623       0.264764       0.258881     0.00230384
            624       0.236631       0.258845     0.00230042
            625       0.237486       0.258811     0.00229699
            626       0.318335       0.258906     0.00229529
            627       0.198036       0.258809     0.00229368
            628       0.197848       0.258712     0.00229208
            629        0.24082       0.258684     0.00228861
            630       0.200115       0.258591     0.00228687
            631       0.260974       0.258594     0.00228324
            632       0.274973        0.25862     0.00227977
            633       0.312649       0.258706     0.00227777
            634       0.258863       0.258706     0.00227417
            635       0.242079        0.25868     0.00227074
            636       0.376373       0.258865     0.00227471
            637       0.170295       0.258726     0.00227538
            638       0.244716       0.258704     0.00227192
            639       0.257472       0.258702     0.00226836
            640       0.205272       0.258618     0.00226636
            641       0.217194       0.258554     0.00226374
            642       0.243183        0.25853     0.00226034
            643       0.309361       0.258609      0.0022582
            644       0.197348       0.258514      0.0022567
            645       0.268433       0.258529     0.00225325
            646       0.337427       0.258651     0.00225307
            647       0.228306       0.258604     0.00225008
            648       0.365024       0.258769      0.0022526
            649       0.289143       0.258815     0.00224961
            650       0.301921       0.258882     0.00224713
            651       0.156997       0.258725     0.00224912
            652       0.142107       0.258546     0.00225278
            653        0.34215       0.258674     0.00225297
            654       0.258632       0.258674     0.00224952
            655       0.296856       0.258733     0.00224684
            656       0.183315       0.258618     0.00224636
            657       0.325098       0.258719     0.00224522
            658       0.250643       0.258707     0.00224184
            659        0.24808        0.25869     0.00223849
            660       0.144749       0.258518     0.00224175
            661       0.266976       0.258531      0.0022384
            662       0.256622       0.258528     0.00223501
            663       0.217261       0.258466     0.00223251
            664       0.283679       0.258503     0.00222947
            665       0.155491       0.258349     0.00223149
            666       0.189798       0.258246     0.00223052
            667       0.316643       0.258333     0.00222889
            668       0.290835       0.258382     0.00222608
            669       0.146747       0.258215     0.00222901
            670       0.239552       0.258187     0.00222585
            671       0.167724       0.258052     0.00222662
            672       0.258858       0.258054      0.0022233
            673       0.270362       0.258072     0.00222007
            674       0.333996       0.258184     0.00221964
            675       0.265412       0.258195     0.00221637
            676        0.20095        0.25811     0.00221471
            677       0.244887       0.258091     0.00221152
            678        0.18652       0.257985     0.00221078
            679       0.219136       0.257928     0.00220826
            680        0.28815       0.257973     0.00220546
            681       0.140461         0.2578     0.00220897
            682        0.23857       0.257772     0.00220591
            683       0.376982       0.257946     0.00220958
            684       0.387372       0.258136     0.00221445
            685       0.290816       0.258183     0.00221173
            686       0.289572       0.258229     0.00220897
            687       0.403442        0.25844     0.00221586
            688       0.260047       0.258443     0.00221264
            689       0.292692       0.258493     0.00220999
            690       0.301627       0.258555     0.00220767
            691       0.283595       0.258591     0.00220477
            692       0.239319       0.258563     0.00220175
            693        0.31845        0.25865     0.00220027
            694       0.233402       0.258613      0.0021974
            695       0.297447       0.258669     0.00219495
            696       0.279078       0.258699     0.00219199
            697       0.218134        0.25864     0.00218961
            698       0.139209       0.258469     0.00219316
            699       0.221706       0.258417     0.00219065
            700       0.240325       0.258391     0.00218767
            701       0.312964       0.258469     0.00218594
            702       0.350139       0.258599     0.00218672
            703       0.336643        0.25871     0.00218643
            704       0.220904       0.258657     0.00218398
            705       0.231072       0.258618     0.00218123
            706       0.350373       0.258747     0.00218202
            707       0.263365       0.258754     0.00217894
            708       0.192474        0.25866     0.00217787
            709       0.305002       0.258726     0.00217578
            710       0.258668       0.258726     0.00217271
            711       0.164523       0.258593      0.0021737
            712       0.223648       0.258544      0.0021712
            713       0.181366       0.258436     0.00217085
            714       0.293177       0.258485     0.00216835
            715       0.240678        0.25846     0.00216546
            716       0.257801       0.258459     0.00216243
            717       0.228118       0.258416     0.00215983
            718        0.34757       0.258541     0.00216039
            719       0.175652       0.258425     0.00216046
            720       0.201505       0.258346     0.00215891
            721       0.255624       0.258342     0.00215591
            722       0.234328       0.258309     0.00215318
            723       0.316389        0.25839      0.0021517
            724        0.28266       0.258423     0.00214899
            725       0.176603        0.25831     0.00214899
            726       0.331971       0.258412     0.00214843
            727       0.221121        0.25836     0.00214608
            728       0.263068       0.258367     0.00214314
            729       0.357754       0.258503     0.00214454
            730       0.220752       0.258451     0.00214222
            731       0.236822       0.258422     0.00213949
            732       0.334271       0.258525     0.00213908
            733       0.286663       0.258564      0.0021365
            734       0.230089       0.258525     0.00213394
            735       0.187224       0.258428     0.00213325
            736       0.205738       0.258356     0.00213155
            737       0.201772        0.25828     0.00213004
            738       0.281932       0.258312     0.00212739
            739        0.25516       0.258307     0.00212451
            740       0.244478       0.258289     0.00212172
            741       0.269964       0.258305     0.00211892
            742       0.209462       0.258239     0.00211708
            743        0.33422       0.258341      0.0021167
            744       0.223665       0.258294     0.00211437
            745       0.287655       0.258334      0.0021119
            746       0.209181       0.258268     0.00211009
            747       0.289226       0.258309     0.00210768
            748       0.334934       0.258412     0.00210735
            749       0.288084       0.258451      0.0021049
            750       0.243657       0.258432     0.00210219
            751       0.406639       0.258629     0.00210864
            752       0.215968       0.258572      0.0021066
            753       0.278087       0.258598     0.00210396
            754       0.197429       0.258517     0.00210273
            755       0.237386       0.258489     0.00210013
            756       0.180407       0.258386      0.0020999
            757       0.297331       0.258437     0.00209775
            758       0.305031       0.258499     0.00209588
            759       0.216147       0.258443     0.00209386
            760       0.339296       0.258549     0.00209381
            761       0.295237       0.258597     0.00209161
            762       0.219321       0.258546      0.0020895
            763         0.2111       0.258484     0.00208769
            764       0.237989       0.258457     0.00208513
            765        0.25113       0.258447     0.00208242
            766       0.345313       0.258561     0.00208279
            767       0.280421       0.258589     0.00208027
            768        0.31206       0.258659     0.00207872
            769       0.320846        0.25874     0.00207759
            770       0.377381       0.258894     0.00208061
            771       0.182265       0.258794     0.00208028
            772       0.256046       0.258791     0.00207759
            773       0.278018       0.258816     0.00207505
            774       0.258907       0.258816     0.00207237
            775       0.269183       0.258829     0.00206973
            776       0.187767       0.258738     0.00206909
            777       0.236169       0.258709     0.00206663
            778       0.266593       0.258719       0.002064
            779       0.215477       0.258663     0.00206209
            780       0.287882       0.258701     0.00205979
            781       0.209393       0.258638     0.00205812
            782       0.146653       0.258494     0.00206047
            783       0.212249       0.258435     0.00205868
            784        0.15641       0.258305     0.00206017
            785       0.194212       0.258224     0.00205916
            786       0.207653       0.258159     0.00205755
            787       0.300827       0.258213     0.00205565
            788        0.19708       0.258136      0.0020545
            789       0.187405       0.258046     0.00205385
            790       0.292321        0.25809     0.00205171
            791       0.263644       0.258097     0.00204913
            792       0.249047       0.258085     0.00204657
            793       0.261718        0.25809     0.00204399
            794       0.233527       0.258059     0.00204165
            795        0.38936       0.258224     0.00204576
            796       0.242167       0.258204     0.00204329
            797       0.221145       0.258157     0.00204125
            798       0.166423       0.258042     0.00204193
            799       0.274939       0.258063     0.00203948
            800       0.374136       0.258209     0.00204209
            801       0.225046       0.258167     0.00203996
            802       0.212364        0.25811     0.00203822
            803       0.152727       0.257979      0.0020399
            804       0.356229       0.258101     0.00204102
            805       0.255019       0.258097     0.00203849
            806       0.298489       0.258147     0.00203658
            807       0.325831       0.258231     0.00203578
            808       0.351001       0.258346      0.0020365
            809       0.351866       0.258462     0.00203726
            810       0.296256       0.258508     0.00203528
            811       0.248984       0.258497      0.0020328
            812       0.202733       0.258428     0.00203146
            813       0.227889        0.25839     0.00202931
            814       0.181557       0.258296     0.00202901
            815       0.274858       0.258316     0.00202662
            816       0.364517       0.258446     0.00202831
            817       0.347889       0.258556     0.00202879
            818       0.317834       0.258628      0.0020276
            819       0.243101       0.258609     0.00202521
            820       0.172998       0.258505     0.00202543
            821       0.227355       0.258467     0.00202332
            822       0.211727        0.25841     0.00202166
            823       0.186459       0.258323     0.00202109
            824       0.333107       0.258413     0.00202068
            825       0.374349       0.258554     0.00202311
            826       0.238205       0.258529     0.00202081
            827       0.283138       0.258559     0.00201858
            828       0.303118       0.258613     0.00201686
            829       0.230896        0.25858     0.00201471
            830       0.308287       0.258639     0.00201317
            831       0.212762       0.258584      0.0020115
            832       0.307388       0.258643     0.00200994
            833       0.276163       0.258664     0.00200764
            834       0.317121       0.258734     0.00200645
            835       0.295685       0.258778     0.00200454
            836       0.380786       0.258924     0.00200745
            837       0.261652       0.258927     0.00200505
            838       0.298246       0.258974     0.00200321
            839       0.337287       0.259068     0.00200299
            840       0.299598       0.259116     0.00200119
            841       0.217043       0.259066     0.00199943
            842       0.264884       0.259073     0.00199707
            843       0.295898       0.259117     0.00199518
            844       0.233889       0.259087     0.00199304
            845        0.24506        0.25907     0.00199075
            846       0.350195       0.259178     0.00199131
            847       0.252058       0.259169     0.00198897
            848       0.230753       0.259136     0.00198691
            849        0.30069       0.259185     0.00198517
            850       0.234135       0.259155     0.00198305
            851        0.25915       0.259155     0.00198072
            852       0.352012       0.259264     0.00198139
            853       0.292239       0.259303     0.00197945
            854       0.224665       0.259262     0.00197754
            855       0.225502       0.259223     0.00197562
            856       0.320598       0.259295     0.00197462
            857       0.214176       0.259242     0.00197301
            858       0.162143       0.259129     0.00197396
            859       0.309432       0.259187     0.00197253
            860       0.215614       0.259137     0.00197089
            861       0.269662       0.259149     0.00196863
            862        0.19275       0.259072     0.00196786
            863       0.252395       0.259064     0.00196559
            864       0.322876       0.259138      0.0019647
            865       0.308669       0.259195     0.00196327
            866        0.22433       0.259155     0.00196141
            867       0.279394       0.259178     0.00195929
            868       0.310987       0.259238     0.00195794
            869       0.253508       0.259231     0.00195569
            870       0.240619        0.25921     0.00195356
            871       0.229277       0.259176     0.00195162
            872       0.209249       0.259118     0.00195022
            873       0.304164        0.25917     0.00194867
            874       0.176376       0.259075     0.00194874
            875       0.216695       0.259027     0.00194712
            876       0.171208       0.258927     0.00194748
            877       0.223104       0.258886     0.00194568
            878       0.346604       0.258986     0.00194603
            879       0.295615       0.259027     0.00194426
            880       0.223288       0.258987     0.00194248
            881       0.154477       0.258868     0.00194389
            882       0.212349       0.258815      0.0019424
            883       0.162282       0.258706     0.00194328
            884        0.13453       0.258566     0.00194616
            885       0.330154       0.258646     0.00194564
            886       0.311537       0.258706     0.00194436
            887       0.214647       0.258656      0.0019428
            888       0.273719       0.258673     0.00194069
            889       0.192561       0.258599     0.00193993
            890        0.23547       0.258573     0.00193792
            891       0.263677       0.258579     0.00193575
            892       0.245204       0.258564     0.00193364
            893       0.404957       0.258728     0.00193842
            894       0.233475       0.258699     0.00193645
            895       0.282074       0.258726     0.00193447
            896       0.187585       0.258646     0.00193394
            897       0.214685       0.258597      0.0019324
            898       0.300066       0.258643      0.0019308
            899       0.253289       0.258637     0.00192866
            900       0.356477       0.258746     0.00192958
            901       0.241253       0.258727     0.00192754
            902       0.174589       0.258633     0.00192766
            903       0.214079       0.258584     0.00192615
            904       0.178353       0.258495     0.00192607
            905       0.212849       0.258445      0.0019246
            906       0.272397        0.25846     0.00192253
            907       0.179451       0.258373     0.00192239
            908       0.195554       0.258304     0.00192151
            909       0.217275       0.258259     0.00191993
            910       0.227165       0.258225     0.00191812
            911       0.303171       0.258274     0.00191665
            912       0.300076        0.25832      0.0019151
            913       0.333529       0.258402     0.00191477
            914       0.181183       0.258318     0.00191454
            915       0.122197       0.258169     0.00191822
            916       0.224755       0.258133     0.00191648
            917       0.340674       0.258223      0.0019165
            918       0.290528       0.258258     0.00191474
            919       0.287566        0.25829     0.00191292
            920       0.314717       0.258351     0.00191182
            921       0.291132       0.258387     0.00191008
            922       0.301914       0.258434     0.00190859
            923       0.319813         0.2585     0.00190768
            924       0.239299       0.258479     0.00190572
            925       0.250139        0.25847     0.00190368
            926       0.233065       0.258443     0.00190183
            927       0.245084       0.258429     0.00189983
            928       0.192239       0.258357     0.00189912
            929       0.190881       0.258285     0.00189846
            930       0.200048       0.258222     0.00189745
            931       0.200677        0.25816     0.00189642
            932       0.226511       0.258126     0.00189469
            933       0.302235       0.258174     0.00189325
            934       0.259058       0.258174     0.00189122
            935       0.195552       0.258108     0.00189038
            936       0.200447       0.258046     0.00188937
            937       0.282962       0.258072     0.00188754
            938       0.288409       0.258105      0.0018858
            939        0.23753       0.258083     0.00188392
            940       0.343721       0.258174     0.00188412
            941       0.218935       0.258132     0.00188258
            942       0.234898       0.258108     0.00188074
            943       0.175461        0.25802     0.00188079
            944       0.263291       0.258026      0.0018788
            945       0.310225       0.258081     0.00187763
            946       0.267329       0.258091     0.00187567
            947       0.251847       0.258084      0.0018737
            948       0.238395       0.258063     0.00187183
            949       0.235683        0.25804     0.00187001
            950       0.353932       0.258141     0.00187076
            951       0.161437       0.258039     0.00187156
            952       0.309958       0.258093     0.00187039
            953       0.317952       0.258156     0.00186948
            954       0.229224       0.258126     0.00186777
            955       0.252162        0.25812     0.00186582
            956       0.290589       0.258154     0.00186418
            957       0.303203       0.258201     0.00186282
            958       0.237534       0.258179       0.001861
            959       0.233116       0.258153     0.00185924
            960        0.22553       0.258119     0.00185762
            961       0.301463       0.258164     0.00185623
            962       0.255337       0.258161      0.0018543
            963       0.273668       0.258177     0.00185245
            964       0.131771       0.258046     0.00185516
            965       0.241568       0.258029     0.00185332
            966       0.305079       0.258078     0.00185204
            967       0.383682       0.258208     0.00185468
            968       0.202353        0.25815     0.00185366
            969       0.299724       0.258193     0.00185224
            970       0.227691       0.258161      0.0018506
            971        0.24638       0.258149     0.00184873
            972       0.340738       0.258234     0.00184878
            973        0.26067       0.258237     0.00184688
            974       0.283457       0.258263     0.00184517
            975        0.21667        0.25822     0.00184377
            976       0.195228       0.258156     0.00184301
            977        0.36667       0.258267     0.00184447
            978       0.233867       0.258242     0.00184275
            979       0.235321       0.258218     0.00184102
            980        0.18135        0.25814     0.00184081
            981       0.314777       0.258198     0.00183984
            982        0.31798       0.258258     0.00183897
            983       0.217891       0.258217     0.00183756
            984       0.258034       0.258217     0.00183569
            985       0.193597       0.258152       0.001835
            986       0.271091       0.258165     0.00183318
            987       0.194571         0.2581     0.00183246
            988        0.18849        0.25803     0.00183196
            989       0.333857       0.258106     0.00183171
            990       0.315492       0.258164     0.00183078
            991       0.267921       0.258174     0.00182895
            992        0.16401       0.258079     0.00182957
            993       0.241051       0.258062     0.00182781
            994       0.241128       0.258045     0.00182605
            995       0.217151       0.258004     0.00182468
            996       0.293696        0.25804      0.0018232
            997       0.244866       0.258027     0.00182141
            998       0.307447       0.258076     0.00182026
            999       0.280172       0.258098     0.00181857
           1000       0.391409       0.258232     0.00182164
