            0.5           1000          20000              0
              1       0.335969       0.335969              0
              2       0.326122       0.331045     0.00492382
              3       0.367796       0.343295      0.0125757
              4       0.350678       0.345141     0.00908184
              5       0.324373       0.340988     0.00816942
              6        0.33948       0.340736     0.00667504
              7       0.371581       0.345143     0.00715833
              8       0.311284        0.34091     0.00750622
              9       0.328471       0.339528      0.0067626
             10        0.28494       0.334069     0.00814768
             11       0.285913       0.329692     0.00857206
             12       0.328077       0.329557     0.00782634
             13       0.340723       0.330416     0.00725024
             14       0.337061       0.330891     0.00672918
             15       0.300672       0.328876     0.00658048
             16       0.277916       0.325691     0.00693066
             17        0.26546       0.322148     0.00741187
             18       0.366755       0.324626     0.00741439
             19        0.31659       0.324203     0.00702606
             20       0.368877       0.326437     0.00702982
             21       0.317166       0.325995     0.00670125
             22        0.33654       0.326475     0.00640735
             23       0.343633       0.327221     0.00616772
             24       0.293779       0.325827     0.00606731
             25       0.385101       0.328198       0.006284
             26       0.345638       0.328869     0.00607461
             27       0.339259       0.329254     0.00585795
             28       0.361252       0.330397     0.00575938
             29       0.322078        0.33011     0.00556463
             30       0.332293       0.330183     0.00537643
             31       0.368478       0.331418     0.00534483
             32       0.327201       0.331286     0.00517679
             33       0.334624       0.331387     0.00501848
             34       0.306808       0.330664     0.00492202
             35       0.314211       0.330194     0.00480239
             36       0.336019       0.330356     0.00466989
             37       0.319721       0.330069       0.004551
             38       0.319307       0.329785     0.00443867
             39       0.352522       0.330368     0.00436249
             40       0.336041        0.33051     0.00425439
             41        0.29453       0.329633     0.00424111
             42       0.343022       0.329951     0.00415116
             43       0.270275       0.328564     0.00428448
             44       0.291247       0.327715     0.00427102
             45       0.365997       0.328566     0.00426082
             46       0.316363       0.328301      0.0041756
             47       0.339859       0.328547     0.00409318
             48       0.261532       0.327151     0.00424326
             49       0.351456       0.327647     0.00418526
             50       0.304371       0.327181     0.00412704
             51       0.301714       0.326682     0.00407601
             52       0.310946       0.326379      0.0040083
             53        0.33944       0.326626     0.00393966
             54       0.303372       0.326195     0.00388992
             55       0.296873       0.325662     0.00385557
             56       0.323468       0.325623      0.0037863
             57       0.337306       0.325828     0.00372493
             58       0.329395       0.325889     0.00366066
             59       0.365747       0.326565     0.00366095
             60       0.364406       0.327195     0.00365425
             61       0.311423       0.326937     0.00360313
             62       0.305096       0.326585       0.003562
             63       0.330651       0.326649      0.0035056
             64       0.262601       0.325648     0.00359259
             65       0.317574       0.325524     0.00353907
             66       0.293464       0.325038     0.00351873
             67       0.271237       0.324235     0.00355762
             68       0.330829       0.324332     0.00350625
             69       0.293706       0.323889     0.00348346
             70       0.347807        0.32423     0.00345029
             71       0.298574       0.323869     0.00342049
             72       0.273464       0.323169     0.00344454
             73       0.397813       0.324191     0.00354758
             74       0.295306       0.323801     0.00352102
             75       0.358757       0.324267     0.00350488
             76       0.316094        0.32416     0.00346013
             77       0.328838        0.32422     0.00341544
             78       0.287746       0.323753     0.00340364
             79       0.374256       0.324392     0.00342055
             80       0.335294       0.324528     0.00338027
             81       0.313798       0.324396     0.00334091
             82       0.352926       0.324744      0.0033182
             83       0.264733       0.324021     0.00335677
             84       0.296466       0.323693     0.00333275
             85        0.34684       0.323965     0.00330455
             86       0.331848       0.324057     0.00326719
             87       0.294165       0.323713     0.00324764
             88       0.369303       0.324231     0.00325205
             89       0.292485       0.323874     0.00323503
             90       0.357052       0.324243     0.00322005
             91       0.335395       0.324366     0.00318683
             92       0.292091       0.324015     0.00317146
             93       0.316711       0.323936     0.00313816
             94       0.374912       0.324479      0.0031516
             95       0.320111       0.324433     0.00311859
             96       0.345169       0.324649     0.00309348
             97       0.326607       0.324669     0.00306149
             98       0.315497       0.324575     0.00303154
             99       0.300483       0.324332     0.00301061
            100       0.336286       0.324451     0.00298275
            101       0.286816       0.324079     0.00297649
            102       0.356655       0.324398     0.00296441
            103       0.310231       0.324261     0.00293871
            104       0.270502       0.323744     0.00295587
            105        0.34124        0.32391     0.00293232
            106       0.349191       0.324149      0.0029143
            107       0.342483        0.32432     0.00289201
            108        0.35872       0.324639     0.00288276
            109       0.317519       0.324573     0.00285694
            110       0.321546       0.324546     0.00283098
            111       0.341716       0.324701     0.00280962
            112        0.33365        0.32478     0.00278557
            113       0.321785       0.324754     0.00276094
            114       0.350481        0.32498      0.0027459
            115       0.269659       0.324499      0.0027641
            116       0.376712       0.324949     0.00277689
            117       0.317565       0.324886     0.00275378
            118       0.353228       0.325126     0.00274089
            119       0.342318        0.32527     0.00272159
            120       0.311656       0.325157      0.0027012
            121       0.340842       0.325286     0.00268192
            122        0.32611       0.325293     0.00265985
            123       0.376702       0.325711     0.00267104
            124       0.310021       0.325585     0.00265243
            125       0.315574       0.325504     0.00263235
            126       0.347664        0.32568     0.00261729
            127       0.350928       0.325879      0.0026042
            128       0.328325       0.325898     0.00258384
            129        0.28006       0.325543     0.00258824
            130       0.340834       0.325661     0.00257095
            131       0.366502       0.325972     0.00257023
            132       0.293173       0.325724     0.00256275
            133       0.361408       0.325992     0.00255752
            134       0.389989        0.32647      0.0025829
            135       0.302454       0.326292     0.00256987
            136       0.319635       0.326243     0.00255137
            137       0.299293       0.326046     0.00254031
            138       0.333592       0.326101     0.00252242
            139       0.306277       0.325958     0.00250827
            140       0.319795       0.325914     0.00249068
            141        0.35277       0.326105     0.00248027
            142       0.336133       0.326175     0.00246376
            143       0.325299       0.326169     0.00244647
            144        0.34115       0.326273     0.00243165
            145       0.332492       0.326316      0.0024152
            146       0.329529       0.326338     0.00239871
            147       0.357078       0.326547     0.00239149
            148       0.347169       0.326687     0.00237936
            149       0.313008       0.326595     0.00236512
            150       0.285081       0.326318     0.00236555
            151       0.290607       0.326081      0.0023617
            152        0.37788       0.326422     0.00237073
            153       0.285042       0.326152     0.00237066
            154       0.319891       0.326111     0.00235557
            155       0.365093       0.326363      0.0023538
            156       0.276784       0.326045     0.00236016
            157       0.331852       0.326082     0.00234537
            158       0.328436       0.326097     0.00233052
            159       0.381498       0.326445     0.00234189
            160         0.3589       0.326648     0.00233603
            161       0.316249       0.326583     0.00232237
            162       0.305261       0.326452     0.00231174
            163       0.354388       0.326623      0.0023039
            164       0.322984       0.326601     0.00228991
            165        0.26096       0.326203      0.0023105
            166       0.337366        0.32627     0.00229752
            167       0.337611       0.326338     0.00228473
            168       0.263135       0.325962     0.00230204
            169       0.285005        0.32572     0.00230118
            170       0.339846       0.325803     0.00228911
            171       0.336311       0.325864     0.00227651
            172       0.318643       0.325822     0.00226363
            173       0.352702       0.325978     0.00225586
            174       0.340921       0.326064      0.0022445
            175       0.304605       0.325941     0.00223501
            176       0.334743       0.325991     0.00222283
            177       0.378299       0.326287     0.00222991
            178       0.338639       0.326356     0.00221843
            179       0.366474        0.32658     0.00221736
            180        0.28449       0.326346     0.00221737
            181       0.371188       0.326594     0.00221896
            182       0.306803       0.326485     0.00220941
            183       0.323697        0.32647     0.00219736
            184       0.350928       0.326603     0.00218942
            185       0.324614       0.326592     0.00217758
            186       0.310675       0.326507     0.00216753
            187       0.363425       0.326704     0.00216493
            188       0.318617       0.326661     0.00215381
            189        0.40364       0.327068     0.00218076
            190       0.320506       0.327034     0.00216953
            191       0.292209       0.326851     0.00216583
            192       0.366378       0.327057     0.00216433
            193       0.289758       0.326864     0.00216174
            194       0.363238       0.327051     0.00215873
            195       0.330686        0.32707     0.00214771
            196       0.350075       0.327187     0.00213995
            197       0.307917        0.32709      0.0021313
            198       0.344932        0.32718     0.00212242
            199       0.317187        0.32713     0.00211233
            200       0.331672       0.327152     0.00210186
            201       0.354472       0.327288     0.00209579
            202       0.316075       0.327233     0.00208613
            203       0.324842       0.327221     0.00207586
            204       0.342725       0.327297     0.00206706
            205       0.329977        0.32731     0.00205699
            206       0.338488       0.327364      0.0020477
            207       0.346463       0.327457     0.00203987
            208       0.288911       0.327271     0.00203848
            209       0.323122       0.327251      0.0020288
            210       0.309688       0.327168     0.00202085
            211       0.401139       0.327518     0.00204157
            212        0.30758       0.327424      0.0020341
            213       0.391046       0.327723     0.00204644
            214       0.356531       0.327858      0.0020413
            215       0.332416       0.327879     0.00203189
            216       0.290279       0.327705     0.00202994
            217       0.332032       0.327725     0.00202066
            218        0.32718       0.327722     0.00201137
            219       0.273842       0.327476     0.00201723
            220       0.318868       0.327437     0.00200842
            221       0.382011       0.327684      0.0020145
            222       0.321948       0.327658     0.00200558
            223       0.360953       0.327807     0.00200214
            224       0.318348       0.327765     0.00199363
            225       0.339904       0.327819     0.00198548
            226       0.272019       0.327572     0.00199203
            227       0.327297       0.327571     0.00198324
            228       0.321863       0.327546     0.00197468
            229        0.35884       0.327683     0.00197078
            230       0.346298       0.327764     0.00196386
            231       0.327447       0.327762     0.00195534
            232       0.341174        0.32782     0.00194775
            233       0.282556       0.327626     0.00194908
            234       0.304977       0.327529     0.00194315
            235       0.322443       0.327507     0.00193498
            236       0.331256       0.327523     0.00192683
            237       0.308746       0.327444     0.00192032
            238       0.348425       0.327532     0.00191426
            239       0.291998       0.327383     0.00191203
            240       0.250669       0.327064     0.00193069
            241       0.327146       0.327064     0.00192266
            242       0.258463       0.326781     0.00193557
            243       0.295799       0.326653      0.0019318
            244       0.321328       0.326631     0.00192399
            245       0.257669        0.32635     0.00193669
            246       0.350986        0.32645      0.0019314
            247        0.33629        0.32649     0.00192397
            248       0.304077       0.326399     0.00191833
            249       0.364591       0.326553     0.00191676
            250       0.320348       0.326528     0.00190923
            251       0.299868       0.326422     0.00190458
            252       0.314016       0.326373     0.00189764
            253       0.302695       0.326279     0.00189244
            254        0.30675       0.326202     0.00188654
            255       0.328066       0.326209     0.00187915
            256       0.375289       0.326401     0.00188158
            257       0.317167       0.326365     0.00187459
            258       0.279327       0.326183     0.00187619
            259       0.287411       0.326033     0.00187492
            260       0.247435       0.325731       0.001892
            261       0.311685       0.325677     0.00188551
            262       0.386914       0.325911     0.00189278
            263       0.283543        0.32575     0.00189244
            264       0.306378       0.325676     0.00188669
            265        0.36854       0.325838      0.0018865
            266       0.369546       0.326002     0.00188656
            267        0.31664       0.325967     0.00187981
            268       0.327729       0.325974      0.0018728
            269       0.300791        0.32588     0.00186817
            270       0.322427       0.325867     0.00186128
            271       0.297033       0.325761     0.00185745
            272       0.354401       0.325866      0.0018536
            273       0.324146        0.32586     0.00184681
            274       0.313277       0.325814     0.00184063
            275       0.304524       0.325737     0.00183556
            276       0.307644       0.325671     0.00183007
            277       0.335032       0.325705     0.00182376
            278       0.320549       0.325686     0.00181729
            279       0.306352       0.325617     0.00181209
            280       0.277868       0.325447     0.00181364
            281       0.303296       0.325368     0.00180889
            282       0.336551       0.325407      0.0018029
            283       0.328246       0.325417     0.00179655
            284       0.327846       0.325426     0.00179023
            285       0.271968       0.325238     0.00179377
            286       0.337782       0.325282     0.00178803
            287       0.315581       0.325248     0.00178211
            288       0.345257       0.325318     0.00177727
            289       0.369271        0.32547     0.00177762
            290        0.29084       0.325351      0.0017755
            291       0.351017       0.325439     0.00177159
            292       0.349075        0.32552     0.00176737
            293        0.36528       0.325655     0.00176654
            294       0.277411       0.325491     0.00176816
            295        0.31336        0.32545     0.00176263
            296       0.369797         0.3256     0.00176304
            297       0.337627       0.325641     0.00175756
            298       0.294454       0.325536     0.00175478
            299       0.218854       0.325179     0.00178493
            300       0.396859       0.325418     0.00179494
            301       0.351369       0.325504     0.00179104
            302       0.363226       0.325629     0.00178947
            303       0.334506       0.325658     0.00178379
            304       0.299539       0.325573     0.00177999
            305       0.353731       0.325665     0.00177655
            306       0.331308       0.325683     0.00177083
            307       0.332069       0.325704     0.00176517
            308       0.260639       0.325493     0.00177207
            309       0.392341       0.325709     0.00177952
            310       0.313569        0.32567      0.0017742
            311       0.366161         0.3258     0.00177328
            312       0.413195        0.32608     0.00178964
            313       0.345353       0.326142     0.00178498
            314       0.304382       0.326073     0.00178063
            315       0.349887       0.326148     0.00177658
            316       0.274965       0.325986     0.00177834
            317       0.360942       0.326097     0.00177615
            318       0.277155       0.325943     0.00177723
            319       0.292831       0.325839     0.00177469
            320       0.294865       0.325742     0.00177178
            321       0.360931       0.325852     0.00176965
            322        0.32518        0.32585     0.00176415
            323       0.399937       0.326079     0.00177357
            324       0.367694       0.326207     0.00177275
            325       0.367429       0.326334     0.00177183
            326       0.359372       0.326436     0.00176929
            327       0.367844       0.326562     0.00176841
            328       0.333121       0.326582     0.00176313
            329        0.35421       0.326666     0.00175976
            330       0.322595       0.326654     0.00175447
            331       0.315504        0.32662     0.00174948
            332       0.347867       0.326684     0.00174538
            333       0.294476       0.326587     0.00174281
            334       0.329892       0.326597     0.00173762
            335       0.328002       0.326602     0.00173243
            336       0.340362       0.326642     0.00172775
            337       0.335973        0.32667     0.00172284
            338       0.281185       0.326536       0.001723
            339       0.294249        0.32644     0.00172054
            340       0.341334       0.326484     0.00171604
            341       0.313892       0.326447     0.00171139
            342       0.298523       0.326366     0.00170833
            343       0.340059       0.326405     0.00170381
            344         0.3525       0.326481     0.00170055
            345       0.305005       0.326419     0.00169675
            346       0.321951       0.326406     0.00169189
            347       0.318391       0.326383     0.00168717
            348       0.362474       0.326487     0.00168551
            349       0.291858       0.326388      0.0016836
            350       0.280537       0.326257     0.00168388
            351       0.301301       0.326185     0.00168058
            352       0.334124       0.326208     0.00167595
            353       0.311116       0.326165     0.00167174
            354       0.357398       0.326253     0.00166935
            355       0.313028       0.326216     0.00166506
            356       0.360312       0.326312     0.00166313
            357       0.331674       0.326327     0.00165854
            358       0.357852       0.326415     0.00165624
            359       0.376841       0.326556     0.00165758
            360       0.307748       0.326503      0.0016538
            361       0.316575       0.326476     0.00164944
            362       0.298727       0.326399     0.00164666
            363       0.331514       0.326413     0.00164218
            364       0.276455       0.326276      0.0016434
            365       0.279636       0.326148     0.00164387
            366       0.327434       0.326152     0.00163937
            367       0.267073       0.325991     0.00164281
            368       0.331569       0.326006     0.00163841
            369       0.344546       0.326056     0.00163473
            370       0.370434       0.326176     0.00163471
            371       0.354396       0.326252     0.00163207
            372        0.34538       0.326304     0.00162849
            373       0.306866       0.326251     0.00162496
            374       0.288563       0.326151     0.00162374
            375       0.368897       0.326265     0.00162341
            376       0.337126       0.326294     0.00161934
            377       0.328326       0.326299     0.00161505
            378       0.329581       0.326308      0.0016108
            379       0.357936       0.326391     0.00160871
            380       0.245046       0.326177     0.00161868
            381       0.329762       0.326186     0.00161446
            382       0.312373        0.32615     0.00161063
            383       0.322185        0.32614     0.00160645
            384       0.296738       0.326063     0.00160409
            385       0.350088       0.326126     0.00160114
            386       0.287597       0.326026      0.0016001
            387       0.308506       0.325981      0.0015966
            388       0.364377        0.32608     0.00159555
            389        0.33308       0.326098     0.00159155
            390       0.325255       0.326095     0.00158746
            391       0.353034       0.326164      0.0015849
            392       0.340165         0.3262     0.00158125
            393       0.344667       0.326247     0.00157792
            394       0.320416       0.326232     0.00157398
            395       0.348671       0.326289     0.00157102
            396       0.305826       0.326237      0.0015679
            397       0.379433       0.326371     0.00156968
            398       0.355499       0.326445     0.00156744
            399       0.348554         0.3265     0.00156448
            400       0.347036       0.326551     0.00156141
            401       0.308732       0.326507     0.00155815
            402       0.333835       0.326525     0.00155437
            403       0.374882       0.326645     0.00155515
            404       0.267184       0.326498     0.00155826
            405       0.352822       0.326563     0.00155577
            406       0.321294        0.32655     0.00155198
            407        0.33342       0.326567     0.00154826
            408       0.349318       0.326623     0.00154546
            409       0.321587        0.32661     0.00154173
            410        0.35187       0.326672      0.0015392
            411       0.317873        0.32665      0.0015356
            412       0.370976       0.326758     0.00153564
            413       0.296508       0.326685     0.00153367
            414       0.317258       0.326662     0.00153013
            415       0.313132       0.326629     0.00152678
            416       0.352415       0.326691     0.00152437
            417       0.363001       0.326779      0.0015232
            418        0.35075       0.326836     0.00152064
            419       0.345473        0.32688     0.00151765
            420        0.28172       0.326773     0.00151785
            421       0.353458       0.326836     0.00151557
            422       0.334458       0.326854     0.00151208
            423       0.366744       0.326949     0.00151144
            424       0.299849       0.326885     0.00150923
            425       0.306453       0.326837     0.00150644
            426        0.27696       0.326719     0.00150745
            427       0.353865       0.326783     0.00150526
            428        0.33681       0.326806     0.00150192
            429       0.323904         0.3268     0.00149843
            430        0.30098        0.32674     0.00149615
            431       0.318456        0.32672      0.0014928
            432        0.34688       0.326767     0.00149007
            433       0.344586       0.326808      0.0014872
            434       0.310815       0.326771     0.00148422
            435       0.258985       0.326616     0.00148898
            436       0.362481       0.326698     0.00148784
            437       0.357851       0.326769     0.00148614
            438       0.347843       0.326817     0.00148353
            439       0.265067       0.326677     0.00148681
            440       0.375823       0.326788     0.00148763
            441       0.310659       0.326752      0.0014847
            442       0.258923       0.326598     0.00148926
            443       0.300623        0.32654     0.00148706
            444        0.36265       0.326621     0.00148593
            445       0.293924       0.326547     0.00148441
            446       0.342106       0.326582     0.00148149
            447       0.337223       0.326606     0.00147836
            448       0.268253       0.326476      0.0014808
            449       0.311966       0.326444     0.00147785
            450       0.309657       0.326406     0.00147503
            451       0.290128       0.326326     0.00147395
            452       0.337134        0.32635     0.00147088
            453       0.297556       0.326286     0.00146901
            454       0.305713       0.326241     0.00146647
            455        0.34348       0.326279     0.00146373
            456       0.301209       0.326224     0.00146155
            457       0.385194       0.326353     0.00146405
            458       0.345632       0.326395     0.00146146
            459       0.344778       0.326435     0.00145882
            460       0.306599       0.326392     0.00145628
            461       0.333113       0.326406     0.00145319
            462       0.329502       0.326413     0.00145006
            463       0.354746       0.326474     0.00144822
            464       0.328418       0.326479      0.0014451
            465       0.337946       0.326503      0.0014422
            466       0.296288       0.326438     0.00144056
            467        0.34352       0.326475     0.00143794
            468       0.385098         0.3266     0.00144032
            469       0.251029       0.326439     0.00144625
            470       0.361586       0.326514     0.00144511
            471        0.30749       0.326473      0.0014426
            472       0.315426        0.32645     0.00143973
            473       0.336326       0.326471     0.00143684
            474        0.33048       0.326479     0.00143383
            475       0.373856       0.326579     0.00143428
            476       0.326825        0.32658     0.00143126
            477       0.350096       0.326629     0.00142911
            478       0.274655        0.32652     0.00143025
            479       0.334594       0.326537     0.00142736
            480       0.325531       0.326535     0.00142439
            481       0.351566       0.326587     0.00142238
            482       0.259763       0.326448     0.00142618
            483       0.305533       0.326405     0.00142388
            484       0.298148       0.326347     0.00142213
            485       0.314723       0.326323      0.0014194
            486       0.298131       0.326265     0.00141766
            487       0.331115       0.326275     0.00141479
            488       0.322706       0.326267      0.0014119
            489       0.341738       0.326299     0.00140937
            490       0.281949       0.326208      0.0014094
            491       0.296486       0.326148     0.00140783
            492       0.334726       0.326165     0.00140507
            493       0.353846       0.326222     0.00140334
            494       0.330872       0.326231     0.00140053
            495       0.359116       0.326297     0.00139927
            496       0.316256       0.326277      0.0013966
            497       0.319692       0.326264     0.00139385
            498       0.325179       0.326262     0.00139105
            499       0.282581       0.326174     0.00139101
            500       0.336353       0.326195     0.00138838
            501       0.324541       0.326191     0.00138561
            502       0.311831       0.326163     0.00138314
            503       0.275255       0.326061     0.00138409
            504       0.353522       0.326116     0.00138242
            505       0.362038       0.326187     0.00138151
            506       0.330062       0.326195      0.0013788
            507       0.242344       0.326029     0.00138598
            508       0.315945       0.326009     0.00138339
            509       0.365137       0.326086     0.00138281
            510       0.281027       0.325998     0.00138292
            511       0.254531       0.325858     0.00138728
            512       0.369623       0.325944      0.0013872
            513       0.330024       0.325952     0.00138452
            514       0.366265        0.32603     0.00138405
            515        0.30007        0.32598     0.00138228
            516       0.329563       0.325987     0.00137961
            517       0.357689       0.326048     0.00137831
            518       0.360808       0.326115     0.00137728
            519       0.302366       0.326069     0.00137538
            520       0.338688       0.326093     0.00137295
            521       0.363301       0.326165     0.00137217
            522       0.348973       0.326209     0.00137024
            523       0.263652       0.326089     0.00137284
            524       0.371955       0.326176     0.00137301
            525       0.377213       0.326274     0.00137383
            526       0.283401       0.326192     0.00137364
            527       0.308098       0.326158     0.00137146
            528       0.338457       0.326181     0.00136906
            529       0.327687       0.326184     0.00136647
            530       0.380864       0.326287     0.00136779
            531       0.288077       0.326215      0.0013671
            532       0.325581       0.326214     0.00136453
            533       0.347779       0.326254     0.00136257
            534       0.265945       0.326142      0.0013647
            535       0.308232       0.326108     0.00136255
            536       0.335918       0.326126     0.00136013
            537       0.363798       0.326197     0.00135941
            538       0.313614       0.326173     0.00135708
            539       0.312588       0.326148      0.0013548
            540       0.376963       0.326242     0.00135556
            541       0.378544       0.326339      0.0013565
            542       0.303974       0.326297     0.00135462
            543       0.307767       0.326263     0.00135255
            544       0.327136       0.326265     0.00135007
            545          0.344       0.326297     0.00134798
            546       0.291677       0.326234       0.001347
            547        0.30146       0.326189      0.0013453
            548        0.35251       0.326237      0.0013437
            549       0.345264       0.326271      0.0013417
            550       0.278229       0.326184      0.0013421
            551       0.359356       0.326244     0.00134102
            552       0.321476       0.326236     0.00133861
            553       0.347632       0.326274     0.00133675
            554       0.401791       0.326411     0.00134128
            555       0.319945       0.326399     0.00133891
            556       0.294056       0.326341     0.00133777
            557        0.29928       0.326292     0.00133625
            558       0.390529       0.326407     0.00133881
            559       0.292969       0.326348     0.00133775
            560       0.301069       0.326302     0.00133612
            561       0.355301       0.326354     0.00133474
            562       0.376077       0.326443      0.0013353
            563       0.327296       0.326444     0.00133292
            564       0.299317       0.326396     0.00133143
            565        0.34924       0.326436     0.00132968
            566       0.383934       0.326538     0.00133121
            567       0.335323       0.326554     0.00132895
            568       0.370117        0.32663     0.00132883
            569       0.321438       0.326621     0.00132652
            570        0.33303       0.326632     0.00132424
            571       0.367092       0.326703     0.00132382
            572       0.329696       0.326708     0.00132151
            573       0.357487       0.326762     0.00132029
            574       0.341323       0.326787     0.00131824
            575       0.352896       0.326833     0.00131672
            576       0.351244       0.326875     0.00131512
            577       0.318432       0.326861     0.00131292
            578       0.369293       0.326934      0.0013127
            579       0.278825       0.326851     0.00131306
            580       0.290955       0.326789     0.00131226
            581       0.389438       0.326897     0.00131443
            582       0.349171       0.326935     0.00131273
            583       0.355128       0.326984     0.00131136
            584       0.329909       0.326989     0.00130913
            585       0.289475       0.326924     0.00130846
            586        0.36779       0.326994     0.00130808
            587       0.308677       0.326963     0.00130623
            588       0.362491       0.327023      0.0013054
            589       0.264824       0.326918     0.00130746
            590       0.337174       0.326935     0.00130535
            591       0.290796       0.326874     0.00130458
            592        0.36592        0.32694     0.00130404
            593       0.354368       0.326986     0.00130266
            594       0.323123        0.32698     0.00130048
            595       0.371787       0.327055     0.00130048
            596         0.3754       0.327136     0.00130082
            597       0.311882       0.327111     0.00129889
            598       0.337144       0.327127     0.00129683
            599        0.34523       0.327158     0.00129502
            600       0.306552       0.327123     0.00129331
            601       0.299235       0.327077     0.00129199
            602       0.324821       0.327073     0.00128985
            603       0.320429       0.327062     0.00128775
            604       0.362894       0.327121     0.00128699
            605       0.393004        0.32723     0.00128947
            606       0.319439       0.327217      0.0012874
            607       0.348608       0.327253     0.00128576
            608        0.30881       0.327222       0.001284
            609       0.305883       0.327187     0.00128237
            610        0.32778       0.327188     0.00128027
            611       0.360269       0.327242     0.00127932
            612       0.348702       0.327277     0.00127771
            613       0.305539       0.327242     0.00127611
            614       0.315972       0.327224     0.00127417
            615       0.268595       0.327128     0.00127566
            616       0.294541       0.327075     0.00127468
            617       0.305345        0.32704      0.0012731
            618       0.325183       0.327037     0.00127105
            619        0.30636       0.327004     0.00126943
            620       0.389509       0.327105     0.00127139
            621       0.385488       0.327199     0.00127281
            622       0.318916       0.327185     0.00127083
            623        0.37332       0.327259     0.00127095
            624       0.316568       0.327242     0.00126903
            625       0.270233       0.327151     0.00127028
            626       0.372681       0.327224     0.00127033
            627       0.343843        0.32725     0.00126858
            628        0.37044       0.327319     0.00126842
            629       0.284349       0.327251     0.00126825
            630       0.284326       0.327183     0.00126806
            631       0.377036       0.327262     0.00126852
            632       0.337133       0.327277      0.0012666
            633       0.336983       0.327293     0.00126469
            634        0.37029        0.32736     0.00126452
            635       0.324448       0.327356     0.00126253
            636       0.332997       0.327365     0.00126058
            637       0.316862       0.327348      0.0012587
            638       0.371439       0.327417     0.00125863
            639        0.31371       0.327396     0.00125684
            640       0.368428        0.32746     0.00125651
            641        0.33036       0.327464     0.00125456
            642       0.308242       0.327435     0.00125296
            643       0.322028       0.327426     0.00125104
            644       0.285903       0.327362     0.00125076
            645       0.316366       0.327345     0.00124893
            646       0.336567       0.327359     0.00124708
            647       0.279757       0.327285     0.00124732
            648       0.387316       0.327378     0.00124884
            649       0.339332       0.327396     0.00124705
            650       0.317184       0.327381     0.00124523
            651       0.308162       0.327351     0.00124366
            652       0.328604       0.327353     0.00124176
            653       0.319178       0.327341     0.00123992
            654       0.375141       0.327414     0.00124017
            655       0.367829       0.327475     0.00123981
            656       0.353649       0.327515     0.00123857
            657       0.332505       0.327523      0.0012367
            658       0.334178       0.327533     0.00123486
            659       0.312203        0.32751     0.00123321
            660        0.30893       0.327482     0.00123166
            661       0.341582       0.327503     0.00122998
            662       0.294669       0.327453     0.00122912
            663       0.330778       0.327458     0.00122728
            664        0.30149       0.327419     0.00122605
            665       0.321597        0.32741     0.00122424
            666       0.296497       0.327364     0.00122328
            667       0.366955       0.327423     0.00122288
            668       0.277719       0.327349     0.00122332
            669       0.296578       0.327303     0.00122235
            670       0.300778       0.327263     0.00122117
            671       0.313363       0.327243     0.00121952
            672       0.323405       0.327237     0.00121772
            673       0.324635       0.327233     0.00121592
            674       0.372645         0.3273     0.00121598
            675       0.288826       0.327243     0.00121551
            676       0.328377       0.327245     0.00121372
            677       0.284118       0.327181     0.00121359
            678       0.329088       0.327184     0.00121181
            679       0.268192       0.327097     0.00121314
            680       0.370055        0.32716       0.001213
            681       0.291838       0.327109     0.00121232
            682       0.317209       0.327094     0.00121063
            683       0.364913       0.327149     0.00121013
            684       0.320461        0.32714     0.00120839
            685       0.339074       0.327157     0.00120676
            686       0.381752       0.327237     0.00120762
            687       0.363776        0.32729     0.00120703
            688         0.2743       0.327213     0.00120774
            689       0.307351       0.327184     0.00120633
            690       0.340756       0.327204     0.00120474
            691       0.334245       0.327214     0.00120304
            692       0.367514       0.327272     0.00120271
            693       0.362454       0.327323     0.00120204
            694       0.322768       0.327316     0.00120033
            695       0.302926       0.327281     0.00119911
            696       0.342694       0.327303     0.00119759
            697       0.358492       0.327348     0.00119671
            698       0.301436       0.327311     0.00119557
            699       0.303529       0.327277     0.00119434
            700       0.339245       0.327294     0.00119276
            701       0.297247       0.327251     0.00119183
            702       0.262592       0.327159     0.00119369
            703       0.314517       0.327141     0.00119212
            704       0.336035       0.327154      0.0011905
            705       0.263762       0.327064      0.0011922
            706       0.354914       0.327103     0.00119117
            707       0.355024       0.327143     0.00119014
            708       0.306678       0.327114      0.0011888
            709       0.325734       0.327112     0.00118713
            710       0.325423        0.32711     0.00118546
            711       0.293336       0.327062     0.00118474
            712       0.354571       0.327101     0.00118371
            713       0.312276        0.32708     0.00118223
            714        0.36668       0.327135     0.00118187
            715       0.417774       0.327262     0.00118701
            716       0.353745       0.327299     0.00118593
            717        0.31248       0.327278     0.00118445
            718       0.365282       0.327331     0.00118398
            719       0.271588       0.327254     0.00118488
            720        0.30829       0.327228     0.00118352
            721       0.358911       0.327271      0.0011827
            722       0.355411        0.32731      0.0011817
            723       0.370293        0.32737     0.00118156
            724       0.297162       0.327328     0.00118067
            725       0.292001       0.327279     0.00118004
            726       0.310282       0.327256     0.00117865
            727       0.316979       0.327242     0.00117711
            728       0.320049       0.327232     0.00117553
            729       0.309745       0.327208     0.00117417
            730       0.363609       0.327258     0.00117362
            731       0.344883       0.327282     0.00117226
            732        0.32775       0.327283     0.00117065
            733       0.344689       0.327306      0.0011693
            734       0.303189       0.327274     0.00116817
            735       0.318693       0.327262     0.00116663
            736       0.353082       0.327297     0.00116558
            737       0.329777         0.3273       0.001164
            738       0.318862       0.327289     0.00116248
            739       0.290429       0.327239     0.00116197
            740       0.342682        0.32726     0.00116059
            741       0.348682       0.327289     0.00115938
            742       0.376189       0.327355     0.00115969
            743       0.335897       0.327366     0.00115819
            744       0.338293       0.327381     0.00115672
            745       0.352137       0.327414     0.00115565
            746       0.317816       0.327401     0.00115417
            747       0.358514       0.327443     0.00115338
            748       0.321137       0.327434     0.00115186
            749       0.341253       0.327453     0.00115047
            750       0.357538       0.327493     0.00114964
            751       0.323658       0.327488     0.00114812
            752       0.260299       0.327399     0.00115006
            753        0.31187       0.327378     0.00114872
            754       0.244244       0.327268     0.00115248
            755       0.342573       0.327288     0.00115113
            756       0.300016       0.327252     0.00115018
            757       0.341624       0.327271     0.00114881
            758       0.343156       0.327292     0.00114749
            759       0.335311       0.327302     0.00114602
            760       0.379706       0.327371     0.00114659
            761       0.332394       0.327378      0.0011451
            762        0.27504       0.327309     0.00114566
            763       0.346331       0.327334     0.00114443
            764       0.397286       0.327426     0.00114659
            765       0.405784       0.327528     0.00114966
            766       0.365801       0.327578     0.00114925
            767       0.368561       0.327632     0.00114899
            768       0.300908       0.327597     0.00114802
            769       0.276364        0.32753     0.00114846
            770        0.25948       0.327442     0.00115037
            771       0.325148       0.327439     0.00114888
            772       0.335239       0.327449     0.00114743
            773       0.337081       0.327461     0.00114602
            774       0.325491       0.327459     0.00114454
            775       0.317197       0.327446     0.00114314
            776       0.281738       0.327387     0.00114318
            777       0.337532         0.3274     0.00114178
            778       0.302982       0.327368     0.00114075
            779       0.291717       0.327323      0.0011402
            780        0.36419        0.32737     0.00113972
            781       0.353947       0.327404     0.00113877
            782       0.336497       0.327415     0.00113737
            783       0.322322       0.327409     0.00113593
            784       0.320916       0.327401     0.00113451
            785       0.311378        0.32738     0.00113325
            786       0.373141       0.327439     0.00113331
            787       0.330831       0.327443     0.00113187
            788       0.315827       0.327428     0.00113053
            789       0.372422       0.327485     0.00113054
            790       0.315811        0.32747      0.0011292
            791       0.351321         0.3275     0.00112818
            792       0.356152       0.327537     0.00112733
            793       0.349186       0.327564     0.00112624
            794       0.307617       0.327539      0.0011251
            795       0.392962       0.327621     0.00112669
            796       0.315352       0.327606     0.00112538
            797       0.319658       0.327596     0.00112402
            798       0.316213       0.327581      0.0011227
            799       0.336335       0.327592     0.00112134
            800       0.344794       0.327614     0.00112015
            801       0.349673       0.327641     0.00111909
            802       0.312725       0.327623     0.00111785
            803       0.323692       0.327618     0.00111646
            804        0.37175       0.327673     0.00111642
            805       0.332351       0.327679     0.00111505
            806       0.268406       0.327605     0.00111609
            807        0.34907       0.327632     0.00111503
            808       0.381186       0.327698     0.00111562
            809       0.362736       0.327741     0.00111508
            810       0.347394       0.327766     0.00111396
            811       0.368376       0.327816     0.00111372
            812       0.274903       0.327751     0.00111425
            813       0.379888       0.327815     0.00111473
            814       0.343051       0.327833     0.00111351
            815       0.282532       0.327778     0.00111353
            816       0.282465       0.327722     0.00111355
            817       0.353512       0.327754     0.00111264
            818       0.323505       0.327749     0.00111129
            819       0.344226       0.327769     0.00111011
            820       0.325306       0.327766     0.00110876
            821       0.364134        0.32781      0.0011083
            822       0.340705       0.327826     0.00110706
            823       0.367219       0.327874     0.00110675
            824       0.313318       0.327856     0.00110555
            825       0.286809       0.327806     0.00110533
            826       0.390378       0.327882     0.00110658
            827       0.326662        0.32788     0.00110524
            828       0.348416       0.327905     0.00110419
            829       0.295105       0.327866     0.00110356
            830       0.300997       0.327833     0.00110271
            831       0.310243       0.327812     0.00110159
            832       0.279981       0.327755     0.00110176
            833       0.300415       0.327722     0.00110093
            834       0.328618       0.327723     0.00109961
            835       0.313919       0.327706     0.00109841
            836       0.342279       0.327724     0.00109724
            837       0.341816       0.327741     0.00109605
            838       0.335656        0.32775     0.00109479
            839       0.268512       0.327679     0.00109576
            840        0.35384       0.327711      0.0010949
            841        0.34279       0.327729     0.00109374
            842       0.356422       0.327763     0.00109297
            843       0.371312       0.327814      0.0010929
            844       0.324878       0.327811     0.00109161
            845       0.366392       0.327856     0.00109127
            846       0.314656       0.327841     0.00109009
            847       0.347494       0.327864     0.00108905
            848       0.383097       0.327929     0.00108971
            849       0.334524       0.327937     0.00108846
            850       0.330124        0.32794     0.00108718
            851       0.255905       0.327855     0.00108919
            852       0.325718       0.327852     0.00108792
            853       0.329269       0.327854     0.00108664
            854       0.336008       0.327864     0.00108541
            855       0.324705        0.32786     0.00108415
            856       0.365974       0.327904      0.0010838
            857        0.35686       0.327938     0.00108306
            858       0.317998       0.327927     0.00108186
            859       0.301801       0.327896     0.00108102
            860       0.330973         0.3279     0.00107977
            861       0.385527       0.327967     0.00108059
            862       0.332617       0.327972     0.00107935
            863        0.33393       0.327979     0.00107812
            864        0.33535       0.327988     0.00107691
            865       0.356691       0.328021     0.00107617
            866       0.357221       0.328054     0.00107546
            867       0.321127       0.328046     0.00107425
            868       0.347895       0.328069     0.00107325
            869       0.315278       0.328055     0.00107212
            870       0.333202       0.328061      0.0010709
            871       0.313218       0.328043     0.00106981
            872       0.337898       0.328055     0.00106864
            873       0.330736       0.328058     0.00106742
            874       0.348226       0.328081     0.00106645
            875       0.265842        0.32801      0.0010676
            876       0.312168       0.327992     0.00106653
            877       0.272169       0.327928     0.00106722
            878       0.388518       0.327997     0.00106823
            879       0.320995       0.327989     0.00106704
            880       0.309031       0.327968     0.00106605
            881       0.302944       0.327939     0.00106522
            882       0.348317       0.327962     0.00106426
            883       0.255686        0.32788      0.0010662
            884       0.359997       0.327917     0.00106561
            885       0.326823       0.327916     0.00106441
            886       0.316834       0.327903     0.00106328
            887       0.296946       0.327868     0.00106265
            888       0.338506        0.32788     0.00106152
            889       0.286367       0.327833     0.00106136
            890       0.403547       0.327918     0.00106357
            891        0.33959       0.327932     0.00106246
            892        0.32284       0.327926     0.00106128
            893       0.314849       0.327911     0.00106019
            894       0.327093        0.32791     0.00105901
            895       0.344219       0.327929     0.00105798
            896       0.302873       0.327901     0.00105717
            897       0.317441       0.327889     0.00105605
            898       0.357138       0.327921     0.00105538
            899       0.320655       0.327913     0.00105424
            900       0.328168       0.327914     0.00105307
            901       0.286723       0.327868     0.00105289
            902       0.312066        0.32785     0.00105187
            903       0.369764       0.327897     0.00105173
            904       0.355828       0.327928     0.00105102
            905       0.266975        0.32786     0.00105201
            906       0.305681       0.327836     0.00105114
            907       0.307171       0.327813     0.00105022
            908       0.273461       0.327753     0.00105077
            909       0.350346       0.327778     0.00104991
            910       0.272748       0.327718      0.0010505
            911       0.332694       0.327723     0.00104936
            912       0.336012       0.327732     0.00104825
            913       0.284356       0.327685     0.00104817
            914       0.287613       0.327641     0.00104794
            915       0.179731       0.327479     0.00105921
            916       0.340154       0.327493     0.00105814
            917        0.26994        0.32743     0.00105885
            918       0.329472       0.327432      0.0010577
            919       0.319385       0.327424     0.00105658
            920        0.34139       0.327439     0.00105554
            921       0.275229       0.327382     0.00105592
            922       0.371201        0.32743     0.00105584
            923       0.317124       0.327419     0.00105476
            924       0.364463       0.327459     0.00105438
            925       0.336907       0.327469     0.00105328
            926       0.396974       0.327544     0.00105482
            927       0.320886       0.327537     0.00105371
            928       0.316181       0.327525     0.00105264
            929       0.261716       0.327454     0.00105389
            930       0.288729       0.327412     0.00105358
            931       0.271317       0.327352     0.00105417
            932       0.358008       0.327385     0.00105355
            933        0.30494       0.327361      0.0010527
            934       0.289115        0.32732     0.00105237
            935       0.312478       0.327304     0.00105136
            936       0.290613       0.327265     0.00105097
            937       0.337837       0.327276     0.00104991
            938       0.326844       0.327275     0.00104879
            939       0.248051       0.327191     0.00105106
            940       0.313036       0.327176     0.00105005
            941       0.328686       0.327178     0.00104894
            942       0.344206       0.327196     0.00104798
            943       0.349998        0.32722     0.00104715
            944       0.318099        0.32721     0.00104608
            945       0.293213       0.327174     0.00104559
            946       0.386804       0.327237     0.00104639
            947       0.375437       0.327288     0.00104652
            948       0.313189       0.327273     0.00104552
            949       0.377388       0.327326     0.00104575
            950        0.32654       0.327325     0.00104465
            951       0.260381       0.327255     0.00104592
            952       0.316656       0.327244     0.00104488
            953       0.286043       0.327201     0.00104468
            954       0.360191       0.327235     0.00104416
            955       0.328592       0.327237     0.00104307
            956       0.342726       0.327253      0.0010421
            957       0.296923       0.327221     0.00104149
            958       0.313488       0.327207      0.0010405
            959       0.342538       0.327223     0.00103954
            960       0.264064       0.327157     0.00104054
            961       0.348023       0.327179     0.00103968
            962       0.352966       0.327205     0.00103895
            963       0.310614       0.327188     0.00103801
            964       0.291865       0.327152     0.00103758
            965       0.309678       0.327133     0.00103666
            966       0.345114       0.327152     0.00103576
            967       0.369315       0.327196      0.0010356
            968       0.305534       0.327173     0.00103478
            969       0.391767        0.32724     0.00103585
            970       0.294676       0.327206     0.00103533
            971       0.382883       0.327264     0.00103585
            972       0.286364       0.327222     0.00103564
            973       0.363249       0.327259     0.00103524
            974       0.385548       0.327318      0.0010359
            975       0.272053       0.327262     0.00103639
            976       0.295924        0.32723     0.00103583
            977       0.247134       0.327148     0.00103801
            978       0.258851       0.327078      0.0010393
            979       0.334213       0.327085     0.00103826
            980       0.279901       0.327037     0.00103832
            981       0.296667       0.327006     0.00103772
            982       0.367741       0.327048     0.00103749
            983       0.362021       0.327083     0.00103705
            984       0.295624       0.327051     0.00103649
            985         0.3374       0.327062     0.00103549
            986       0.352978       0.327088     0.00103477
            987       0.324492       0.327085     0.00103372
            988       0.364584       0.327123     0.00103337
            989       0.351215       0.327148     0.00103262
            990       0.340522       0.327161     0.00103166
            991       0.297416       0.327131     0.00103106
            992       0.332436       0.327136     0.00103003
            993       0.352592       0.327162     0.00102931
            994       0.287588       0.327122     0.00102905
            995       0.333557       0.327129     0.00102803
            996       0.282539       0.327084     0.00102797
            997       0.324336       0.327081     0.00102695
            998        0.35257       0.327107     0.00102623
            999       0.304929       0.327085     0.00102545
           1000       0.326223       0.327084     0.00102442
