            0.5           1000          20000              0
              1       0.420082       0.420082              0
              2       0.386504       0.403293      0.0167888
              3       0.377676       0.394754      0.0129177
              4        0.33673       0.380248      0.0171422
              5       0.384681       0.381134      0.0133079
              6        0.35862       0.377382      0.0114955
              7       0.368381       0.376096     0.00980021
              8       0.287958       0.365079      0.0139073
              9       0.346031       0.362963      0.0124464
             10       0.302289       0.356895      0.0126784
             11       0.343098       0.355641      0.0115365
             12       0.339862       0.354326      0.0106131
             13       0.339354       0.353174     0.00983029
             14       0.329286       0.351468     0.00925965
             15       0.334656       0.350347     0.00869283
             16       0.332174       0.349211     0.00821034
             17        0.30015       0.346325     0.00823455
             18       0.371598       0.347729     0.00788954
             19       0.362232       0.348493     0.00750169
             20       0.306963       0.346416     0.00741348
             21       0.325859       0.345437     0.00711925
             22       0.273185       0.342153      0.0075407
             23       0.341524       0.342126     0.00720544
             24       0.348216        0.34238     0.00690335
             25       0.292065       0.340367     0.00692057
             26        0.31614       0.339435     0.00671405
             27       0.385534       0.341143     0.00668239
             28       0.311049       0.340068     0.00652839
             29       0.390607        0.34181     0.00653588
             30       0.351151       0.342122     0.00632193
             31       0.394003       0.343795     0.00633949
             32        0.30996       0.342738     0.00622859
             33       0.331468       0.342397     0.00604655
             34       0.309478       0.341428     0.00594538
             35        0.31056       0.340546     0.00583999
             36       0.274366       0.338708     0.00596576
             37       0.285887        0.33728     0.00597533
             38       0.306961       0.336483     0.00587043
             39       0.357752       0.337028     0.00574387
             40       0.283199       0.335682      0.0057579
             41       0.390804       0.337027      0.0057744
             42       0.240353       0.334725      0.0060872
             43       0.308761       0.334121     0.00597454
             44       0.350719       0.334498     0.00584935
             45       0.409131       0.336157     0.00595356
             46       0.388317       0.337291     0.00593208
             47       0.322493       0.336976     0.00581303
             48        0.29116       0.336021     0.00577013
             49       0.331647       0.335932     0.00565185
             50       0.346946       0.336152     0.00554204
             51        0.26224       0.334703     0.00562229
             52       0.328057       0.334575     0.00551459
             53       0.275761       0.333466     0.00552219
             54       0.306233       0.332961     0.00544238
             55       0.317081       0.332673      0.0053503
             56       0.316919       0.332391     0.00526142
             57       0.224012        0.33049     0.00550695
             58       0.361445       0.331024     0.00543743
             59       0.281952       0.330192      0.0054088
             60       0.288818       0.329502     0.00536241
             61        0.32994       0.329509     0.00527377
             62       0.396939       0.330597     0.00530079
             63        0.35804       0.331033     0.00523413
             64       0.286252       0.330333     0.00519899
             65       0.346501       0.330582     0.00512442
             66       0.369911       0.331178     0.00508125
             67       0.321891       0.331039     0.00500675
             68       0.370665       0.331622     0.00496688
             69       0.328451       0.331576     0.00489458
             70       0.307699       0.331235     0.00483619
             71       0.331225       0.331235     0.00476759
             72       0.315999       0.331023     0.00470567
             73       0.346893        0.33124     0.00464585
             74       0.322621       0.331124     0.00458412
             75       0.302743       0.330745     0.00453839
             76       0.294184       0.330264     0.00450404
             77       0.380106       0.330912     0.00449204
             78       0.326649       0.330857     0.00443441
             79       0.344333       0.331028     0.00438124
             80       0.320668       0.330898     0.00432807
             81       0.336595       0.330968     0.00427488
             82       0.347888       0.331175     0.00422746
             83       0.304893       0.330858     0.00418821
             84       0.315483       0.330675     0.00414209
             85       0.312422        0.33046      0.0040987
             86       0.289034       0.329979      0.0040793
             87       0.358645       0.330308     0.00404558
             88       0.334461       0.330355     0.00399962
             89       0.320409       0.330244     0.00395601
             90       0.344737       0.330405     0.00391512
             91       0.324036       0.330335     0.00387249
             92       0.223075       0.329169     0.00400368
             93       0.347171       0.329362     0.00396512
             94       0.351343       0.329596     0.00392967
             95       0.285076       0.329128     0.00391623
             96       0.234439       0.328141     0.00399877
             97       0.341353       0.328277     0.00395968
             98       0.300511       0.327994     0.00392929
             99       0.342263       0.328138     0.00389207
            100       0.304945       0.327906     0.00385993
            101       0.340684       0.328033     0.00382361
            102       0.385313       0.328594     0.00382736
            103       0.319526       0.328506     0.00379104
            104       0.315846       0.328385     0.00375639
            105        0.30823       0.328193     0.00372539
            106       0.381383       0.328694     0.00372404
            107       0.331423        0.32872     0.00368916
            108        0.28576       0.328322     0.00367642
            109       0.373437       0.328736     0.00366598
            110       0.366369       0.329078     0.00364857
            111       0.342285       0.329197     0.00361751
            112        0.28941       0.328842     0.00360262
            113       0.313172       0.328703     0.00357329
            114       0.318828       0.328617     0.00354287
            115       0.371685       0.328991     0.00353184
            116       0.356356       0.329227      0.0035092
            117       0.243023        0.32849     0.00355623
            118       0.320972       0.328427     0.00352654
            119       0.309202       0.328265     0.00350051
            120       0.354688       0.328485      0.0034782
            121       0.255777       0.327884     0.00350128
            122        0.36885        0.32822     0.00348866
            123       0.324076       0.328186     0.00346034
            124       0.248061        0.32754     0.00349262
            125       0.353617       0.327749     0.00347084
            126       0.332856       0.327789     0.00344342
            127        0.31419       0.327682     0.00341788
            128       0.257639       0.327135     0.00343494
            129       0.333936       0.327188     0.00340862
            130       0.283134       0.326849     0.00339923
            131       0.330209       0.326875     0.00337328
            132       0.340706       0.326979     0.00334926
            133       0.315241       0.326891     0.00332516
            134       0.325766       0.326883     0.00330026
            135       0.413293       0.327523     0.00333767
            136       0.366329       0.327808      0.0033253
            137       0.277198       0.327439     0.00332155
            138       0.253818       0.326905     0.00334027
            139       0.298377         0.3267      0.0033225
            140       0.302751       0.326529     0.00330311
            141        0.35553       0.326735     0.00328604
            142        0.25342       0.326218     0.00330342
            143         0.3034       0.326059     0.00328411
            144       0.281055       0.325746     0.00327617
            145       0.352234       0.325929     0.00325862
            146        0.27279       0.325565     0.00325663
            147       0.270993       0.325194     0.00325563
            148       0.336175       0.325268     0.00323441
            149       0.314108       0.325193      0.0032135
            150       0.293872       0.324984     0.00319883
            151       0.354058       0.325177      0.0031834
            152       0.252464       0.324698     0.00319837
            153       0.306609        0.32458     0.00317959
            154       0.317908       0.324537     0.00315918
            155       0.363869        0.32479     0.00314897
            156        0.34586       0.324926     0.00313163
            157       0.317505       0.324878     0.00311198
            158       0.287901       0.324644     0.00310107
            159       0.263651       0.324261     0.00310529
            160       0.361344       0.324492     0.00309451
            161       0.281759       0.324227     0.00308666
            162       0.363128       0.324467     0.00307693
            163       0.303897       0.324341      0.0030606
            164       0.311064        0.32426     0.00304296
            165       0.315697       0.324208      0.0030249
            166       0.290149       0.324003     0.00301362
            167        0.31177        0.32393     0.00299641
            168       0.318805       0.323899     0.00297868
            169       0.364322       0.324138     0.00297065
            170       0.307225       0.324039      0.0029548
            171       0.317326          0.324     0.00293773
            172       0.317862       0.323964     0.00292082
            173       0.297662       0.323812     0.00290786
            174       0.388362       0.324183     0.00291481
            175       0.337485       0.324259      0.0028991
            176       0.363837       0.324484     0.00289134
            177       0.381994       0.324809     0.00289326
            178       0.278671       0.324549     0.00288861
            179       0.309927       0.324468     0.00287359
            180       0.238267       0.323989     0.00289743
            181       0.341158       0.324084     0.00288294
            182       0.333112       0.324133     0.00286749
            183       0.337567       0.324207     0.00285272
            184       0.289509       0.324018     0.00284343
            185       0.266584       0.323708     0.00284501
            186       0.313772       0.323654     0.00283018
            187       0.291634       0.323483      0.0028202
            188       0.342648       0.323585     0.00280701
            189       0.359131       0.323773     0.00279845
            190       0.288785       0.323589     0.00278977
            191       0.345589       0.323704     0.00277751
            192        0.26093       0.323377     0.00278228
            193       0.324201       0.323381     0.00276783
            194       0.302407       0.323273     0.00275565
            195       0.291512        0.32311     0.00274632
            196        0.39512       0.323478     0.00275686
            197         0.3495        0.32361     0.00274601
            198       0.304041       0.323511     0.00273389
            199       0.356454       0.323677     0.00272515
            200       0.349051       0.323804     0.00271446
            201       0.358042       0.323974     0.00270629
            202        0.30402       0.323875     0.00269467
            203        0.33468       0.323928     0.00268189
            204       0.330839       0.323962     0.00266892
            205        0.36006       0.324138      0.0026617
            206        0.27537       0.323902     0.00265931
            207       0.341099       0.323985     0.00264774
            208       0.376013       0.324235     0.00264682
            209       0.343893       0.324329     0.00263581
            210       0.382002       0.324603     0.00263756
            211       0.353747       0.324742     0.00262866
            212       0.302316       0.324636     0.00261837
            213       0.315758       0.324594     0.00260638
            214       0.347846       0.324703     0.00259645
            215       0.283939       0.324513     0.00259129
            216       0.292954       0.324367      0.0025834
            217       0.260913       0.324075     0.00258804
            218       0.307698          0.324     0.00257724
            219       0.309822       0.323935     0.00256626
            220        0.28738       0.323769     0.00255996
            221       0.227719       0.323334     0.00258515
            222       0.288691       0.323178     0.00257821
            223       0.318177       0.323156     0.00256672
            224       0.312249       0.323107      0.0025557
            225       0.330781       0.323141     0.00254454
            226       0.297816       0.323029     0.00253573
            227       0.319618       0.323014     0.00252458
            228       0.383487       0.323279     0.00252744
            229       0.301552       0.323184     0.00251817
            230        0.32542       0.323194     0.00250721
            231       0.366226        0.32338     0.00250328
            232       0.360932       0.323542     0.00249772
            233       0.366848       0.323728     0.00249391
            234       0.306429       0.323654     0.00248433
            235       0.398593       0.323973      0.0024942
            236       0.327638       0.323988     0.00248366
            237       0.347874       0.324089     0.00247521
            238       0.300152       0.323989     0.00246684
            239       0.306781       0.323917     0.00245755
            240       0.250967       0.323613     0.00246609
            241       0.335276       0.323661     0.00245632
            242       0.279624       0.323479      0.0024529
            243       0.341348       0.323553      0.0024439
            244       0.319858       0.323538     0.00243391
            245       0.308376       0.323476     0.00242474
            246       0.277338       0.323288     0.00242214
            247       0.345194       0.323377     0.00241394
            248       0.358568       0.323519     0.00240837
            249       0.316743       0.323491     0.00239883
            250       0.308069        0.32343     0.00239002
            251       0.320679       0.323419      0.0023805
            252         0.2775       0.323237     0.00237803
            253       0.255834        0.32297     0.00238354
            254       0.371549       0.323161     0.00238183
            255       0.360518       0.323308     0.00237699
            256       0.264621       0.323079     0.00237876
            257        0.28591       0.322934      0.0023739
            258       0.320335       0.322924      0.0023647
            259       0.257158        0.32267      0.0023692
            260       0.373101       0.322864     0.00236802
            261       0.288897       0.322734     0.00236252
            262       0.382168       0.322961     0.00236439
            263       0.305042       0.322893     0.00235637
            264       0.324376       0.322898     0.00234744
            265       0.368258       0.323069     0.00234482
            266       0.329262       0.323093      0.0023361
            267       0.398081       0.323374     0.00234422
            268       0.350899       0.323476     0.00233771
            269       0.365981       0.323634     0.00233436
            270       0.249038       0.323358     0.00234205
            271       0.361714       0.323499     0.00233768
            272        0.32488       0.323505     0.00232908
            273       0.322265         0.3235     0.00232054
            274       0.279971       0.323341      0.0023175
            275        0.36096       0.323478     0.00231311
            276       0.218383       0.323097     0.00233596
            277       0.363143       0.323242     0.00233199
            278       0.327612       0.323257     0.00232364
            279       0.360244        0.32339     0.00231909
            280       0.256269        0.32315      0.0023232
            281       0.315366       0.323123     0.00231508
            282       0.285847        0.32299     0.00231064
            283       0.262322       0.322776     0.00231242
            284       0.269786       0.322589      0.0023118
            285       0.379481       0.322789     0.00231231
            286       0.290221       0.322675     0.00230702
            287       0.359403       0.322803     0.00230253
            288       0.272192       0.322627     0.00230124
            289       0.333871       0.322666     0.00229359
            290       0.339982       0.322726     0.00228645
            291       0.333484       0.322763     0.00227888
            292       0.322175       0.322761     0.00227106
            293       0.342155       0.322827     0.00226427
            294       0.319046       0.322814     0.00225659
            295       0.242922       0.322544     0.00226517
            296       0.269623       0.322365     0.00226458
            297       0.249705        0.32212     0.00227016
            298       0.364317       0.322262     0.00226696
            299       0.334265       0.322302     0.00225972
            300       0.336686        0.32235     0.00225268
            301       0.246057       0.322096     0.00225945
            302       0.328634       0.322118     0.00225206
            303       0.339985       0.322177     0.00224539
            304       0.289684        0.32207     0.00224054
            305         0.3158       0.322049     0.00223328
            306        0.38797       0.322265     0.00223637
            307       0.377872       0.322446     0.00223642
            308        0.32249       0.322446     0.00222914
            309       0.387088       0.322655     0.00223174
            310       0.376338       0.322829     0.00223126
            311       0.324259       0.322833     0.00222408
            312       0.296579       0.322749     0.00221854
            313       0.301537       0.322681     0.00221248
            314       0.309422       0.322639     0.00220582
            315       0.254754       0.322423     0.00220935
            316       0.316595       0.322405     0.00220242
            317       0.297962       0.322328     0.00219682
            318       0.339009        0.32238     0.00219053
            319       0.336445       0.322424     0.00218409
            320       0.329711       0.322447     0.00217738
            321       0.322535       0.322448     0.00217058
            322       0.410755       0.322722     0.00218114
            323       0.298748       0.322648     0.00217564
            324       0.331546       0.322675     0.00216909
            325        0.37387       0.322833     0.00216814
            326        0.29978       0.322762     0.00216263
            327        0.31742       0.322745     0.00215607
            328       0.213606       0.322413     0.00217509
            329       0.325039       0.322421     0.00216848
            330       0.345707       0.322491     0.00216305
            331       0.292881       0.322402     0.00215836
            332       0.328124       0.322419     0.00215192
            333       0.273998       0.322274     0.00215037
            334       0.377174       0.322438     0.00215022
            335       0.324682       0.322445      0.0021438
            336       0.274243       0.322301     0.00214222
            337       0.369197        0.32244     0.00214038
            338       0.315213       0.322419     0.00213414
            339       0.310933       0.322385     0.00212811
            340       0.252321       0.322179     0.00213182
            341       0.334263       0.322215     0.00212586
            342       0.381098       0.322387     0.00212661
            343       0.254004       0.322187     0.00212976
            344       0.339693       0.322238     0.00212417
            345       0.297601       0.322167      0.0021192
            346       0.367019       0.322296     0.00211704
            347        0.32012        0.32229     0.00211094
            348       0.359295       0.322397     0.00210755
            349       0.291151       0.322307     0.00210341
            350       0.316088       0.322289     0.00209747
            351       0.277967       0.322163     0.00209529
            352       0.330377       0.322186     0.00208946
            353       0.353428       0.322275     0.00208541
            354       0.318064       0.322263     0.00207955
            355       0.328122       0.322279     0.00207375
            356       0.313673       0.322255     0.00206805
            357       0.381238        0.32242     0.00206886
            358       0.336625        0.32246     0.00206346
            359       0.338802       0.322506      0.0020582
            360       0.259377        0.32233     0.00205996
            361       0.314903        0.32231     0.00205434
            362       0.332772       0.322339     0.00204887
            363       0.331414       0.322364     0.00204337
            364       0.367389       0.322487      0.0020415
            365       0.255555       0.322304     0.00204414
            366       0.367291       0.322427     0.00204225
            367       0.361654       0.322534     0.00203948
            368       0.306033       0.322489     0.00203442
            369       0.308458       0.322451     0.00202926
            370       0.383652       0.322616     0.00203051
            371       0.295969       0.322544     0.00202631
            372       0.336755       0.322583     0.00202121
            373        0.36615       0.322699     0.00201917
            374        0.30551       0.322653     0.00201429
            375       0.305467       0.322608     0.00200943
            376       0.320648       0.322602     0.00200409
            377       0.379246       0.322753      0.0020044
            378       0.368334       0.322873     0.00200273
            379       0.283442       0.322769     0.00200014
            380         0.3542       0.322852     0.00199659
            381       0.300888       0.322794     0.00199217
            382       0.295036       0.322722     0.00198828
            383       0.344641       0.322779     0.00198391
            384       0.384199       0.322939     0.00198519
            385       0.270891       0.322804     0.00198463
            386       0.270559       0.322668     0.00198411
            387       0.378429       0.322812     0.00198421
            388       0.281218       0.322705     0.00198199
            389        0.35819       0.322796       0.001979
            390       0.236733       0.322576     0.00198621
            391       0.410155         0.3228     0.00199375
            392       0.339789       0.322843     0.00198913
            393        0.29118       0.322762     0.00198569
            394       0.277965       0.322649     0.00198391
            395       0.365382       0.322757     0.00198184
            396       0.325766       0.322765     0.00197684
            397       0.265623       0.322621      0.0019771
            398       0.313772       0.322598     0.00197225
            399       0.368478       0.322713     0.00197066
            400       0.378254       0.322852     0.00197062
            401       0.376686       0.322986     0.00197028
            402       0.240545       0.322781     0.00197605
            403       0.344162       0.322834     0.00197185
            404       0.243814       0.322639     0.00197666
            405       0.274734       0.322521     0.00197532
            406       0.361429       0.322616     0.00197278
            407       0.244212       0.322424     0.00197733
            408       0.339604       0.322466     0.00197293
            409       0.282836       0.322369     0.00197048
            410        0.34544       0.322425     0.00196648
            411       0.396871       0.322606     0.00197003
            412       0.319142       0.322598     0.00196526
            413       0.289704       0.322518     0.00196212
            414       0.314103       0.322498     0.00195748
            415       0.336134       0.322531     0.00195303
            416       0.316278       0.322516     0.00194839
            417       0.317546       0.322504     0.00194375
            418       0.322767       0.322505     0.00193909
            419       0.239602       0.322307     0.00194455
            420       0.314793       0.322289        0.00194
            421       0.351655       0.322359     0.00193664
            422       0.298546       0.322302     0.00193287
            423       0.323817       0.322306      0.0019283
            424       0.330733       0.322326     0.00192385
            425       0.288153       0.322245       0.001921
            426       0.356158       0.322325     0.00191814
            427        0.35097       0.322392     0.00191481
            428       0.338826        0.32243     0.00191072
            429       0.280318       0.322332     0.00190879
            430       0.304424        0.32229      0.0019048
            431       0.352985       0.322362     0.00190171
            432       0.294681       0.322298     0.00189838
            433       0.374458       0.322418     0.00189782
            434       0.334609       0.322446     0.00189365
            435       0.333788       0.322472     0.00188947
            436       0.378538       0.322601     0.00188951
            437       0.317248       0.322589     0.00188522
            438       0.375498       0.322709     0.00188479
            439       0.332113       0.322731     0.00188061
            440       0.292433       0.322662      0.0018776
            441       0.387443       0.322809     0.00187909
            442        0.34468       0.322858     0.00187548
            443       0.288368        0.32278     0.00187286
            444       0.317579       0.322769     0.00186868
            445       0.360602       0.322854     0.00186641
            446       0.311524       0.322828     0.00186239
            447       0.337158        0.32286      0.0018585
            448       0.291485        0.32279     0.00185567
            449       0.339997       0.322829     0.00185193
            450       0.301824       0.322782      0.0018484
            451       0.292604       0.322715     0.00184551
            452        0.31402       0.322696     0.00184152
            453        0.36504       0.322789     0.00183983
            454       0.328632       0.322802     0.00183582
            455       0.349435       0.322861     0.00183271
            456       0.344183       0.322907     0.00182929
            457       0.381342       0.323035     0.00182975
            458       0.334643       0.323061     0.00182593
            459       0.286172        0.32298     0.00182372
            460       0.304612        0.32294     0.00182019
            461       0.292856       0.322875     0.00181741
            462       0.372824       0.322983     0.00181669
            463         0.3243       0.322986     0.00181276
            464        0.31398       0.322967     0.00180895
            465       0.389121       0.323109     0.00181066
            466       0.333203       0.323131      0.0018069
            467       0.358789       0.323207     0.00180464
            468       0.361016       0.323288     0.00180259
            469       0.354057       0.323353     0.00179994
            470       0.306723       0.323318     0.00179646
            471       0.316071       0.323303      0.0017927
            472       0.325494       0.323307     0.00178891
            473        0.30433       0.323267     0.00178557
            474       0.296754       0.323211     0.00178268
            475       0.364463       0.323298     0.00178104
            476        0.34908       0.323352     0.00177812
            477       0.264928        0.32323     0.00177861
            478       0.340699       0.323266     0.00177526
            479       0.347855       0.323318      0.0017723
            480       0.288229       0.323244     0.00177011
            481       0.317251       0.323232     0.00176647
            482       0.346953       0.323281     0.00176349
            483       0.332012       0.323299     0.00175993
            484       0.279031       0.323208     0.00175867
            485        0.28664       0.323132     0.00175665
            486       0.352349       0.323193     0.00175407
            487       0.298926       0.323143     0.00175117
            488       0.306325       0.323108     0.00174792
            489       0.400296       0.323266     0.00175147
            490       0.382043       0.323386       0.001752
            491       0.319822       0.323379     0.00174844
            492       0.340552       0.323414     0.00174524
            493       0.381328       0.323531     0.00174565
            494       0.297735       0.323479     0.00174289
            495       0.336253       0.323505     0.00173956
            496       0.344937       0.323548     0.00173659
            497       0.395324       0.323692      0.0017391
            498       0.251963       0.323548     0.00174157
            499       0.276493       0.323454     0.00174063
            500         0.3237       0.323455     0.00173715
            501        0.31232       0.323432     0.00173382
            502       0.208818       0.323204     0.00174536
            503       0.369753       0.323297     0.00174434
            504       0.340256        0.32333      0.0017412
            505       0.373801        0.32343     0.00174062
            506       0.278429       0.323341     0.00173945
            507       0.331621       0.323358      0.0017361
            508       0.332187       0.323375     0.00173276
            509       0.344302       0.323416     0.00172984
            510       0.295967       0.323362     0.00172729
            511       0.314772       0.323345     0.00172399
            512       0.331965       0.323362      0.0017207
            513       0.376034       0.323465     0.00172041
            514        0.37302       0.323561     0.00171976
            515       0.309861       0.323535     0.00171662
            516       0.366979       0.323619     0.00171536
            517       0.382975       0.323734     0.00171589
            518       0.313917       0.323715     0.00171267
            519       0.311981       0.323692     0.00170952
            520       0.248443       0.323547     0.00171236
            521       0.298148       0.323499     0.00170976
            522       0.371499       0.323591     0.00170896
            523       0.392468       0.323722     0.00171076
            524       0.309685       0.323696     0.00170771
            525       0.251192       0.323557     0.00171004
            526       0.296366       0.323506     0.00170757
            527       0.270645       0.323405     0.00170727
            528       0.296712       0.323355     0.00170478
            529       0.284977       0.323282      0.0017031
            530       0.318208       0.323273     0.00169991
            531       0.354259       0.323331     0.00169771
            532       0.334736       0.323353     0.00169466
            533       0.294431       0.323298     0.00169234
            534       0.334865        0.32332     0.00168931
            535       0.323264        0.32332     0.00168615
            536       0.328355       0.323329     0.00168303
            537       0.214717       0.323127     0.00169202
            538        0.35009       0.323177     0.00168962
            539       0.269519       0.323078     0.00168942
            540       0.304299       0.323043     0.00168664
            541       0.415481       0.323214     0.00169217
            542       0.330284       0.323227      0.0016891
            543       0.327354       0.323234       0.001686
            544       0.353471        0.32329     0.00168381
            545       0.359168       0.323356     0.00168201
            546       0.349459       0.323404     0.00167961
            547       0.340233       0.323434     0.00167682
            548        0.36011       0.323501     0.00167509
            549       0.305086       0.323468     0.00167237
            550       0.333186       0.323485     0.00166942
            551       0.251115       0.323354     0.00167156
            552       0.406989       0.323506     0.00167539
            553       0.286402       0.323438     0.00167371
            554       0.407929       0.323591     0.00167763
            555       0.324407       0.323592      0.0016746
            556       0.295985       0.323543     0.00167233
            557       0.271991        0.32345     0.00167189
            558       0.287635       0.323386     0.00167012
            559        0.32338       0.323386     0.00166713
            560        0.21619       0.323195     0.00167512
            561       0.335856       0.323217     0.00167229
            562       0.330604        0.32323     0.00166936
            563       0.234565       0.323073     0.00167382
            564       0.292287       0.323018     0.00167174
            565       0.280166       0.322942      0.0016705
            566       0.250275       0.322814     0.00167248
            567       0.320832       0.322811     0.00166953
            568       0.336696       0.322835     0.00166677
            569        0.35748       0.322896     0.00166495
            570       0.295868       0.322848     0.00166271
            571       0.330696       0.322862     0.00165985
            572        0.34159       0.322895     0.00165727
            573       0.298946       0.322853      0.0016549
            574       0.324728       0.322856     0.00165202
            575       0.341165       0.322888     0.00164945
            576       0.335454        0.32291     0.00164673
            577       0.289966       0.322853     0.00164486
            578       0.332713        0.32287      0.0016421
            579       0.284102       0.322803     0.00164063
            580       0.337328       0.322828     0.00163799
            581       0.289556       0.322771     0.00163617
            582       0.388913       0.322884     0.00163731
            583       0.349651        0.32293     0.00163514
            584       0.366189       0.323004     0.00163402
            585       0.333638       0.323023     0.00163132
            586       0.302629       0.322988     0.00162891
            587       0.363384       0.323057     0.00162759
            588        0.31772       0.323048     0.00162484
            589       0.305262       0.323017     0.00162236
            590       0.346503       0.323057      0.0016201
            591       0.351853       0.323106     0.00161809
            592       0.345542       0.323144      0.0016158
            593       0.382893       0.323245     0.00161622
            594       0.309445       0.323221     0.00161366
            595       0.330692       0.323234       0.001611
            596       0.368388        0.32331     0.00161007
            597       0.337059       0.323333     0.00160754
            598       0.322671       0.323332     0.00160485
            599       0.350712       0.323377     0.00160282
            600       0.264672       0.323279     0.00160313
            601       0.324638       0.323282     0.00160047
            602       0.340114        0.32331     0.00159805
            603       0.312021       0.323291     0.00159551
            604       0.364992        0.32336     0.00159436
            605       0.323883       0.323361     0.00159172
            606       0.298362        0.32332     0.00158963
            607       0.341512        0.32335     0.00158729
            608       0.262148       0.323249     0.00158787
            609       0.357916       0.323306     0.00158628
            610        0.36483       0.323374     0.00158514
            611       0.303596       0.323342     0.00158288
            612       0.323431       0.323342     0.00158029
            613       0.345376       0.323378     0.00157812
            614       0.289494       0.323322     0.00157651
            615       0.273252       0.323241     0.00157605
            616       0.202917       0.323046     0.00158557
            617       0.295157       0.323001     0.00158364
            618       0.345008       0.323036     0.00158148
            619       0.359752       0.323095     0.00158004
            620        0.29795       0.323055     0.00157801
            621       0.254699       0.322945      0.0015793
            622       0.388741       0.323051     0.00158031
            623       0.315764       0.323039     0.00157781
            624       0.350735       0.323083     0.00157591
            625       0.318024       0.323075      0.0015734
            626       0.335971       0.323096     0.00157102
            627       0.309058       0.323073     0.00156868
            628       0.305922       0.323046     0.00156641
            629       0.316906       0.323036     0.00156395
            630       0.266747       0.322947     0.00156402
            631       0.369504       0.323021     0.00156328
            632       0.345654       0.323057     0.00156122
            633       0.310653       0.323037     0.00155887
            634       0.318377        0.32303     0.00155643
            635       0.312154       0.323012     0.00155407
            636       0.310024       0.322992     0.00155176
            637       0.287678       0.322937     0.00155031
            638       0.339948       0.322963     0.00154811
            639       0.303612       0.322933     0.00154598
            640        0.29826       0.322894     0.00154405
            641       0.302587       0.322863     0.00154196
            642       0.309372       0.322842      0.0015397
            643       0.292618       0.322795     0.00153802
            644       0.276802       0.322723     0.00153729
            645       0.340718       0.322751     0.00153516
            646       0.326954       0.322758      0.0015328
            647       0.378731       0.322844     0.00153287
            648       0.366959       0.322912     0.00153202
            649       0.279117       0.322845     0.00153114
            650       0.341276       0.322873     0.00152905
            651        0.28231       0.322811     0.00152797
            652       0.325518       0.322815     0.00152563
            653       0.319509        0.32281      0.0015233
            654       0.294337       0.322766     0.00152159
            655        0.34576       0.322802     0.00151967
            656       0.299817       0.322767     0.00151776
            657       0.399442       0.322883     0.00151993
            658       0.369716       0.322954     0.00151929
            659       0.374274       0.323032     0.00151898
            660       0.321726        0.32303     0.00151668
            661       0.295724       0.322989     0.00151494
            662       0.338725       0.323013     0.00151284
            663       0.264079       0.322924     0.00151317
            664       0.352258       0.322968     0.00151153
            665        0.33568       0.322987     0.00150938
            666       0.327757       0.322994     0.00150713
            667       0.316193       0.322984      0.0015049
            668       0.411311       0.323116     0.00150846
            669       0.316302       0.323106     0.00150623
            670       0.380018       0.323191     0.00150638
            671       0.315871        0.32318     0.00150417
            672       0.334691       0.323197     0.00150203
            673       0.245619       0.323082     0.00150422
            674       0.336066       0.323101     0.00150211
            675       0.287959       0.323049     0.00150079
            676       0.365645       0.323112     0.00149989
            677       0.394704       0.323218      0.0015014
            678       0.332942       0.323232     0.00149925
            679       0.306137       0.323207     0.00149726
            680       0.414545       0.323341     0.00150107
            681       0.321757       0.323339     0.00149887
            682        0.28604       0.323284     0.00149767
            683        0.35073       0.323325     0.00149601
            684       0.351414       0.323366     0.00149439
            685        0.29582       0.323326     0.00149275
            686       0.378752       0.323406     0.00149276
            687       0.282895       0.323347     0.00149175
            688       0.292435       0.323302     0.00149026
            689       0.315349       0.323291     0.00148814
            690       0.338648       0.323313     0.00148615
            691       0.310393       0.323294     0.00148411
            692       0.381796       0.323379     0.00148438
            693       0.308429       0.323357     0.00148239
            694       0.243009       0.323242     0.00148477
            695       0.373116       0.323313     0.00148437
            696        0.28385       0.323257     0.00148332
            697       0.285746       0.323203     0.00148217
            698       0.307529        0.32318     0.00148021
            699       0.327174       0.323186     0.00147811
            700       0.294444       0.323145     0.00147656
            701        0.37712       0.323222     0.00147646
            702        0.35582       0.323268     0.00147509
            703       0.275546       0.323201     0.00147455
            704       0.317331       0.323192     0.00147248
            705       0.254808       0.323095     0.00147359
            706       0.336869       0.323115     0.00147163
            707       0.327614       0.323121     0.00146956
            708       0.334463       0.323137     0.00146757
            709        0.28102       0.323078      0.0014667
            710        0.36166       0.323132     0.00146564
            711       0.328085       0.323139      0.0014636
            712       0.374984       0.323212     0.00146335
            713       0.310805       0.323194      0.0014614
            714       0.261671       0.323108     0.00146189
            715       0.356575       0.323155      0.0014606
            716       0.286874       0.323104     0.00145944
            717       0.347918       0.323139     0.00145781
            718       0.332678       0.323152     0.00145584
            719       0.292286       0.323109     0.00145445
            720        0.35916       0.323159     0.00145329
            721        0.33431       0.323175     0.00145135
            722       0.380022       0.323254     0.00145148
            723       0.396139       0.323355     0.00145297
            724       0.367202       0.323415     0.00145223
            725       0.324564       0.323417     0.00145022
            726       0.363553       0.323472     0.00144928
            727        0.35015       0.323509     0.00144775
            728        0.28524       0.323456     0.00144672
            729       0.405598       0.323569     0.00144912
            730       0.385354       0.323653      0.0014496
            731       0.260224       0.323567     0.00145022
            732       0.342297       0.323592     0.00144846
            733       0.347188       0.323624     0.00144684
            734       0.269024        0.32355     0.00144678
            735       0.301474        0.32352     0.00144512
            736       0.331929       0.323531     0.00144321
            737       0.338409       0.323552     0.00144139
            738       0.296996       0.323516     0.00143988
            739       0.326144       0.323519     0.00143794
            740       0.320932       0.323516       0.001436
            741       0.318694       0.323509     0.00143407
            742       0.346818       0.323541     0.00143248
            743        0.37073       0.323604     0.00143196
            744       0.252109       0.323508     0.00143326
            745       0.341162       0.323532     0.00143153
            746       0.364723       0.323587     0.00143068
            747       0.291184       0.323544     0.00142942
            748       0.342304       0.323569     0.00142773
            749       0.374532       0.323637     0.00142744
            750       0.350871       0.323673       0.001426
            751       0.357485       0.323718     0.00142481
            752       0.311857       0.323702       0.001423
            753       0.310303       0.323684     0.00142122
            754       0.315762       0.323674     0.00141938
            755       0.320235       0.323669      0.0014175
            756       0.337995       0.323688     0.00141575
            757       0.320555       0.323684     0.00141389
            758       0.321102       0.323681     0.00141203
            759       0.299302       0.323649     0.00141053
            760       0.308446       0.323629     0.00140882
            761       0.386406       0.323711     0.00140938
            762       0.384492       0.323791     0.00140979
            763       0.294063       0.323752     0.00140848
            764       0.361625       0.323801     0.00140751
            765       0.293488       0.323762     0.00140622
            766       0.356993       0.323805     0.00140506
            767       0.337483       0.323823     0.00140334
            768       0.296498       0.323788     0.00140196
            769        0.28604       0.323738     0.00140099
            770        0.31349       0.323725     0.00139924
            771        0.29844       0.323692     0.00139781
            772       0.324693       0.323694     0.00139599
            773       0.357253       0.323737     0.00139486
            774       0.330105       0.323745     0.00139308
            775       0.377602       0.323815     0.00139302
            776       0.323562       0.323814     0.00139122
            777       0.355019       0.323855     0.00139001
            778       0.415224       0.323972     0.00139318
            779       0.352537       0.324009     0.00139188
            780       0.287949       0.323962     0.00139086
            781       0.308592       0.323943     0.00138922
            782       0.293977       0.323904     0.00138797
            783       0.366383       0.323959     0.00138726
            784       0.313438       0.323945     0.00138555
            785       0.332702       0.323956     0.00138383
            786       0.359361       0.324001      0.0013828
            787       0.276756       0.323941     0.00138235
            788       0.280701       0.323887     0.00138168
            789       0.370637       0.323946      0.0013812
            790       0.269917       0.323877     0.00138115
            791       0.321463       0.323874      0.0013794
            792       0.359808        0.32392     0.00137841
            793        0.28019       0.323865     0.00137777
            794       0.289618       0.323821     0.00137671
            795        0.31136       0.323806     0.00137507
            796        0.41877       0.323925     0.00137851
            797       0.296036        0.32389     0.00137722
            798       0.322889       0.323889      0.0013755
            799       0.270557       0.323822      0.0013754
            800       0.296265       0.323788     0.00137411
            801       0.365028       0.323839     0.00137336
            802       0.282719       0.323788      0.0013726
            803       0.271499       0.323723     0.00137244
            804       0.383005       0.323796     0.00137271
            805       0.340164       0.323817     0.00137115
            806       0.364901       0.323868      0.0013704
            807       0.392346       0.323953     0.00137133
            808       0.357557       0.323994     0.00137026
            809       0.375206       0.324058     0.00137003
            810       0.314152       0.324045     0.00136839
            811       0.329161       0.324052     0.00136672
            812       0.344867       0.324077     0.00136528
            813       0.286406       0.324031     0.00136438
            814       0.307249        0.32401     0.00136286
            815       0.263073       0.323936     0.00136324
            816       0.334074       0.323948     0.00136163
            817        0.38072       0.324017     0.00136173
            818       0.295139       0.323982     0.00136052
            819         0.3184       0.323975     0.00135888
            820       0.260734       0.323898     0.00135941
            821       0.287446       0.323854     0.00135848
            822       0.347485       0.323883     0.00135713
            823       0.287279       0.323838     0.00135621
            824       0.296371       0.323805     0.00135497
            825       0.216662       0.323675     0.00135955
            826       0.341211       0.323696     0.00135807
            827       0.407716       0.323798     0.00136022
            828       0.371712       0.323856     0.00135981
            829       0.340825       0.323876     0.00135832
            830       0.300565       0.323848     0.00135698
            831        0.37837       0.323914     0.00135693
            832       0.316025       0.323904     0.00135533
            833       0.304496       0.323881      0.0013539
            834       0.319012       0.323875     0.00135229
            835       0.298926       0.323845       0.001351
            836       0.400391       0.323937     0.00135249
            837       0.323357       0.323936     0.00135087
            838       0.367689       0.323988     0.00135027
            839       0.384714       0.324061      0.0013506
            840       0.359722       0.324103     0.00134966
            841       0.342951       0.324125     0.00134824
            842       0.363808       0.324173     0.00134746
            843       0.376994       0.324235     0.00134732
            844       0.331838       0.324244     0.00134575
            845       0.297522       0.324213     0.00134453
            846       0.381442        0.32428     0.00134464
            847       0.364041       0.324327     0.00134387
            848        0.34369        0.32435     0.00134248
            849       0.328329       0.324355     0.00134091
            850       0.265726       0.324286      0.0013411
            851       0.332908       0.324296     0.00133957
            852       0.279424       0.324243     0.00133903
            853       0.348768       0.324272     0.00133777
            854       0.328614       0.324277     0.00133621
            855       0.338916       0.324294     0.00133476
            856       0.359056       0.324335     0.00133381
            857       0.349634       0.324364     0.00133258
            858       0.329533        0.32437     0.00133104
            859       0.303054       0.324345     0.00132972
            860        0.38596       0.324417     0.00133011
            861       0.362513       0.324461      0.0013293
            862       0.375837       0.324521     0.00132909
            863       0.296186       0.324488     0.00132796
            864        0.31543       0.324478     0.00132646
            865       0.307318       0.324458     0.00132508
            866       0.299609       0.324429     0.00132386
            867       0.293221       0.324393     0.00132282
            868       0.394482       0.324474     0.00132376
            869        0.30094       0.324447     0.00132251
            870       0.328344       0.324451       0.001321
            871       0.298793       0.324422     0.00131981
            872       0.299872       0.324394     0.00131859
            873       0.318816       0.324387      0.0013171
            874       0.345499       0.324411     0.00131581
            875       0.317582       0.324404     0.00131433
            876       0.303799        0.32438     0.00131304
            877       0.292446       0.324344     0.00131205
            878       0.286331         0.3243     0.00131127
            879       0.389535       0.324375     0.00131188
            880       0.321218       0.324371     0.00131039
            881       0.250189       0.324287     0.00131161
            882       0.325925       0.324289     0.00131012
            883       0.367152       0.324337     0.00130954
            884       0.262973       0.324268     0.00130989
            885       0.356878       0.324305     0.00130893
            886       0.348017       0.324331     0.00130773
            887       0.347105       0.324357      0.0013065
            888       0.359688       0.324397     0.00130564
            889       0.361431       0.324439     0.00130483
            890       0.358663       0.324477     0.00130393
            891       0.319589       0.324471     0.00130248
            892       0.279342       0.324421       0.001302
            893       0.251193       0.324339     0.00130313
            894       0.334642        0.32435     0.00130172
            895       0.358648       0.324389     0.00130083
            896       0.281674       0.324341     0.00130025
            897       0.364867       0.324386     0.00129959
            898       0.375048       0.324443     0.00129936
            899       0.345181       0.324466     0.00129812
            900       0.374848       0.324522     0.00129789
            901       0.336226       0.324535     0.00129651
            902       0.361567       0.324576     0.00129572
            903       0.267361       0.324512     0.00129584
            904        0.32547       0.324513      0.0012944
            905       0.324397       0.324513     0.00129297
            906       0.342909       0.324534      0.0012917
            907       0.301496       0.324508     0.00129053
            908       0.282231       0.324462     0.00128995
            909       0.345516       0.324485     0.00128874
            910        0.33564       0.324497     0.00128738
            911       0.346813       0.324522      0.0012862
            912       0.365011       0.324566     0.00128555
            913       0.358118       0.324603     0.00128467
            914       0.201039       0.324468     0.00129037
            915       0.294212       0.324434     0.00128938
            916       0.400095       0.324517     0.00129062
            917       0.339459       0.324533     0.00128931
            918       0.327524       0.324537     0.00128791
            919        0.30913        0.32452     0.00128662
            920       0.333698        0.32453     0.00128526
            921       0.339305       0.324546     0.00128396
            922       0.369014       0.324594     0.00128347
            923       0.362943       0.324636     0.00128275
            924       0.355453       0.324669      0.0012818
            925        0.29846       0.324641     0.00128073
            926       0.349896       0.324668     0.00127963
            927       0.381261       0.324729     0.00127971
            928       0.292996       0.324695     0.00127879
            929       0.335329       0.324706     0.00127746
            930       0.286129       0.324665     0.00127676
            931       0.327786       0.324668     0.00127539
            932       0.397784       0.324747     0.00127644
            933       0.361862       0.324786     0.00127569
            934       0.369265       0.324834     0.00127521
            935        0.34156       0.324852     0.00127397
            936        0.20975       0.324729     0.00127854
            937       0.266782       0.324667     0.00127867
            938       0.320368       0.324662     0.00127731
            939       0.322458        0.32466     0.00127595
            940       0.374948       0.324714     0.00127572
            941       0.302057        0.32469     0.00127459
            942       0.358858       0.324726     0.00127375
            943         0.2436        0.32464     0.00127531
            944       0.372655       0.324691     0.00127497
            945       0.306506       0.324671     0.00127376
            946       0.348224       0.324696     0.00127266
            947       0.301385       0.324672     0.00127155
            948       0.252925       0.324596     0.00127247
            949       0.299568        0.32457      0.0012714
            950       0.388924       0.324637     0.00127186
            951       0.333979       0.324647     0.00127056
            952       0.307849        0.32463     0.00126935
            953       0.373644       0.324681     0.00126906
            954       0.349414       0.324707       0.001268
            955       0.305354       0.324687     0.00126683
            956       0.279897        0.32464     0.00126637
            957       0.320972       0.324636     0.00126505
            958       0.310167       0.324621     0.00126382
            959       0.308868       0.324604     0.00126261
            960        0.32852       0.324609      0.0012613
            961       0.340076       0.324625     0.00126009
            962       0.266886       0.324565     0.00126021
            963       0.339801        0.32458       0.001259
            964       0.260884       0.324514     0.00125943
            965        0.25351       0.324441     0.00126027
            966       0.308468       0.324424     0.00125907
            967       0.357934       0.324459     0.00125825
            968       0.300323       0.324434      0.0012572
            969       0.374221       0.324485     0.00125695
            970       0.334057       0.324495     0.00125569
            971       0.328696         0.3245      0.0012544
            972       0.384956       0.324562     0.00125466
            973       0.304615       0.324541     0.00125353
            974       0.353225       0.324571     0.00125259
            975       0.338744       0.324585     0.00125139
            976       0.252971       0.324512     0.00125226
            977       0.303887       0.324491     0.00125115
            978       0.354176       0.324521     0.00125024
            979       0.345656       0.324543     0.00124915
            980       0.256024       0.324473     0.00124983
            981       0.333069       0.324481     0.00124859
            982       0.330544       0.324488     0.00124733
            983       0.270678       0.324433     0.00124727
            984       0.316469       0.324425     0.00124602
            985       0.345256       0.324446     0.00124494
            986       0.238654       0.324359     0.00124671
            987        0.34929       0.324384     0.00124571
            988       0.336645       0.324397     0.00124451
            989       0.325996       0.324398     0.00124325
            990        0.38096       0.324455     0.00124331
            991       0.350943       0.324482     0.00124234
            992       0.292116       0.324449     0.00124151
            993       0.274994         0.3244     0.00124126
            994       0.306092       0.324381     0.00124015
            995       0.316972       0.324374     0.00123893
            996       0.396271       0.324446     0.00123978
            997       0.363236       0.324485     0.00123915
            998       0.233885       0.324394     0.00124123
            999       0.332297       0.324402     0.00124002
           1000       0.394439       0.324472     0.00124075
