            0.5           1000          20000              0
              1       0.086086       0.086086              0
              2       0.226418       0.156252       0.070166
              3        0.45616       0.256221       0.107865
              4       0.490778        0.31486      0.0962083
              5      -0.126074       0.226674       0.115458
              6        0.10685       0.206703      0.0963631
              7      -0.454202       0.112288       0.124687
              8      -0.337106      0.0561138        0.12172
              9      -0.529898    -0.00899867       0.125551
             10        0.33937      0.0258382       0.117576
             11        0.34229      0.0546065       0.110173
             12      -0.453134      0.0122948       0.109112
             13      -0.111634     0.00276185        0.10082
             14      -0.343552     -0.0219749      0.0965634
             15       0.643242      0.0223729        0.10024
             16      -0.220948     0.00716537      0.0949907
             17      -0.221064    -0.00625988      0.0902326
             18      -0.095302     -0.0112067      0.0852158
             19       0.115888    -0.00451747      0.0808831
             20       0.427866      0.0171017      0.0797199
             21        0.08995      0.0205707      0.0759081
             22      -0.103734      0.0149205      0.0725957
             23       0.051338      0.0165038      0.0693857
             24       0.006116       0.016071      0.0664331
             25      -0.364674      0.0008412      0.0655152
             26       0.227068     0.00954223      0.0635435
             27       -0.47924    -0.00856081      0.0637683
             28       -0.13661      -0.013134      0.0616186
             29       0.252596     -0.0039709      0.0601579
             30       -0.23724     -0.0117465      0.0586359
             31       0.344474   -0.000255548      0.0578653
             32        0.35524      0.0108537      0.0571186
             33      -0.052522     0.00893321      0.0553939
             34       -0.04153       0.007449      0.0537605
             35       0.187108      0.0125821      0.0524537
             36        0.03572      0.0132248      0.0509799
             37        0.63475      0.0300228      0.0523511
             38       0.056236      0.0307126      0.0509595
             39       0.115642      0.0328903      0.0496834
             40       -0.47782      0.0201226      0.0500802
             41       0.027124      0.0202933      0.0488438
             42      -0.911854    -0.00190067      0.0525803
             43      -0.048254    -0.00297865      0.0513542
             44      -0.175296    -0.00689495      0.0503261
             45       -0.41485     -0.0159606      0.0500234
             46       0.272876    -0.00968157      0.0493251
             47       0.521704     0.00162451      0.0495708
             48      -0.199684    -0.00256942       0.048708
             49      -0.411002     -0.0109048      0.0484263
             50      -0.235088     -0.0153884      0.0476593
             51      -0.516066     -0.0252056      0.0477359
             52       -0.02668      -0.025234      0.0468089
             53      -0.445762     -0.0331685      0.0465977
             54       0.210788     -0.0286508      0.0459493
             55       0.602624     -0.0171731      0.0465435
             56       0.559726    -0.00687129      0.0468514
             57        0.14044    -0.00428688      0.0460946
             58        -0.2266    -0.00811986      0.0454548
             59       0.033794    -0.00740946      0.0446834
             60        0.02472    -0.00687397      0.0439356
             61        0.39656   -0.000260295      0.0437126
             62      -0.188844    -0.00330197      0.0431092
             63       0.060812    -0.00228429      0.0424316
             64        0.33281     0.00295156      0.0420903
             65      -0.555814    -0.00564483        0.04232
             66      -0.122028    -0.00740821      0.0417111
             67       0.757692     0.00401119      0.0426414
             68      -0.439076    -0.00250479      0.0425119
             69      -0.330262     -0.0072549      0.0421597
             70       -0.38103     -0.0125945      0.0418948
             71      -0.167516     -0.0147765      0.0413581
             72       0.071424     -0.0135793      0.0407972
             73        0.39123    -0.00803397      0.0406148
             74       0.078534    -0.00686414      0.0400793
             75      -0.045248    -0.00737592      0.0395446
             76       0.035208    -0.00681561      0.0390248
             77       0.040066    -0.00620675      0.0385195
             78       -0.18477    -0.00849603      0.0380913
             79       0.080302      -0.007372      0.0376228
             80      -0.481284     -0.0132959      0.0376189
             81      -0.139462     -0.0148535      0.0371842
             82        0.29087     -0.0111252      0.0369167
             83       0.397696    -0.00619961      0.0368003
             84      -0.079936    -0.00707743      0.0363702
             85       -0.05998    -0.00769981      0.0359451
             86       -0.33929     -0.0115555      0.0357333
             87         0.2241    -0.00884683      0.0354239
             88      -0.476376     -0.0141597      0.0354198
             89      -0.228114     -0.0165636       0.035102
             90      -0.215826     -0.0187777      0.0347803
             91      -0.405366     -0.0230259      0.0346573
             92      -0.883974      -0.032384       0.035533
             93      -0.385348     -0.0361793      0.0353531
             94      -0.336874     -0.0393782       0.035121
             95      -0.260408     -0.0417048      0.0348272
             96       0.320606     -0.0379308      0.0346685
             97      -0.100322      -0.038574      0.0343153
             98       0.130252     -0.0368513       0.034007
             99       0.377736     -0.0326635      0.0339212
            100       0.352556     -0.0288113      0.0338005
            101      -0.231622     -0.0308193      0.0335244
            102       0.159776     -0.0289508      0.0332466
            103       -0.34479     -0.0320172      0.0330647
            104       0.500848     -0.0268935      0.0331437
            105       0.380106     -0.0230173      0.0330546
            106       0.157356     -0.0213156      0.0327855
            107       0.502692     -0.0164184      0.0328448
            108       0.586582      -0.010835      0.0330148
            109       0.028794     -0.0104715      0.0327125
            110       0.498242     -0.0058468       0.032742
            111      -0.513952     -0.0104243       0.032767
            112      -0.053568     -0.0108095      0.0324754
            113      -0.418666     -0.0144189      0.0323885
            114      -0.041924     -0.0146602       0.032104
            115       0.262132     -0.0122533      0.0319145
            116      -0.413308     -0.0157106      0.0318265
            117       0.159752      -0.014211       0.031589
            118      -0.068378       -0.01467      0.0313235
            119       0.658546    -0.00901272      0.0315702
            120       -0.02149     -0.0091167      0.0313061
            121      -0.148994     -0.0102727      0.0310678
            122      -0.172322      -0.011601      0.0308408
            123       -0.28137     -0.0137942      0.0306675
            124        0.76731      -0.007495      0.0310646
            125       -0.06779    -0.00797736      0.0308188
            126      -0.236922    -0.00979438      0.0306272
            127       0.291634    -0.00742093      0.0304776
            128      -0.467756     -0.0110173      0.0304517
            129       -0.33429     -0.0135233      0.0303185
            130      -0.036106      -0.013697      0.0300849
            131      -0.159092     -0.0148069      0.0298749
            132       0.119636     -0.0137884      0.0296652
            133       -0.73377     -0.0192018      0.0299349
            134      -0.336866     -0.0215724      0.0298051
            135       0.101174     -0.0206632      0.0295975
            136      -0.153498     -0.0216399      0.0293952
            137       0.390176     -0.0186339      0.0293343
            138      -0.184234     -0.0198339      0.0291457
            139        0.29935     -0.0175377      0.0290262
            140      -0.185102     -0.0187345       0.028843
            141      -0.192486     -0.0199668      0.0286642
            142       0.156698     -0.0187227      0.0284888
            143      -0.365858     -0.0211502      0.0283928
            144       0.459614     -0.0178116       0.028392
            145        0.40091     -0.0149238       0.028343
            146       0.560808     -0.0109805       0.028423
            147      -0.315328     -0.0130509      0.0283048
            148       0.181704      -0.011735      0.0281437
            149       0.393838    -0.00901299      0.0280864
            150      -0.300426     -0.0109557      0.0279661
            151       0.114318     -0.0101261      0.0277927
            152      -0.655536     -0.0143722      0.0279338
            153        0.22316     -0.0128197       0.027794
            154       -0.06538      -0.013161      0.0276151
            155      -0.173936     -0.0141983      0.0274559
            156       0.294762     -0.0122178      0.0273512
            157       0.203168     -0.0108459       0.027211
            158      -0.802154     -0.0158542      0.0274982
            159       0.155146     -0.0147787      0.0273458
            160      -0.306618     -0.0166027      0.0272355
            161       0.208874     -0.0152022       0.027102
            162       0.059756     -0.0147395      0.0269382
            163       0.449688     -0.0118903      0.0269236
            164       0.521378    -0.00863863      0.0269558
            165      -0.105258    -0.00922421      0.0267983
            166       0.257694    -0.00761627      0.0266849
            167       0.041884    -0.00731986      0.0265263
            168      -0.259224    -0.00881929      0.0264105
            169       0.030242    -0.00858815      0.0262548
            170      -0.256476     -0.0100463      0.0261406
            171      -0.549578     -0.0132015      0.0261781
            172        0.16057     -0.0121912       0.026045
            173      -0.068812     -0.0125185      0.0258961
            174       0.455516    -0.00982861       0.025887
            175      -0.096176      -0.010322      0.0257434
            176         0.3813     -0.0080969      0.0256932
            177       0.043192    -0.00780713      0.0255493
            178       0.389838    -0.00557317      0.0255034
            179       -0.20586    -0.00669209      0.0253852
            180      -0.212086    -0.00783317      0.0252695
            181       0.167624    -0.00686379      0.0251482
            182        0.39035     -0.0046813      0.0251047
            183       0.480912    -0.00202778      0.0251078
            184       0.485048     0.00061937      0.0251109
            185      -0.220434   -0.000575514      0.0250033
            186       0.025812   -0.000433645      0.0248689
            187      -0.453364    -0.00285573      0.0248539
            188       -0.32023    -0.00454389      0.0247789
            189        0.18743    -0.00352816      0.0246684
            190       0.039072    -0.00330395      0.0245392
            191        0.42582    -0.00105723      0.0245136
            192      -0.363532    -0.00294511      0.0244585
            193        0.44871   -0.000604933      0.0244438
            194       -0.06216   -0.000922227      0.0243195
            195       0.339572    0.000823897      0.0242574
            196        0.15181     0.00159423      0.0241456
            197      -0.184226    0.000650985      0.0240412
            198      -0.112006    8.20101e-05      0.0239263
            199       -0.28214    -0.00133619      0.0238479
            200      -0.320154    -0.00293028      0.0237819
            201      -0.111054    -0.00346821      0.0236694
            202       0.344612    -0.00174504      0.0236149
            203      -0.384322    -0.00362966      0.0235737
            204       0.110438     -0.0030705      0.0234645
            205      -0.497494    -0.00548232       0.023474
            206       0.077674    -0.00507865      0.0233633
            207      -0.246582    -0.00624533      0.0232794
            208       -0.21535    -0.00725064       0.023189
            209       0.030008    -0.00707237      0.0230785
            210      -0.391008    -0.00890064       0.023041
            211      -0.387514      -0.010695      0.0230016
            212       0.390754    -0.00880139       0.022971
            213      -0.541426      -0.011302      0.0229993
            214      -0.205296     -0.0122085      0.0229095
            215      -0.396858     -0.0139976      0.0228728
            216        -0.1053     -0.0144202      0.0227706
            217       0.296822      -0.012986      0.0227107
            218       0.473456     -0.0107546      0.0227162
            219       0.137312     -0.0100785      0.0226223
            220      -0.297914     -0.0113868      0.0225572
            221      -0.187302     -0.0121828       0.022469
            222       0.020842      -0.012034      0.0223681
            223       0.063252     -0.0116964      0.0222701
            224       0.240144     -0.0105722      0.0221989
            225      -0.155982     -0.0112184      0.0221095
            226      -0.294542     -0.0124721      0.0220471
            227       -0.14939     -0.0130752      0.0219581
            228       0.058356     -0.0127619      0.0218638
            229      -0.408894     -0.0144918      0.0218367
            230       0.402804     -0.0126774      0.0218172
            231      -0.254886      -0.013726      0.0217478
            232       0.307352      -0.012342       0.021698
            233      -0.499794     -0.0144341      0.0217058
            234       0.045032     -0.0141799      0.0216143
            235       -0.41502     -0.0158856      0.0215896
            236       0.147118     -0.0151949       0.021509
            237       0.473476      -0.013133      0.0215171
            238      -0.109622     -0.0135385      0.0214303
            239      -0.270882     -0.0146152      0.0213676
            240      -0.258234     -0.0156303      0.0213026
            241       0.076384     -0.0152485      0.0212175
            242       0.275332     -0.0140477      0.0211637
            243       0.539308     -0.0117706      0.0211991
            244      -0.082372     -0.0120599       0.021114
            245       0.068572     -0.0117308      0.0210302
            246      -0.356458     -0.0131321      0.0209914
            247      -0.041302     -0.0132462      0.0209065
            248       -0.15744     -0.0138276      0.0208302
            249       0.262476      -0.012718       0.020776
            250      -0.505932     -0.0146908      0.0207866
            251       0.446306     -0.0128542      0.0207849
            252      -0.489266     -0.0147447      0.0207884
            253       0.675912     -0.0120148      0.0208853
            254        0.14188     -0.0114089      0.0208117
            255      -0.006314      -0.011389      0.0207299
            256      -0.221898     -0.0122113      0.0206652
            257      -0.149472     -0.0127453      0.0205915
            258        0.35378     -0.0113247      0.0205607
            259       0.305796     -0.0101003      0.0205177
            260      -0.260804     -0.0110645      0.0204614
            261       0.308656    -0.00983956      0.0204196
            262       0.020414    -0.00972409      0.0203419
            263      -0.203332     -0.0104602      0.0202777
            264       0.090486     -0.0100779      0.0202044
            265      -0.099976     -0.0104171      0.0201309
            266        0.04067     -0.0102251       0.020056
            267      -0.428448     -0.0117914       0.020042
            268      -0.266166     -0.0127406      0.0199896
            269      -0.299646     -0.0138072      0.0199437
            270      -0.154932     -0.0143298      0.0198766
            271      -0.093262     -0.0146211      0.0198052
            272      -0.032592     -0.0146872      0.0197324
            273       -0.09721     -0.0149895      0.0196623
            274      -0.030268     -0.0150452      0.0195905
            275      -0.093606     -0.0153309      0.0195212
            276       0.281198     -0.0142565        0.01948
            277        0.21031     -0.0134458      0.0194265
            278       0.056998     -0.0131924      0.0193581
            279       0.241848     -0.0122783      0.0193103
            280       -0.22651     -0.0130434      0.0192564
            281       0.699716     -0.0105069      0.0193547
            282      -0.463662     -0.0121138      0.0193528
            283       0.886146    -0.00893975      0.0195437
            284      -0.228586    -0.00971315      0.0194901
            285      -0.108732     -0.0100606      0.0194247
            286       -0.67249     -0.0123768      0.0194948
            287      -0.475462     -0.0139903      0.0194936
            288        0.41142     -0.0125132      0.0194819
            289      -0.206846     -0.0131856       0.019426
            290      -0.546006     -0.0150229      0.0194459
            291      -0.379364      -0.016275      0.0194194
            292      -0.646774     -0.0184342      0.0194728
            293      -0.261126     -0.0192625      0.0194239
            294       0.405272     -0.0178185      0.0194115
            295      -0.294352     -0.0187559      0.0193683
            296       -0.17205     -0.0192738      0.0193097
            297       0.139134     -0.0187404       0.019252
            298      -0.392914     -0.0199961      0.0192283
            299      -0.359816     -0.0211326      0.0191976
            300      -0.691384     -0.0233668      0.0192635
            301      -0.248668     -0.0241153      0.0192139
            302       0.241186     -0.0232368      0.0191704
            303      -0.067178     -0.0233818      0.0191075
            304      -0.531582     -0.0250535      0.0191178
            305       0.537892     -0.0232078      0.0191442
            306       -0.15505     -0.0236386      0.0190864
            307      -0.789012     -0.0261317      0.0191868
            308      -0.150934     -0.0265369      0.0191287
            309      -0.293444     -0.0274007      0.0190862
            310      -0.275964     -0.0282025      0.0190415
            311       0.084696     -0.0278395      0.0189836
            312      -0.144426     -0.0282132      0.0189263
            313       0.140974     -0.0276726      0.0188735
            314       0.009004     -0.0275558      0.0188137
            315       -0.05287     -0.0276362       0.018754
            316       0.399766     -0.0262837      0.0187435
            317      -0.581398     -0.0280348      0.0187661
            318      -0.381864     -0.0291475      0.0187401
            319      -0.109396      -0.029399      0.0186829
            320       -0.32666      -0.030328      0.0186476
            321        0.07594     -0.0299969      0.0185924
            322      -0.360794     -0.0310242       0.018563
            323       0.135374     -0.0305091      0.0185126
            324        0.07044     -0.0301975       0.018458
            325        -0.1818      -0.030664       0.018407
            326        0.00975       -0.03054      0.0183509
            327       0.406842     -0.0292025      0.0183435
            328       0.043222     -0.0289816      0.0182888
            329      -0.223938     -0.0295742      0.0182428
            330      -0.189694     -0.0300594      0.0181939
            331       0.547688      -0.028314      0.0182226
            332       -0.21886     -0.0288879      0.0181767
            333      -0.249758     -0.0295512      0.0181342
            334       0.336488     -0.0284553       0.018113
            335       0.552444     -0.0267212      0.0181419
            336       0.127316     -0.0262628      0.0180937
            337       0.404682      -0.024984      0.0180852
            338      -0.285906      -0.025756      0.0180481
            339       -0.09969     -0.0259741      0.0179961
            340       0.758538     -0.0236667      0.0180908
            341       0.128888     -0.0232193      0.0180432
            342      -0.252542     -0.0238898      0.0180029
            343       -0.44044     -0.0251043      0.0179914
            344      -0.059212     -0.0252034      0.0179393
            345         0.6616     -0.0232127      0.0179976
            346      -0.013776     -0.0231854      0.0179456
            347        0.01673     -0.0230704      0.0178941
            348      -0.208688     -0.0236038      0.0178506
            349       -0.03249     -0.0236292      0.0177994
            350       0.356494     -0.0225432      0.0177817
            351       0.332812     -0.0215308      0.0177598
            352       0.575062     -0.0198359      0.0177902
            353       0.190458     -0.0192402      0.0177498
            354      -0.280486     -0.0199781      0.0177149
            355       0.346518     -0.0189458      0.0176951
            356      -0.310736     -0.0197654      0.0176643
            357      -0.162478     -0.0201651      0.0176193
            358      -0.654746     -0.0219377      0.0176592
            359       0.027602     -0.0217997      0.0176105
            360       0.434402     -0.0205325      0.0176072
            361       -0.45847     -0.0217456      0.0176002
            362      -0.618108      -0.023393      0.0176287
            363       0.153924     -0.0229046      0.0175868
            364      -0.193652     -0.0233736      0.0175447
            365        0.68004     -0.0214465      0.0176024
            366      -0.052568     -0.0215315      0.0175544
            367       0.136858     -0.0210999      0.0175119
            368      -0.395016      -0.022116      0.0174937
            369      -0.394168     -0.0231243      0.0174754
            370      -0.045086     -0.0231836      0.0174282
            371       0.349982     -0.0221778      0.0174102
            372       0.244702     -0.0214604      0.0173782
            373      -0.071474     -0.0215945       0.017332
            374      -0.181644     -0.0220224      0.0172909
            375       -0.49649     -0.0232876      0.0172911
            376      -0.030166     -0.0233059      0.0172451
            377       0.166678      -0.022802      0.0172067
            378       0.210682     -0.0221843      0.0171722
            379       0.064676     -0.0219551      0.0171284
            380       0.171342     -0.0214465      0.0170908
            381      -0.483612     -0.0226595       0.017089
            382      -0.112742     -0.0228953      0.0170458
            383      -0.141286     -0.0232044      0.0170041
            384      -0.242246     -0.0237748      0.0169693
            385      -0.079776     -0.0239203      0.0169258
            386       0.548648      -0.022437      0.0169469
            387      -0.027112      -0.022449      0.0169031
            388       0.469414     -0.0211814      0.0169071
            389        0.00459     -0.0211151      0.0168637
            390       -0.87267     -0.0232986      0.0169615
            391       0.257026     -0.0225816      0.0169333
            392      -0.319128     -0.0233381      0.0169069
            393      -0.103538     -0.0235422      0.0168651
            394      -0.049696     -0.0236086      0.0168224
            395       -0.37923     -0.0245089      0.0168039
            396       0.030042     -0.0243711      0.0167619
            397      -0.103778     -0.0245712      0.0167209
            398      -0.363528     -0.0254228      0.0167005
            399      -0.021386     -0.0254127      0.0166586
            400      -0.516316       -0.02664      0.0166622
            401       0.031124     -0.0264959      0.0166212
            402      -0.654108     -0.0280571      0.0166531
            403        0.08955     -0.0277653      0.0166143
            404       0.144996     -0.0273377      0.0165787
            405       0.528776     -0.0259645      0.0165946
            406      -0.158246     -0.0262904      0.0165569
            407      -0.922838     -0.0284932      0.0166624
            408        -0.4047     -0.0294153      0.0166471
            409      -0.234596     -0.0299169      0.0166139
            410      -0.512512      -0.031094      0.0166151
            411        -0.0272     -0.0310845      0.0165746
            412      -0.153744     -0.0313822       0.016537
            413      -0.114124     -0.0315826      0.0164981
            414       -0.42913     -0.0325428      0.0164862
            415       0.040634     -0.0323665      0.0164474
            416       0.026806     -0.0322243      0.0164084
            417        0.31515     -0.0313912      0.0163902
            418       0.202992     -0.0308305      0.0163606
            419      -0.460162     -0.0318552      0.0163536
            420       0.372772     -0.0308918       0.016343
            421      -0.139896     -0.0311507      0.0163062
            422      -0.505472     -0.0322747      0.0163063
            423      -0.724888      -0.033912      0.0163499
            424       0.138454     -0.0335055      0.0163164
            425      -0.145382     -0.0337688      0.0162801
            426       0.206124     -0.0332056      0.0162516
            427      -0.116318     -0.0334003      0.0162146
            428       0.089866     -0.0331123      0.0161793
            429       0.185242     -0.0326033      0.0161495
            430       -0.38527     -0.0334234      0.0161328
            431      -0.431938     -0.0343481      0.0161219
            432       -0.39774     -0.0351893      0.0161065
            433      -0.342076      -0.035898      0.0160849
            434       0.182534     -0.0353947      0.0160556
            435       0.273986     -0.0346835      0.0160345
            436        0.08901     -0.0343998      0.0160002
            437       0.141718     -0.0339968      0.0159686
            438      -0.046936     -0.0340263      0.0159321
            439      -0.363108     -0.0347759      0.0159135
            440       0.288176     -0.0340419      0.0158942
            441       0.543424     -0.0327325      0.0159121
            442       0.242672     -0.0321094      0.0158883
            443      -0.005796       -0.03205      0.0158525
            444       0.195894     -0.0315366      0.0158251
            445        0.39551      -0.030577      0.0158186
            446       0.250774     -0.0299461      0.0157957
            447       0.301304     -0.0292051      0.0157777
            448       0.160526     -0.0287816      0.0157482
            449      -0.254334     -0.0292839      0.0157211
            450       0.066292     -0.0290715      0.0156875
            451       0.280976     -0.0283841      0.0156678
            452      -0.032652     -0.0283935      0.0156331
            453      -0.196484     -0.0287646       0.015603
            454       -0.08784     -0.0288947      0.0155691
            455      -0.112422     -0.0290783      0.0155359
            456       -0.24306     -0.0295475      0.0155089
            457        0.37371     -0.0286651      0.0155001
            458       0.547206     -0.0274078      0.0155173
            459      -0.208086     -0.0278014      0.0154884
            460      -0.202498     -0.0281812      0.0154594
            461       -0.09622     -0.0283288      0.0154265
            462       0.419808     -0.0273588      0.0154236
            463         0.0569     -0.0271768      0.0153913
            464       0.159824     -0.0267738      0.0153634
            465       0.071188     -0.0265631      0.0153318
            466       0.310702     -0.0258393       0.015316
            467      -0.014274     -0.0258146      0.0152831
            468       0.166234     -0.0254042       0.015256
            469       0.102004     -0.0251326      0.0152258
            470      -0.282586     -0.0256803      0.0152033
            471       0.289078     -0.0250121      0.0151857
            472      -0.416276      -0.025841      0.0151761
            473      -0.123684     -0.0260479      0.0151454
            474       0.586302      -0.024756      0.0151685
            475        0.30539     -0.0240609      0.0151525
            476      -0.363846     -0.0247748      0.0151375
            477       0.007568      -0.024707      0.0151059
            478      -0.314886      -0.025314      0.0150865
            479       0.228156     -0.0247849      0.0150642
            480       0.214934     -0.0242855      0.0150411
            481      -0.418368     -0.0251048      0.0150322
            482      -0.390916     -0.0258637      0.0150201
            483      -0.157132     -0.0261355      0.0149915
            484       0.387652     -0.0252805      0.0149849
            485       0.344026     -0.0245191      0.0149733
            486      -0.058254     -0.0245885      0.0149426
            487      -0.379088     -0.0253164      0.0149297
            488       -0.06859     -0.0254051      0.0148993
            489      -0.036654     -0.0254281      0.0148688
            490        0.24308     -0.0248801      0.0148486
            491      -0.281186     -0.0254021      0.0148275
            492       0.150426     -0.0250448      0.0148016
            493       0.350136     -0.0242838      0.0147912
            494      -0.716048     -0.0256841      0.0148275
            495       0.354276     -0.0249165      0.0148174
            496       0.470774     -0.0239171      0.0148212
            497       -0.09911     -0.0240684      0.0147921
            498      -0.296446     -0.0246153      0.0147725
            499      -0.175136      -0.024917       0.014746
            500      -0.514616     -0.0258964       0.014749
            501      -0.617594     -0.0270774      0.0147668
            502      -0.341742     -0.0277042      0.0147507
            503       0.342676     -0.0269679      0.0147398
            504       0.735584     -0.0254549      0.0147881
            505       -0.08111     -0.0255651      0.0147592
            506        0.14567     -0.0252267      0.0147339
            507      -0.665328     -0.0264892      0.0147589
            508       0.328074     -0.0257913      0.0147463
            509       -0.32665     -0.0263823      0.0147292
            510      -0.249214     -0.0268193      0.0147068
            511      -0.129794     -0.0270208      0.0146794
            512       0.077042     -0.0268175      0.0146521
            513       0.086528     -0.0265966      0.0146252
            514      -0.298178      -0.027125      0.0146062
            515      -0.525002     -0.0280917      0.0146099
            516       0.182288      -0.027684      0.0145872
            517      -0.434286     -0.0284705      0.0145802
            518      -0.174366     -0.0287521      0.0145548
            519      -0.034198     -0.0287626      0.0145267
            520      -0.335456     -0.0293524      0.0145107
            521        0.27161     -0.0287747      0.0144944
            522      -0.575484     -0.0298221      0.0145044
            523       0.405082     -0.0289905      0.0145005
            524      -0.127646     -0.0291788      0.0144741
            525      -0.786168     -0.0306207      0.0145182
            526      -0.425536     -0.0313715        0.01451
            527      -0.208154     -0.0317069      0.0144864
            528      -0.381626     -0.0323696      0.0144741
            529       0.649226     -0.0310812       0.014504
            530      -0.316632       -0.03162      0.0144867
            531      -0.345828     -0.0322117      0.0144715
            532         0.1877     -0.0317983      0.0144502
            533      -0.485926     -0.0326503      0.0144482
            534        0.05629     -0.0324838       0.014422
            535        0.44259     -0.0315958      0.0144224
            536      -0.023306     -0.0315803      0.0143955
            537       0.277276     -0.0310052      0.0143802
            538      -0.278578     -0.0314654      0.0143608
            539      -0.574834     -0.0324735      0.0143695
            540        0.62574     -0.0312545      0.0143946
            541       0.211826     -0.0308052       0.014375
            542        0.51726      -0.029794       0.014384
            543      -0.808826     -0.0312287       0.014429
            544       0.253402     -0.0307055       0.014412
            545       0.430386     -0.0298595      0.0144104
            546      -0.072182      -0.029937      0.0143842
            547        0.36149     -0.0292214      0.0143757
            548        0.01284     -0.0291446      0.0143496
            549       -0.11517     -0.0293013      0.0143243
            550      -0.023116     -0.0292901      0.0142982
            551      -0.137302     -0.0294861      0.0142736
            552      -0.090052     -0.0295958      0.0142481
            553      -0.397104     -0.0302604      0.0142379
            554       0.047766     -0.0301196      0.0142129
            555      -0.369442      -0.030731      0.0142004
            556       -0.35988     -0.0313229      0.0141872
            557       -0.68988     -0.0325053       0.014211
            558       0.064644     -0.0323312      0.0141865
            559      -0.153434     -0.0325478      0.0141628
            560         0.3473     -0.0318695      0.0141537
            561      -0.356016     -0.0324473      0.0141403
            562       0.404858     -0.0316692      0.0141365
            563       0.339358     -0.0310102      0.0141268
            564       0.117688     -0.0307465      0.0141042
            565      -0.321874     -0.0312618      0.0140886
            566      -0.413756     -0.0319376      0.0140799
            567       0.619198     -0.0307892      0.0141019
            568      -0.012598     -0.0307572      0.0140771
            569       0.559118     -0.0297205      0.0140905
            570      -0.030836     -0.0297224      0.0140658
            571       0.011102     -0.0296509      0.0140413
            572       0.073874       -0.02947      0.0140179
            573      -0.863022     -0.0309247      0.0140688
            574       0.483924     -0.0300277      0.0140729
            575       0.424562     -0.0292371      0.0140707
            576      -0.007702     -0.0291997      0.0140463
            577       0.160508      -0.028871      0.0140258
            578      -0.216044     -0.0291948      0.0140052
            579       -0.17856     -0.0294528      0.0139834
            580      -0.091682     -0.0295601      0.0139597
            581      -0.072534      -0.029634      0.0139358
            582       0.058702     -0.0294822      0.0139127
            583      -0.087528     -0.0295818      0.0138891
            584       0.221228     -0.0291523       0.013872
            585      -0.202016     -0.0294478      0.0138514
            586       0.250464     -0.0289702       0.013836
            587       0.034766     -0.0288616      0.0138128
            588        0.69674     -0.0276276      0.0138444
            589       -0.27007     -0.0280392       0.013827
            590       0.382966     -0.0273426      0.0138211
            591       0.559402     -0.0263498      0.0138334
            592        0.38453     -0.0256557      0.0138275
            593       0.213852     -0.0252518        0.01381
            594       0.272804       -0.02475      0.0137959
            595        0.33079     -0.0241525      0.0137856
            596       0.430686     -0.0233893      0.0137836
            597       0.278514     -0.0228836      0.0137698
            598       0.238154     -0.0224471      0.0137537
            599       0.676412     -0.0212804      0.0137802
            600      -0.364352     -0.0218522      0.0137691
            601      -0.277526     -0.0222776      0.0137527
            602      -0.067464     -0.0223527      0.0137301
            603      -0.248906     -0.0227284      0.0137124
            604       0.738068     -0.0214688      0.0137475
            605       0.039462     -0.0213681      0.0137252
            606       0.077426      -0.021205      0.0137035
            607      -0.115982     -0.0213612      0.0136818
            608      -0.009174     -0.0213411      0.0136593
            609       0.245636     -0.0209028      0.0136439
            610       0.186396     -0.0205629      0.0136257
            611       0.096872     -0.0203707      0.0136047
            612      -0.245558     -0.0207387      0.0135875
            613      -0.424588     -0.0213975      0.0135813
            614      -0.319426     -0.0218829      0.0135678
            615       -0.11553     -0.0220351      0.0135466
            616      -0.913302      -0.023482      0.0136018
            617       -0.45837     -0.0241868       0.013598
            618       0.732242     -0.0229629       0.013631
            619        0.47926     -0.0221515      0.0136332
            620       0.138562     -0.0218923      0.0136136
            621      -0.223442     -0.0222169      0.0135956
            622      -0.224232     -0.0225416      0.0135776
            623      -0.035174     -0.0225619      0.0135558
            624       0.572028      -0.021609      0.0135675
            625       0.580452     -0.0206457        0.01358
            626      -0.441754     -0.0213184       0.013575
            627       0.166716     -0.0210185      0.0135566
            628      -0.075788     -0.0211058      0.0135353
            629       0.207808     -0.0207418      0.0135187
            630       0.308872     -0.0202186      0.0135073
            631      -0.389486     -0.0208038      0.0134986
            632       0.274482     -0.0203366      0.0134853
            633        0.35417      -0.019745       0.013477
            634      -0.401646     -0.0203473      0.0134692
            635       0.330688     -0.0197945      0.0134593
            636      -0.385682     -0.0203698      0.0134505
            637       0.388972     -0.0197272      0.0134447
            638       0.010814     -0.0196793      0.0134237
            639       0.649102     -0.0186327      0.0134435
            640       0.362438     -0.0180373      0.0134356
            641       -0.36703     -0.0185818      0.0134257
            642       0.165628     -0.0182948      0.0134079
            643      -0.569814     -0.0191526      0.0134144
            644       0.228682     -0.0187677      0.0133991
            645      -0.268026     -0.0191542      0.0133839
            646      -0.137324     -0.0193371      0.0133644
            647       -0.09273     -0.0194505      0.0133442
            648      -0.317612     -0.0199107      0.0133316
            649        0.04632     -0.0198086      0.0133114
            650       0.084722     -0.0196478      0.0132919
            651       0.302504     -0.0191529      0.0132807
            652      -0.444396     -0.0198052      0.0132763
            653      -0.405032     -0.0203951      0.0132691
            654        -0.4446     -0.0210437      0.0132647
            655      -0.068474     -0.0211161      0.0132446
            656       0.106332     -0.0209219      0.0132258
            657      -0.298252      -0.021344      0.0132124
            658       0.038404     -0.0212532      0.0131926
            659       0.218628     -0.0208892      0.0131776
            660      -0.049846      -0.020933      0.0131577
            661      -0.215328     -0.0212271      0.0131411
            662      -0.218532     -0.0215252      0.0131246
            663       -0.07412     -0.0216045       0.013105
            664      -0.327292     -0.0220649      0.0130934
            665       0.171364      -0.021774      0.0130769
            666       0.274936     -0.0213285      0.0130648
            667      -0.217376     -0.0216224      0.0130486
            668      -0.330566     -0.0220849      0.0130372
            669      -0.067756     -0.0221532      0.0130179
            670      -0.136534     -0.0223239      0.0129996
            671       0.391544     -0.0217071      0.0129948
            672      -0.434034     -0.0223207        0.01299
            673        0.25055     -0.0219152       0.012977
            674      -0.039956      -0.021942      0.0129578
            675       0.152022     -0.0216843      0.0129411
            676        0.01765     -0.0216261      0.0129221
            677       -0.12038     -0.0217719      0.0129038
            678       -0.34889     -0.0222544      0.0128938
            679       0.509934     -0.0214706      0.0128986
            680      -0.137214     -0.0216409      0.0128808
            681       0.163764     -0.0213686      0.0128647
            682       -0.49692     -0.0220659      0.0128648
            683      -0.342488      -0.022535      0.0128545
            684      -0.210418     -0.0228097      0.0128386
            685      -0.610956     -0.0236683      0.0128486
            686      -0.231472     -0.0239712      0.0128334
            687      -0.485002     -0.0246423      0.0128323
            688      -0.072056     -0.0247112      0.0128138
            689       0.141744     -0.0244696      0.0127974
            690        0.30498     -0.0239922      0.0127878
            691       0.032616     -0.0239103      0.0127695
            692       -0.11171     -0.0240371      0.0127517
            693       -0.32129     -0.0244661      0.0127405
            694       0.252418     -0.0240671      0.0127284
            695       0.025844     -0.0239953      0.0127103
            696      -0.206438     -0.0242574      0.0126947
            697      -0.158782     -0.0244504       0.012678
            698       0.379938     -0.0238711       0.012673
            699      -0.285596     -0.0242455      0.0126604
            700       0.100278     -0.0240676      0.0126436
            701       0.310252     -0.0235907      0.0126345
            702      -0.168338     -0.0237969      0.0126182
            703      -0.469814     -0.0244313      0.0126162
            704       0.157712     -0.0241726      0.0126009
            705      -0.410544     -0.0247206       0.012595
            706      -0.175376      -0.024934      0.0125789
            707        0.51063     -0.0241765      0.0125839
            708        0.25623     -0.0237805      0.0125724
            709        0.10085     -0.0236047      0.0125559
            710      -0.326516     -0.0240313      0.0125454
            711      -0.061458      -0.024084      0.0125279
            712      -0.115638     -0.0242125      0.0125109
            713       0.365728     -0.0236656      0.0125054
            714      -0.774252     -0.0247169       0.012532
            715       0.007908     -0.0246713      0.0125145
            716      -0.049064     -0.0247053      0.0124971
            717      -0.237452      -0.025002      0.0124832
            718      -0.090086     -0.0250927      0.0124661
            719        0.62866     -0.0241834      0.0124819
            720       0.463302     -0.0235064       0.012483
            721      -0.228508     -0.0237907      0.0124689
            722       0.583956      -0.022949        0.01248
            723        0.10664     -0.0227697       0.012464
            724      -0.309318     -0.0231655      0.0124531
            725       0.019674     -0.0231064       0.012436
            726      -0.197006     -0.0233459      0.0124212
            727       0.452822      -0.022691      0.0124214
            728       0.110384     -0.0225082      0.0124057
            729        0.10918     -0.0223275      0.0123899
            730        0.15293     -0.0220874      0.0123753
            731       0.143306     -0.0218612      0.0123604
            732      -0.088036     -0.0219516      0.0123439
            733        0.20915     -0.0216363       0.012331
            734       0.143914     -0.0214108      0.0123163
            735       0.037632     -0.0213304      0.0122998
            736      -0.193186     -0.0215639      0.0122853
            737        0.09447     -0.0214065      0.0122696
            738       -0.52125     -0.0220838      0.0122717
            739      -0.199724     -0.0223242      0.0122574
            740       0.422568      -0.021723      0.0122556
            741        0.41961     -0.0211274      0.0122535
            742      -0.544276     -0.0218324      0.0122573
            743       0.509684     -0.0211171      0.0122617
            744        0.14785       -0.02089      0.0122473
            745      -0.404162     -0.0214044      0.0122417
            746       -0.35879     -0.0218567      0.0122336
            747       0.106396      -0.021685      0.0122184
            748       0.388086     -0.0211372      0.0122144
            749       0.132102     -0.0209326      0.0121998
            750      -0.388156     -0.0214222      0.0121933
            751      -0.491494     -0.0220481      0.0121931
            752      -0.129818     -0.0221914      0.0121778
            753       0.076432     -0.0220605      0.0121623
            754       -0.30682     -0.0224381       0.012152
            755       0.175858     -0.0221755      0.0121388
            756      -0.016864     -0.0221685      0.0121227
            757      -0.164368     -0.0223563      0.0121081
            758        0.25978     -0.0219841      0.0120979
            759        0.29965     -0.0215603      0.0120893
            760       0.108284     -0.0213895      0.0120746
            761        0.38778     -0.0208518      0.0120707
            762       0.150238     -0.0206273       0.012057
            763       0.035462     -0.0205538      0.0120414
            764       0.202676     -0.0202616      0.0120292
            765       0.082424     -0.0201274      0.0120142
            766         -0.368     -0.0205815      0.0120071
            767      -0.469916     -0.0211673      0.0120057
            768      -0.171972     -0.0213637      0.0119917
            769       -0.58328     -0.0220944      0.0119983
            770      -0.226556     -0.0223599      0.0119857
            771        0.82091     -0.0212662        0.01202
            772       0.471372     -0.0206281      0.0120214
            773      -0.052196     -0.0206689      0.0120059
            774       0.695546     -0.0197436       0.012026
            775       0.152344     -0.0195215      0.0120125
            776       0.246218     -0.0191791      0.0120019
            777      -0.273272     -0.0195061      0.0119909
            778       0.254032     -0.0191545      0.0119807
            779       0.589026     -0.0183738      0.0119907
            780      -0.085146     -0.0184594      0.0119757
            781      -0.137304     -0.0186116      0.0119613
            782       0.405092     -0.0180697      0.0119583
            783      -0.504076     -0.0186904      0.0119591
            784      -0.642954     -0.0194867      0.0119703
            785      -0.268416     -0.0198038      0.0119593
            786      -0.264276     -0.0201148      0.0119481
            787      -0.421362     -0.0206247      0.0119438
            788      -0.161686     -0.0208037        0.01193
            789       0.173692     -0.0205572      0.0119174
            790       0.090272     -0.0204169      0.0119031
            791      -0.020602     -0.0204171      0.0118881
            792       0.056622     -0.0203198      0.0118735
            793      -0.402922     -0.0208023      0.0118683
            794       -0.09555     -0.0208965      0.0118537
            795       -0.56217     -0.0215773      0.0118583
            796      -0.464494     -0.0221337      0.0118565
            797        0.24202     -0.0218023      0.0118462
            798      -0.367622     -0.0222357      0.0118393
            799      -0.134596     -0.0223763      0.0118253
            800      -0.433418     -0.0228901      0.0118217
            801        0.25579     -0.0225422      0.0118121
            802       0.297894     -0.0221426      0.0118041
            803       0.292632     -0.0217506      0.0117959
            804       0.296918     -0.0213543      0.0117879
            805       0.104344     -0.0211981      0.0117743
            806       0.203716     -0.0209191       0.011763
            807      -0.147174     -0.0210755      0.0117494
            808        0.26103     -0.0207264      0.0117401
            809      -0.206964     -0.0209566      0.0117278
            810      -0.479198     -0.0215223       0.011727
            811        0.00157     -0.0214938      0.0117125
            812       0.327346     -0.0210642       0.011706
            813         0.1503     -0.0208535      0.0116935
            814       0.555964     -0.0201448      0.0117006
            815      -0.154098     -0.0203092      0.0116874
            816      -0.200216     -0.0205297      0.0116751
            817       0.361308     -0.0200623      0.0116702
            818      -0.537512     -0.0206949      0.0116731
            819      -0.175822     -0.0208843      0.0116603
            820       0.428698      -0.020336       0.011659
            821        0.68027     -0.0194827       0.011676
            822       -0.41494     -0.0199638      0.0116717
            823       0.333416     -0.0195344      0.0116655
            824       -0.33093     -0.0199123      0.0116574
            825      -0.406212     -0.0203805      0.0116527
            826       0.054544     -0.0202898      0.0116389
            827       0.117612     -0.0201231       0.011626
            828      -0.695374     -0.0209386      0.0116406
            829      -0.112564     -0.0210491      0.0116271
            830       0.129582     -0.0208676      0.0116145
            831       0.245744     -0.0205468      0.0116049
            832      -0.073078     -0.0206099      0.0115911
            833       0.154524     -0.0203997      0.0115791
            834       0.366234     -0.0199361      0.0115745
            835      -0.383366     -0.0203714      0.0115688
            836      -0.210002     -0.0205982      0.0115572
            837       0.429892       -0.02006      0.0115559
            838      -0.327898     -0.0204273       0.011548
            839      -0.038298     -0.0204486      0.0115342
            840      -0.410696     -0.0209132      0.0115299
            841       0.057398     -0.0208201      0.0115165
            842      -0.145248     -0.0209679      0.0115038
            843      -0.026226     -0.0209741      0.0114901
            844       -0.42836     -0.0214568      0.0114866
            845       0.296366     -0.0210807      0.0114792
            846       -0.03803     -0.0211007      0.0114657
            847      -0.172952       -0.02128      0.0114535
            848       0.094338     -0.0211436      0.0114408
            849       0.023146     -0.0210915      0.0114274
            850       0.017966     -0.0210455      0.0114141
            851      -0.502514     -0.0216113      0.0114147
            852      -0.142898     -0.0217536      0.0114022
            853      -0.227148     -0.0219944      0.0113913
            854        0.03234     -0.0219308      0.0113782
            855       0.133348     -0.0217492      0.0113663
            856      -0.428318     -0.0222242       0.011363
            857      -0.030918     -0.0222343      0.0113497
            858       0.265694     -0.0218987      0.0113414
            859      -0.343312     -0.0222729      0.0113344
            860      -0.240596     -0.0225268      0.0113241
            861      -0.351968     -0.0229094      0.0113174
            862      -0.171814     -0.0230821      0.0113055
            863      -0.099008     -0.0231701      0.0112928
            864       0.407402     -0.0226718      0.0112907
            865       0.415166     -0.0221656       0.011289
            866       0.192258      -0.021918      0.0112787
            867       0.456804     -0.0213658      0.0112792
            868       0.075194     -0.0212546      0.0112667
            869      -0.254756     -0.0215233       0.011257
            870       0.208866     -0.0212585      0.0112471
            871      -0.093578     -0.0213415      0.0112345
            872       0.752962     -0.0204535      0.0112567
            873      -0.470318     -0.0209688      0.0112556
            874       0.046584     -0.0208915       0.011243
            875      -0.041662     -0.0209153      0.0112302
            876      -0.573128     -0.0215457       0.011235
            877        0.40457     -0.0210598      0.0112327
            878      -0.348124     -0.0214323      0.0112261
            879        0.08862     -0.0213071       0.011214
            880      -0.038752     -0.0213269      0.0112013
            881      -0.420786     -0.0217803      0.0111978
            882       0.201118     -0.0215276      0.0111879
            883       0.090678     -0.0214005      0.0111759
            884      -0.421756     -0.0218534      0.0111725
            885       -0.34519     -0.0222188      0.0111658
            886       0.215404     -0.0219506      0.0111564
            887         0.2351     -0.0216608      0.0111476
            888      -0.296978     -0.0219708      0.0111394
            889       0.261426      -0.021652      0.0111314
            890       -0.09553     -0.0217351      0.0111192
            891       0.135068     -0.0215591      0.0111081
            892       0.121708     -0.0213985      0.0110968
            893       0.266988     -0.0210755      0.0110891
            894       -0.41696     -0.0215183      0.0110855
            895       0.089706     -0.0213941      0.0110738
            896       0.225482     -0.0211185      0.0110649
            897      -0.034118      -0.021133      0.0110526
            898       0.243928     -0.0208379      0.0110442
            899       -0.03747     -0.0208564      0.0110319
            900       -0.19493     -0.0210498      0.0110213
            901      -0.523318     -0.0216072      0.0110232
            902       0.410618      -0.021128      0.0110214
            903       0.130876     -0.0209597      0.0110105
            904      -0.204728      -0.021163      0.0110002
            905      -0.158432     -0.0213147      0.0109891
            906      -0.624088       -0.02198      0.0109971
            907       0.298106     -0.0216271      0.0109906
            908      -0.069334     -0.0216796      0.0109786
            909      -0.092634     -0.0217577      0.0109668
            910       0.643674     -0.0210264      0.0109791
            911       0.155026     -0.0208332      0.0109688
            912       0.252772     -0.0205332      0.0109608
            913      -0.182846      -0.020711      0.0109503
            914      -0.256612     -0.0209691      0.0109413
            915        0.01491     -0.0209298      0.0109294
            916       0.032288     -0.0208717      0.0109177
            917      -0.077278     -0.0209333      0.0109059
            918       0.131262     -0.0207675      0.0108953
            919       -0.59958     -0.0213973      0.0109016
            920      -0.145204     -0.0215319      0.0108906
            921      -0.388232       -0.02193      0.0108861
            922        0.25838      -0.021626      0.0108785
            923       0.173182     -0.0214149      0.0108688
            924       0.355816     -0.0210067      0.0108647
            925      -0.268306      -0.021274      0.0108562
            926      -0.133286      -0.021395      0.0108452
            927       0.257582     -0.0210941      0.0108376
            928       0.455024      -0.020581      0.0108381
            929       0.132952     -0.0204157      0.0108277
            930      -0.089036     -0.0204895      0.0108163
            931      -0.217348      -0.020701      0.0108067
            932       0.215752     -0.0204473      0.0107981
            933       0.010488     -0.0204141      0.0107866
            934       0.106412     -0.0202783      0.0107759
            935      -0.200038     -0.0204706      0.0107661
            936       0.154482     -0.0202837      0.0107562
            937        0.13289     -0.0201202      0.0107459
            938      -0.337382     -0.0204584      0.0107398
            939      -0.371718     -0.0208325      0.0107349
            940       0.105326     -0.0206983      0.0107243
            941       0.130904     -0.0205372      0.0107141
            942       0.163674     -0.0203416      0.0107045
            943       0.707184     -0.0195701      0.0107209
            944         0.6035     -0.0189101      0.0107299
            945      -0.388546     -0.0193012      0.0107257
            946       0.339846     -0.0189216      0.0107211
            947       0.529412     -0.0183426      0.0107254
            948      -0.055682      -0.018382      0.0107141
            949        0.13424     -0.0182211       0.010704
            950       -0.54901     -0.0187799      0.0107073
            951       0.095988     -0.0186592      0.0106968
            952      -0.595348     -0.0192649      0.0107027
            953       0.023474     -0.0192201      0.0106915
            954       0.232588     -0.0189561      0.0106836
            955      -0.260224     -0.0192088      0.0106754
            956      -0.299858     -0.0195023      0.0106682
            957      -0.387198     -0.0198866       0.010664
            958       0.064136     -0.0197989      0.0106532
            959       0.439186     -0.0193202      0.0106529
            960       0.263736     -0.0190254      0.0106459
            961       0.283028     -0.0187111      0.0106394
            962      -0.078968     -0.0187737      0.0106285
            963      -0.479386      -0.019252      0.0106283
            964       0.195382     -0.0190294      0.0106196
            965      -0.098308     -0.0191115      0.0106089
            966      -0.027002     -0.0191197      0.0105979
            967       0.520778     -0.0185614      0.0106016
            968       0.117018     -0.0184213      0.0105916
            969      -0.177448     -0.0185854      0.0105819
            970      -0.087858     -0.0186568      0.0105713
            971       0.354524     -0.0182725      0.0105674
            972       0.300562     -0.0179445      0.0105616
            973       0.210984     -0.0177092      0.0105534
            974       0.308254     -0.0173746      0.0105478
            975       0.264358     -0.0170856       0.010541
            976       0.357556     -0.0167017      0.0105372
            977      -0.324286     -0.0170166      0.0105311
            978      -0.299208     -0.0173051      0.0105242
            979       0.322902     -0.0169576      0.0105192
            980       0.151688     -0.0167855      0.0105099
            981        0.12129     -0.0166448      0.0105001
            982      -0.502774     -0.0171398      0.0105011
            983      -0.441612     -0.0175716      0.0104993
            984        0.66369     -0.0168793      0.0105115
            985       0.223434     -0.0166353      0.0105036
            986      -0.201826     -0.0168231      0.0104946
            987        0.07942     -0.0167256      0.0104844
            988      -0.055812     -0.0167652      0.0104739
            989       0.350638     -0.0163937      0.0104699
            990       0.140102     -0.0162356      0.0104605
            991      -0.276062     -0.0164978      0.0104532
            992       0.121944     -0.0163582      0.0104436
            993      -0.202554     -0.0165458      0.0104348
            994      -0.176318     -0.0167065      0.0104255
            995      -0.537206     -0.0172296      0.0104282
            996       -0.16859     -0.0173816      0.0104188
            997      -0.186278      -0.017551      0.0104097
            998       -0.04547      -0.017579      0.0103993
            999       0.156496     -0.0174047      0.0103904
           1000        0.07487     -0.0173124      0.0103804
