            0.5           1000          20000              0
              1       0.933696       0.933696              0
              2       0.914502       0.924099       0.009597
              3       0.822726       0.890308      0.0342423
              4        0.85609       0.881753      0.0256797
              5       0.834578       0.872318      0.0220156
              6       0.854366       0.869326       0.018223
              7        0.86045       0.868058      0.0154534
              8       0.896448       0.871607      0.0138455
              9       0.922398        0.87725      0.0134517
             10       0.903352       0.879861      0.0123114
             11        0.89837       0.881543      0.0112625
             12       0.927894       0.885406      0.0109828
             13         0.9013       0.886628      0.0101764
             14        0.93853       0.890336      0.0101247
             15       0.872544        0.88915     0.00949991
             16        0.94206       0.892456     0.00948172
             17       0.938718       0.895178     0.00931297
             18       0.836806       0.891935     0.00936006
             19       0.952824        0.89514     0.00941587
             20       0.910924       0.895929     0.00896748
             21        0.94372       0.898205     0.00882815
             22       0.898378       0.898212     0.00841731
             23       0.927398       0.899481      0.0081425
             24        0.95715       0.901884     0.00815776
             25        0.83253        0.89911     0.00830188
             26        0.70739       0.891736      0.0108625
             27       0.930764       0.893182      0.0105519
             28       0.930156       0.894502      0.0102534
             29       0.917094       0.895281     0.00992418
             30       0.916298       0.895982     0.00961323
             31       0.790148       0.892568     0.00990492
             32       0.911122       0.893148      0.0096079
             33       0.950408       0.894883     0.00947248
             34       0.868384       0.894103     0.00922265
             35        0.94932       0.895681     0.00909317
             36       0.939802       0.896907     0.00892155
             37       0.939798       0.898066     0.00875417
             38        0.89878       0.898085     0.00852071
             39       0.845926       0.896747     0.00840642
             40        0.87285        0.89615     0.00821532
             41       0.957506       0.897646     0.00815099
             42        0.87858       0.897192      0.0079675
             43       0.744812       0.893649     0.00854906
             44       0.917108       0.894182      0.0083695
             45       0.926824       0.894907     0.00821349
             46        0.84367       0.893793     0.00810981
             47       0.838114       0.892609     0.00802333
             48       0.956414       0.893938     0.00796609
             49       0.948184       0.895045     0.00787997
             50       0.836172       0.893868     0.00781003
             51        0.89886       0.893965     0.00765599
             52       0.924778       0.894558     0.00753066
             53        0.90441       0.894744     0.00738955
             54       0.874122       0.894362     0.00726146
             55       0.832944       0.893245     0.00721515
             56       0.881766        0.89304      0.0070881
             57        0.92444       0.893591      0.0069844
             58        0.92148       0.894072     0.00687975
             59       0.925958       0.894612      0.0067837
             60       0.950206       0.895539     0.00673373
             61        0.82543        0.89439     0.00672141
             62        0.88229       0.894195     0.00661499
             63        0.89209       0.894161     0.00650923
             64       0.915614       0.894496     0.00641548
             65        0.90157       0.894605     0.00631695
             66       0.946498       0.895391     0.00626999
             67       0.741558       0.893095      0.0065887
             68       0.938132       0.893758     0.00652479
             69        0.93211       0.894314     0.00645351
             70       0.890566        0.89426     0.00636088
             71       0.957326       0.895148     0.00633325
             72       0.848378       0.894499     0.00627836
             73       0.918724        0.89483     0.00620064
             74       0.873526       0.894543     0.00612305
             75        0.91727       0.894846     0.00604845
             76       0.915068       0.895112     0.00597427
             77       0.924574       0.895494     0.00590857
             78          0.632       0.892116     0.00674002
             79       0.945082       0.892787     0.00668784
             80       0.870944       0.892514     0.00660936
             81       0.899324       0.892598     0.00652779
             82       0.891814       0.892588      0.0064477
             83       0.885542       0.892503     0.00637011
             84       0.887072       0.892439     0.00629415
             85       0.935572       0.892946     0.00624033
             86       0.903702       0.893071     0.00616861
             87        0.91298         0.8933     0.00610158
             88       0.866184       0.892992     0.00603972
             89       0.932396       0.893435     0.00598786
             90       0.951736       0.894082     0.00595628
             91       0.917608       0.894341     0.00589614
             92       0.975716       0.895225     0.00589839
             93       0.945516       0.895766     0.00585963
             94       0.909964       0.895917     0.00579893
             95       0.946468       0.896449     0.00576218
             96       0.862054       0.896091     0.00571309
             97       0.607494       0.893116     0.00638893
             98       0.858248        0.89276      0.0063334
             99       0.778556       0.891606     0.00637435
            100       0.927056       0.891961     0.00632023
            101        0.94227       0.892459     0.00627714
            102       0.898966       0.892523     0.00621562
            103       0.953624       0.893116      0.0061835
            104       0.921652        0.89339      0.0061299
            105       0.925324       0.893695     0.00607885
            106       0.870842       0.893479     0.00602509
            107       0.926528       0.893788      0.0059765
            108       0.813172       0.893041     0.00596777
            109       0.899514       0.893101     0.00591306
            110       0.887538        0.89305     0.00585928
            111         0.8831       0.892961     0.00580695
            112       0.934626       0.893333     0.00576688
            113       0.880574        0.89322     0.00571673
            114       0.869896       0.893015     0.00567005
            115       0.950348       0.893514      0.0056426
            116       0.946016       0.893966     0.00561203
            117       0.922328       0.894209     0.00556913
            118       0.762198        0.89309     0.00563393
            119       0.929482       0.893396     0.00559475
            120       0.894962       0.893409     0.00554794
            121       0.844066       0.893001     0.00551699
            122       0.836094       0.892535     0.00549143
            123        0.77522       0.891581     0.00552948
            124       0.916136       0.891779     0.00548828
            125       0.937638       0.892146     0.00545654
            126       0.915824       0.892334     0.00541633
            127       0.954614       0.892824     0.00539584
            128       0.857396       0.892547     0.00536067
            129        0.95414       0.893025     0.00534034
            130       0.900536       0.893082     0.00529941
            131       0.856456       0.892803     0.00526623
            132       0.947974       0.893221     0.00524287
            133        0.90352       0.893298     0.00520388
            134       0.924238       0.893529     0.00517006
            135       0.963788        0.89405     0.00515794
            136       0.848532       0.893715      0.0051308
            137       0.802538       0.893049     0.00513651
            138       0.830824       0.892598     0.00511905
            139       0.845924       0.892263     0.00509317
            140       0.888262       0.892234     0.00505674
            141        0.94826       0.892631     0.00503645
            142       0.935922       0.892936     0.00501014
            143        0.76436       0.892037     0.00505558
            144        0.91597       0.892203      0.0050231
            145       0.878006       0.892105     0.00498929
            146       0.897302       0.892141     0.00495513
            147        0.94229       0.892482     0.00493312
            148       0.920872       0.892674     0.00490343
            149       0.913012       0.892811     0.00487232
            150       0.764832       0.891957     0.00491436
            151       0.931704       0.892221     0.00488879
            152       0.867196       0.892056     0.00485931
            153       0.857816       0.891832     0.00483263
            154       0.920142       0.892016     0.00480467
            155       0.828742       0.891608     0.00479099
            156       0.719854       0.890507     0.00488585
            157       0.946032        0.89086     0.00486749
            158        0.86244       0.890681     0.00483993
            159       0.911166       0.890809     0.00481112
            160       0.917596       0.890977     0.00478389
            161       0.922774       0.891174     0.00475818
            162       0.922552       0.891368     0.00473268
            163       0.881346       0.891306     0.00470396
            164       0.935606       0.891577     0.00468299
            165       0.908054       0.891676     0.00465559
            166        0.68884       0.890455     0.00478607
            167       0.924982       0.890661     0.00476181
            168       0.885118       0.890628      0.0047335
            169        0.95638       0.891017     0.00472146
            170       0.921182       0.891195     0.00469696
            171       0.903754       0.891268     0.00466999
            172       0.952156       0.891622     0.00465623
            173       0.843708       0.891345     0.00463752
            174       0.924442       0.891536     0.00461471
            175       0.883974       0.891492     0.00458847
            176        0.87596       0.891404     0.00456318
            177       0.865852        0.89126     0.00453962
            178       0.937856       0.891521     0.00452163
            179       0.871322       0.891409     0.00449771
            180       0.904454       0.891481     0.00447324
            181        0.83741       0.891182     0.00445848
            182       0.947008       0.891489     0.00444451
            183       0.914528       0.891615     0.00442195
            184       0.930546       0.891827     0.00440294
            185       0.916292       0.891959     0.00438107
            186       0.955526       0.892301     0.00437084
            187       0.868436       0.892173     0.00434927
            188       0.915574       0.892297     0.00432787
            189       0.849608       0.892072     0.00431083
            190       0.897682       0.892101     0.00428818
            191       0.776688       0.891497     0.00430826
            192        0.85525       0.891308     0.00428991
            193       0.920656        0.89146     0.00427034
            194       0.881424       0.891408     0.00424858
            195        0.90039       0.891454     0.00422699
            196        0.90254       0.891511     0.00420575
            197       0.936114       0.891737     0.00419047
            198       0.905716       0.891808     0.00416985
            199       0.883978       0.891769     0.00414903
            200       0.938876       0.892004     0.00413494
            201       0.849188       0.891791     0.00411983
            202       0.868674       0.891677     0.00410098
            203       0.917962       0.891806     0.00408278
            204         0.8563       0.891632     0.00406645
            205       0.958248       0.891957     0.00405959
            206        0.84406       0.891725     0.00404652
            207       0.935796       0.891938     0.00403255
            208        0.94265       0.892181     0.00402051
            209        0.88114       0.892129     0.00400158
            210       0.888434       0.892111     0.00398252
            211       0.892414       0.892112      0.0039636
            212       0.915078       0.892221     0.00394634
            213        0.87959       0.892161     0.00392822
            214       0.885174       0.892129     0.00390996
            215       0.888074        0.89211     0.00389177
            216        0.76128       0.891504     0.00392078
            217       0.943512       0.891744     0.00391002
            218       0.678296       0.890765     0.00401332
            219       0.883714       0.890733     0.00399508
            220        0.85321       0.890562     0.00398053
            221        0.89859       0.890598     0.00396265
            222       0.866874       0.890491      0.0039462
            223       0.911908       0.890587     0.00392964
            224       0.933032       0.890777     0.00391665
            225       0.861298       0.890646      0.0039014
            226       0.897882       0.890678     0.00388423
            227       0.827024       0.890398     0.00387724
            228       0.946286       0.890643     0.00386797
            229       0.951836        0.89091      0.0038603
            230       0.857048       0.890763      0.0038463
            231        0.93323       0.890947     0.00383402
            232       0.876644       0.890885     0.00381796
            233       0.893692       0.890897     0.00380156
            234       0.893154       0.890907     0.00378529
            235       0.939652       0.891114     0.00377485
            236       0.892584        0.89112     0.00375882
            237       0.848026       0.890938     0.00374734
            238        0.95768       0.891219     0.00374209
            239        0.81682       0.890908     0.00373938
            240       0.721828       0.890203     0.00378982
            241       0.792886       0.889799      0.0037956
            242       0.754968       0.889242     0.00382073
            243       0.955316       0.889514     0.00381468
            244        0.95261       0.889773      0.0038078
            245       0.765052       0.889263     0.00382624
            246       0.818818       0.888977      0.0038214
            247       0.946706       0.889211     0.00381307
            248       0.952474       0.889466     0.00380622
            249       0.915464        0.88957     0.00379234
            250       0.799738       0.889211     0.00379419
            251       0.941242       0.889418     0.00378473
            252        0.90916       0.889497     0.00377049
            253       0.947536       0.889726     0.00376256
            254       0.875704       0.889671     0.00374812
            255       0.733542       0.889059     0.00378327
            256       0.890298       0.889063     0.00376847
            257       0.924088         0.8892     0.00375625
            258       0.939358       0.889394     0.00374671
            259        0.95834        0.88966     0.00374169
            260       0.917726       0.889768     0.00372884
            261       0.962258       0.890046     0.00372489
            262       0.939068       0.890233     0.00371536
            263       0.855034       0.890099     0.00370363
            264       0.816924       0.889822     0.00369997
            265       0.796826       0.889471     0.00370265
            266       0.908244       0.889542     0.00368938
            267       0.861168       0.889435     0.00367707
            268       0.962698       0.889709     0.00367351
            269       0.741602       0.889158     0.00370101
            270       0.913574       0.889249     0.00368839
            271       0.962068       0.889517     0.00368456
            272       0.927298       0.889656     0.00367362
            273        0.91222       0.889739     0.00366107
            274       0.926284       0.889872     0.00365012
            275       0.877788       0.889828     0.00363709
            276        0.79017       0.889467     0.00364183
            277       0.900648       0.889508     0.00362888
            278       0.939044       0.889686      0.0036202
            279        0.86828       0.889609     0.00360801
            280         0.9407       0.889792     0.00359973
            281       0.949292       0.890003     0.00359314
            282        0.77061        0.88958     0.00360532
            283         0.9404        0.88976     0.00359705
            284       0.855522       0.889639     0.00358639
            285       0.932212       0.889788      0.0035769
            286       0.948692       0.889994     0.00357032
            287       0.814134        0.88973     0.00356766
            288       0.874606       0.889677     0.00355564
            289       0.865596       0.889594     0.00354429
            290       0.802502       0.889294     0.00354479
            291       0.967206       0.889562     0.00354272
            292       0.926998        0.88969      0.0035329
            293       0.898274       0.889719     0.00352094
            294       0.935096       0.889873     0.00351234
            295       0.924712       0.889992      0.0035024
            296        0.94635       0.890182     0.00349574
            297       0.871394       0.890119     0.00348452
            298        0.89602       0.890138     0.00347287
            299       0.959836       0.890372     0.00346907
            300       0.924384       0.890485     0.00345935
            301       0.884384       0.890465      0.0034479
            302       0.891384       0.890468     0.00343646
            303        0.88919       0.890463      0.0034251
            304       0.946844       0.890649     0.00341885
            305       0.928232       0.890772     0.00340985
            306       0.918384       0.890862     0.00339989
            307       0.942926       0.891032     0.00339304
            308       0.776014       0.890659     0.00340256
            309        0.79501       0.890349     0.00340562
            310       0.810054        0.89009     0.00340449
            311        0.95169       0.890288      0.0033993
            312       0.915422       0.890369     0.00338934
            313       0.818358       0.890139     0.00338632
            314        0.91943       0.890232     0.00337681
            315       0.934848       0.890373     0.00336905
            316       0.926228       0.890487     0.00336029
            317       0.849324       0.890357     0.00335219
            318       0.951738        0.89055      0.0033472
            319       0.933804       0.890686     0.00333944
            320       0.919182       0.890775     0.00333018
            321       0.930842         0.8909     0.00332214
            322       0.861214       0.890807     0.00331309
            323       0.904186       0.890849     0.00330307
            324       0.871372       0.890789     0.00329341
            325       0.838692       0.890628     0.00328717
            326       0.888578       0.890622     0.00327708
            327       0.854082        0.89051     0.00326895
            328       0.814054       0.890277      0.0032673
            329        0.86796       0.890209     0.00325806
            330       0.953766       0.890402     0.00325387
            331       0.943148       0.890561     0.00324794
            332       0.874992       0.890514     0.00323848
            333       0.932742       0.890641     0.00323123
            334       0.946764       0.890809     0.00322592
            335        0.93004       0.890926     0.00321841
            336        0.90963       0.890982      0.0032093
            337       0.876712        0.89094     0.00320004
            338       0.912934       0.891005     0.00319122
            339       0.909922       0.891061     0.00318229
            340       0.934284       0.891188     0.00317546
            341        0.92823       0.891296       0.003168
            342       0.892814       0.891301     0.00315872
            343       0.947384       0.891464     0.00315374
            344       0.939214       0.891603     0.00314762
            345       0.861028       0.891515     0.00313974
            346       0.857454       0.891416      0.0031322
            347       0.798356       0.891148     0.00313465
            348       0.900576       0.891175     0.00312575
            349       0.932152       0.891292     0.00311899
            350       0.841712       0.891151     0.00311329
            351       0.917752       0.891227     0.00310533
            352       0.561034       0.890288     0.00323546
            353       0.654338        0.88962      0.0032948
            354        0.88886       0.889618     0.00328548
            355        0.89848       0.889643      0.0032763
            356       0.863572        0.88957     0.00326791
            357       0.941692       0.889716     0.00326201
            358        0.93392       0.889839     0.00325523
            359       0.924634       0.889936      0.0032476
            360       0.806586       0.889705     0.00324683
            361       0.892222       0.889711     0.00323783
            362       0.729158       0.889268     0.00325919
            363       0.950846       0.889438     0.00325462
            364         0.8609       0.889359     0.00324662
            365       0.945232       0.889512     0.00324133
            366       0.934718       0.889636     0.00323482
            367        0.95353        0.88981     0.00323069
            368       0.857162       0.889721     0.00322312
            369       0.777372       0.889417     0.00322876
            370        0.94229        0.88956     0.00322319
            371       0.888414       0.889557     0.00321449
            372       0.949374       0.889717     0.00320987
            373       0.903428       0.889754     0.00320146
            374       0.861124       0.889678     0.00319381
            375        0.94169       0.889816      0.0031883
            376       0.920274       0.889897     0.00318084
            377        0.95363       0.890066     0.00317689
            378       0.948194        0.89022      0.0031722
            379       0.941448       0.890355     0.00316671
            380       0.941468        0.89049     0.00316123
            381       0.772454        0.89018      0.0031681
            382       0.921876       0.890263     0.00316089
            383       0.720488        0.88982     0.00318364
            384       0.937474       0.889944     0.00317776
            385        0.92349       0.890031     0.00317069
            386         0.9439        0.89017     0.00316554
            387       0.910166       0.890222     0.00315778
            388       0.874794       0.890182     0.00314988
            389       0.911558       0.890237     0.00314225
            390       0.871228       0.890189     0.00313456
            391       0.866084       0.890127     0.00312714
            392       0.678144       0.889586     0.00316569
            393       0.888512       0.889583     0.00315762
            394       0.800736       0.889358     0.00315766
            395        0.87769       0.889328     0.00314979
            396       0.927492       0.889425     0.00314331
            397       0.930506       0.889528     0.00313709
            398       0.935192       0.889643      0.0031313
            399       0.926944       0.889736     0.00312484
            400       0.940734       0.889864     0.00311962
            401        0.94703       0.890006      0.0031151
            402       0.822678       0.889839     0.00311185
            403        0.84099       0.889718     0.00310648
            404       0.965132       0.889904      0.0031044
            405       0.956804        0.89007     0.00310113
            406       0.914094       0.890129     0.00309405
            407       0.943006       0.890259     0.00308917
            408        0.89662       0.890274     0.00308163
            409       0.900516       0.890299     0.00307419
            410       0.926164       0.890387     0.00306793
            411       0.971398       0.890584     0.00306679
            412        0.95823       0.890748     0.00306374
            413       0.945656       0.890881     0.00305921
            414         0.8424       0.890764     0.00305405
            415       0.943416       0.890891     0.00304933
            416         0.9248       0.890972     0.00304308
            417       0.943314       0.891098     0.00303837
            418       0.832894       0.890959     0.00303429
            419       0.929652       0.891051     0.00302844
            420       0.950678       0.891193     0.00302456
            421       0.835936       0.891062     0.00302022
            422       0.887058       0.891052     0.00301307
            423       0.839706       0.890931     0.00300839
            424       0.938084       0.891042     0.00300334
            425       0.878234       0.891012     0.00299642
            426       0.921984       0.891085     0.00299026
            427       0.942098       0.891204     0.00298564
            428       0.798216       0.890987     0.00298657
            429       0.822056       0.890826     0.00298393
            430        0.79315       0.890599     0.00298564
            431       0.909578       0.890643     0.00297903
            432       0.814964       0.890468     0.00297728
            433       0.837176       0.890345     0.00297295
            434       0.779588        0.89009     0.00297705
            435       0.964818       0.890261     0.00297516
            436       0.904238       0.890293      0.0029685
            437        0.87819       0.890266     0.00296183
            438       0.952098       0.890407     0.00295843
            439       0.932436       0.890503     0.00295323
            440        0.83534       0.890377     0.00294918
            441       0.812304         0.8902     0.00294781
            442       0.951468       0.890339     0.00294439
            443       0.953826       0.890482     0.00294123
            444       0.889626        0.89048      0.0029346
            445       0.952732        0.89062     0.00293134
            446       0.931816       0.890712     0.00292622
            447       0.892138       0.890716     0.00291967
            448        0.93734        0.89082       0.002915
            449       0.945428       0.890941     0.00291104
            450       0.906828       0.890977     0.00290478
            451        0.95159       0.891111     0.00290145
            452       0.808862       0.890929     0.00290074
            453        0.94294       0.891044      0.0028966
            454       0.914718       0.891096     0.00289068
            455       0.862032       0.891032     0.00288503
            456          0.871       0.890988     0.00287903
            457        0.86553       0.890933     0.00287327
            458       0.953196       0.891068     0.00287021
            459        0.80161       0.890874     0.00287057
            460       0.924884       0.890948     0.00286528
            461       0.895474       0.890957     0.00285907
            462        0.87552       0.890924     0.00285307
            463       0.844542       0.890824     0.00284867
            464         0.9197       0.890886      0.0028432
            465       0.888166        0.89088     0.00283709
            466       0.860894       0.890816     0.00283172
            467       0.879756       0.890792     0.00282575
            468       0.896572       0.890804     0.00281973
            469       0.935036       0.890899      0.0028153
            470       0.869104       0.890852     0.00280968
            471       0.911108       0.890895     0.00280404
            472       0.701936       0.890495     0.00282659
            473       0.934906       0.890589     0.00282217
            474        0.93611       0.890685     0.00281784
            475       0.893898       0.890692     0.00281191
            476       0.919224       0.890752     0.00280664
            477       0.921606       0.890816      0.0028015
            478       0.857936       0.890748     0.00279648
            479        0.85915       0.890682     0.00279141
            480       0.849036       0.890595     0.00278694
            481       0.746744       0.890296     0.00279717
            482       0.785404       0.890078     0.00279984
            483        0.86358       0.890023     0.00279457
            484       0.931574       0.890109     0.00279011
            485       0.888608       0.890106     0.00278436
            486       0.929726       0.890188     0.00277982
            487       0.923536       0.890256     0.00277495
            488       0.943888       0.890366     0.00277143
            489       0.895568       0.890377     0.00276578
            490       0.928762       0.890455     0.00276124
            491       0.854402       0.890382     0.00275659
            492       0.953716        0.89051     0.00275399
            493       0.805456       0.890338     0.00275381
            494        0.87171         0.8903     0.00274849
            495       0.887156       0.890294     0.00274294
            496       0.936784       0.890387     0.00273901
            497       0.803434       0.890212     0.00273908
            498       0.925634       0.890284      0.0027345
            499       0.950158       0.890404     0.00273165
            500       0.833018       0.890289      0.0027286
            501        0.83729       0.890183      0.0027252
            502       0.962552       0.890327     0.00272359
            503       0.919324       0.890385     0.00271878
            504       0.907426       0.890419     0.00271359
            505       0.861914       0.890362      0.0027088
            506       0.923808       0.890428     0.00270425
            507       0.896424        0.89044     0.00269893
            508       0.882636       0.890425     0.00269366
            509         0.9376       0.890517     0.00268996
            510       0.921656       0.890578     0.00268537
            511        0.95032       0.890695     0.00268266
            512       0.954684        0.89082     0.00268033
            513       0.924896       0.890887     0.00267593
            514       0.851866       0.890811      0.0026718
            515       0.877462       0.890785     0.00266673
            516       0.797328       0.890604     0.00266771
            517       0.827788       0.890482     0.00266532
            518       0.847906         0.8904     0.00266144
            519       0.932606       0.890481     0.00265755
            520       0.959414       0.890614     0.00265574
            521       0.879174       0.890592     0.00265073
            522        0.90993       0.890629     0.00264591
            523        0.94406       0.890731     0.00264282
            524          0.893       0.890736     0.00263777
            525       0.907082       0.890767     0.00263293
            526       0.955422        0.89089     0.00263079
            527        0.89776       0.890903     0.00262583
            528       0.763292       0.890661     0.00263197
            529       0.872406       0.890626     0.00262722
            530       0.934034       0.890708     0.00262353
            531       0.960766        0.89084     0.00262191
            532       0.920682       0.890896     0.00261758
            533       0.923916       0.890958      0.0026134
            534       0.819114       0.890824     0.00261196
            535       0.741348       0.890544     0.00262201
            536       0.941092       0.890639     0.00261881
            537       0.878752       0.890617     0.00261402
            538       0.951322       0.890729      0.0026116
            539       0.919218       0.890782     0.00260728
            540       0.821108       0.890653     0.00260565
            541        0.92696        0.89072     0.00260169
            542       0.916478       0.890768     0.00259732
            543       0.926662       0.890834     0.00259338
            544       0.933602       0.890913      0.0025898
            545       0.869116       0.890873     0.00258535
            546       0.864164       0.890824     0.00258108
            547       0.721708       0.890515     0.00259484
            548       0.926382        0.89058     0.00259092
            549        0.84928       0.890505     0.00258729
            550       0.866692       0.890461     0.00258295
            551       0.859338       0.890405     0.00257888
            552       0.875222       0.890377     0.00257435
            553       0.941734        0.89047     0.00257136
            554        0.86161       0.890418     0.00256725
            555       0.884828       0.890408     0.00256264
            556       0.926158       0.890472     0.00255883
            557       0.937988       0.890558     0.00255566
            558       0.940638       0.890648     0.00255265
            559       0.811022       0.890505     0.00255206
            560       0.950774       0.890613     0.00254977
            561       0.958888       0.890734     0.00254813
            562       0.802478       0.890577     0.00254844
            563       0.920174        0.89063     0.00254445
            564       0.846236       0.890551     0.00254115
            565       0.854114       0.890487     0.00253747
            566       0.885964       0.890479       0.002533
            567       0.936772        0.89056     0.00252984
            568       0.805852       0.890411     0.00252978
            569       0.937818       0.890495     0.00252671
            570       0.864928        0.89045     0.00252267
            571       0.824016       0.890333     0.00252093
            572       0.865744        0.89029     0.00251689
            573       0.883842       0.890279     0.00251252
            574        0.93508       0.890357     0.00250935
            575       0.468216       0.889623     0.00261035
            576       0.883964       0.889613     0.00260583
            577       0.918694       0.889664      0.0026018
            578       0.958784       0.889783     0.00260005
            579        0.95087       0.889889      0.0025977
            580       0.953466       0.889998     0.00259553
            581       0.701184       0.889673     0.00261136
            582       0.812904       0.889541      0.0026102
            583       0.855536       0.889483     0.00260638
            584       0.839278       0.889397     0.00260333
            585         0.7945       0.889235     0.00260393
            586        0.92013       0.889288     0.00260002
            587       0.924504       0.889348     0.00259628
            588        0.87709       0.889327     0.00259194
            589       0.909496       0.889361     0.00258777
            590       0.951808       0.889467     0.00258554
            591       0.938186       0.889549     0.00258248
            592        0.93339       0.889623     0.00257918
            593       0.826272       0.889517     0.00257704
            594       0.846094       0.889443     0.00257374
            595       0.741546       0.889195      0.0025814
            596       0.929474       0.889262     0.00257796
            597        0.91875       0.889312     0.00257411
            598       0.800162       0.889163     0.00257412
            599       0.885354       0.889156     0.00256983
            600       0.953184       0.889263     0.00256776
            601       0.878976       0.889246     0.00256354
            602       0.859836       0.889197     0.00255974
            603       0.938116       0.889278     0.00255678
            604       0.877856       0.889259     0.00255262
            605        0.91843       0.889308     0.00254885
            606       0.943784       0.889397     0.00254623
            607       0.937968       0.889477     0.00254329
            608       0.922358       0.889532     0.00253968
            609        0.76967       0.889335     0.00254313
            610       0.902366       0.889356     0.00253905
            611        0.77989       0.889177     0.00254121
            612       0.883804       0.889168     0.00253707
            613        0.91789       0.889215     0.00253336
            614       0.929044        0.88928     0.00253007
            615        0.90806        0.88931     0.00252613
            616       0.747668        0.88908     0.00253249
            617       0.906112       0.889108     0.00252853
            618       0.842728       0.889033     0.00252555
            619       0.870776       0.889004     0.00252164
            620       0.946252       0.889096     0.00251926
            621         0.9371       0.889173     0.00251639
            622         0.8633       0.889132     0.00251269
            623        0.95859       0.889243     0.00251113
            624        0.94884       0.889339     0.00250892
            625       0.893856       0.889346     0.00250491
            626       0.787356       0.889183     0.00250621
            627       0.819526       0.889072     0.00250467
            628        0.81727       0.888957     0.00250329
            629        0.93109       0.889024     0.00250021
            630        0.91183       0.889061      0.0024965
            631       0.964922       0.889181     0.00249544
            632       0.782844       0.889013     0.00249716
            633       0.858954       0.888965     0.00249366
            634       0.859096       0.888918     0.00249017
            635       0.882192       0.888907     0.00248627
            636        0.89475       0.888917     0.00248238
            637        0.90868       0.888948     0.00247867
            638       0.801714       0.888811     0.00247856
            639       0.832594       0.888723     0.00247624
            640       0.916308       0.888766     0.00247274
            641        0.88415       0.888759     0.00246889
            642       0.884514       0.888752     0.00246505
            643       0.799638       0.888614     0.00246511
            644       0.803348       0.888481     0.00246484
            645       0.916546       0.888525      0.0024614
            646       0.913482       0.888563     0.00245789
            647       0.853126       0.888509      0.0024547
            648        0.73485       0.888271     0.00246235
            649       0.837182       0.888193     0.00245982
            650       0.951922       0.888291     0.00245799
            651       0.956318       0.888395     0.00245643
            652       0.917724        0.88844     0.00245307
            653       0.876946       0.888423     0.00244938
            654       0.837018       0.888344     0.00244689
            655       0.901742       0.888365     0.00244324
            656       0.934578       0.888435     0.00244053
            657       0.925358       0.888491     0.00243746
            658        0.80804       0.888369     0.00243682
            659       0.915276        0.88841     0.00243346
            660       0.877206       0.888393     0.00242983
            661       0.924128       0.888447     0.00242676
            662       0.858812       0.888402      0.0024235
            663       0.929164       0.888464     0.00242062
            664       0.921832       0.888514      0.0024175
            665       0.968078       0.888633     0.00241682
            666       0.940206       0.888711     0.00241443
            667       0.910684       0.888744     0.00241104
            668        0.84715       0.888682     0.00240823
            669       0.919956       0.888728     0.00240508
            670       0.914466       0.888767      0.0024018
            671        0.96195       0.888876     0.00240069
            672       0.877924       0.888859     0.00239717
            673       0.811268       0.888744     0.00239638
            674       0.920556       0.888791     0.00239329
            675       0.936156       0.888862     0.00239077
            676        0.86209       0.888822     0.00238756
            677       0.867676       0.888791     0.00238424
            678       0.859562       0.888748     0.00238111
            679       0.961792       0.888855     0.00238003
            680       0.870614       0.888828     0.00237668
            681       0.729806       0.888595     0.00238465
            682       0.806796       0.888475     0.00238417
            683       0.837924       0.888401     0.00238182
            684        0.89845       0.888416     0.00237839
            685       0.894088       0.888424     0.00237493
            686       0.887772       0.888423     0.00237146
            687       0.916138       0.888463     0.00236835
            688       0.970246       0.888582     0.00236789
            689       0.860518       0.888541      0.0023648
            690       0.920108       0.888587     0.00236182
            691       0.880486       0.888575     0.00235842
            692       0.904918       0.888599     0.00235513
            693        0.92959       0.888658     0.00235248
            694       0.905306       0.888682     0.00234921
            695       0.908838       0.888711       0.002346
            696       0.834412       0.888633     0.00234393
            697       0.805592       0.888514     0.00234359
            698       0.841444       0.888447      0.0023412
            699       0.941658       0.888523     0.00233909
            700       0.757362       0.888335     0.00234325
            701       0.884958       0.888331     0.00233991
            702       0.915976        0.88837     0.00233691
            703       0.649588        0.88803     0.00235817
            704       0.893252       0.888038     0.00235483
            705        0.92497        0.88809     0.00235207
            706       0.940438       0.888164     0.00234991
            707       0.936766       0.888233     0.00234759
            708       0.920252       0.888278     0.00234471
            709       0.906154       0.888303     0.00234153
            710       0.629138       0.887938     0.00236655
            711       0.887072       0.887937     0.00236322
            712       0.890724       0.887941      0.0023599
            713        0.89079       0.887945     0.00235659
            714       0.823262       0.887854     0.00235503
            715       0.926218       0.887908     0.00235235
            716       0.912984       0.887943     0.00234932
            717       0.879446       0.887931     0.00234608
            718       0.945744       0.888012     0.00234419
            719       0.959572       0.888111     0.00234304
            720       0.803816       0.887994     0.00234271
            721       0.896694       0.888006     0.00233949
            722       0.785842       0.887865     0.00234053
            723       0.929188       0.887922     0.00233799
            724        0.81031       0.887815     0.00233722
            725       0.928578       0.887871     0.00233467
            726       0.835986         0.8878     0.00233255
            727       0.861742       0.887764     0.00232961
            728       0.921368        0.88781     0.00232687
            729       0.794514       0.887682     0.00232719
            730        0.88447       0.887677     0.00232401
            731       0.902396       0.887698     0.00232091
            732       0.940386        0.88777     0.00231886
            733         0.8167       0.887673     0.00231772
            734       0.947586       0.887754       0.002316
            735       0.923696       0.887803     0.00231336
            736        0.84633       0.887747     0.00231091
            737       0.814748       0.887648     0.00230989
            738       0.925658       0.887699     0.00230734
            739       0.955074        0.88779     0.00230601
            740       0.929274       0.887846     0.00230358
            741        0.95949       0.887943      0.0023025
            742        0.85658       0.887901     0.00229978
            743       0.950682       0.887985     0.00229824
            744       0.907558       0.888012      0.0022953
            745       0.935088       0.888075     0.00229309
            746       0.728814       0.887861     0.00229994
            747       0.960622       0.887959     0.00229892
            748       0.895444       0.887969     0.00229587
            749        0.93324       0.888029      0.0022936
            750       0.836846       0.887961     0.00229155
            751       0.932374        0.88802     0.00228927
            752       0.919144       0.888062     0.00228659
            753       0.926358       0.888112     0.00228412
            754       0.967412       0.888218     0.00228351
            755       0.938924       0.888285     0.00228148
            756        0.86524       0.888254     0.00227866
            757        0.74646       0.888067     0.00228334
            758       0.945188       0.888142     0.00228157
            759       0.932222         0.8882     0.00227931
            760       0.868574       0.888175     0.00227645
            761       0.949522       0.888255     0.00227489
            762        0.88942       0.888257      0.0022719
            763       0.890232       0.888259     0.00226892
            764        0.89693       0.888271     0.00226598
            765       0.814002       0.888174      0.0022651
            766       0.904618       0.888195     0.00226224
            767        0.90778       0.888221     0.00225943
            768       0.960842       0.888315     0.00225847
            769       0.948152       0.888393     0.00225687
            770       0.865178       0.888363     0.00225414
            771       0.798448       0.888246     0.00225423
            772       0.776236       0.888101     0.00225598
            773       0.680678       0.887833     0.00226898
            774       0.945164       0.887907     0.00226726
            775        0.94074       0.887975     0.00226536
            776       0.943814       0.888047     0.00226358
            777       0.841356       0.887987     0.00226147
            778       0.944342       0.888059     0.00225972
            779        0.85608       0.888018     0.00225719
            780       0.911234       0.888048     0.00225449
            781       0.818968        0.88796     0.00225334
            782        0.93282       0.888017     0.00225119
            783       0.928504       0.888069      0.0022489
            784       0.889064        0.88807     0.00224603
            785       0.937886       0.888133     0.00224407
            786       0.892592       0.888139     0.00224122
            787       0.886328       0.888137     0.00223837
            788        0.79929       0.888024     0.00223837
            789       0.763296       0.887866     0.00224111
            790       0.960698       0.887958     0.00224017
            791        0.95234       0.888039     0.00223882
            792       0.870286       0.888017      0.0022361
            793       0.925538       0.888064     0.00223378
            794        0.83769       0.888001     0.00223187
            795       0.936872       0.888062     0.00222991
            796       0.934406       0.888121     0.00222786
            797       0.882384       0.888113     0.00222508
            798        0.87686       0.888099     0.00222233
            799       0.848364        0.88805     0.00222011
            800        0.83709       0.887986     0.00221825
            801       0.725638       0.887783     0.00222473
            802       0.936068       0.887843     0.00222277
            803       0.936428       0.887904     0.00222082
            804       0.926342       0.887952     0.00221857
            805       0.948072       0.888026     0.00221707
            806       0.907194        0.88805     0.00221445
            807       0.829514       0.887978     0.00221289
            808       0.906348          0.888     0.00221027
            809       0.931566       0.888054     0.00220819
            810       0.910414       0.888082     0.00220563
            811       0.613218       0.887743     0.00222883
            812       0.948732       0.887818     0.00222735
            813       0.911106       0.887847      0.0022248
            814       0.948228       0.887921      0.0022233
            815       0.891134       0.887925     0.00222057
            816       0.791648       0.887807     0.00222099
            817        0.82308       0.887728     0.00221968
            818       0.683024       0.887477     0.00223104
            819       0.893862       0.887485     0.00222833
            820        0.92567       0.887532      0.0022261
            821       0.940216       0.887596     0.00222431
            822       0.816492       0.887509     0.00222329
            823       0.837204       0.887448     0.00222143
            824       0.823304        0.88737     0.00222009
            825       0.900024       0.887386     0.00221745
            826       0.893448       0.887393     0.00221478
            827       0.718708       0.887189     0.00222148
            828       0.846856        0.88714     0.00221933
            829       0.912516       0.887171     0.00221687
            830       0.918114       0.887208     0.00221451
            831       0.887508       0.887209     0.00221184
            832       0.928166       0.887258     0.00220973
            833       0.789522       0.887141     0.00221019
            834        0.84963       0.887096       0.002208
            835       0.948774       0.887169     0.00220659
            836       0.939806       0.887232     0.00220485
            837       0.905086       0.887254     0.00220232
            838       0.927746       0.887302     0.00220022
            839       0.962548       0.887392     0.00219942
            840       0.936194        0.88745     0.00219757
            841        0.92987         0.8875     0.00219553
            842       0.893044       0.887507     0.00219294
            843       0.663256       0.887241     0.00220643
            844        0.88687        0.88724     0.00220381
            845        0.78207       0.887116     0.00220472
            846       0.838378       0.887058     0.00220286
            847       0.851022       0.887016     0.00220067
            848       0.918128       0.887052     0.00219838
            849       0.838332       0.886995     0.00219654
            850       0.794508       0.886886     0.00219665
            851        0.91862       0.886924     0.00219439
            852       0.819408       0.886844     0.00219324
            853       0.854698       0.886807     0.00219099
            854       0.930818       0.886858     0.00218903
            855        0.91095       0.886886     0.00218665
            856       0.883284       0.886882      0.0021841
            857       0.932524       0.886935      0.0021822
            858       0.805264        0.88684     0.00218173
            859       0.829436       0.886773     0.00218022
            860        0.90962         0.8868     0.00217784
            861       0.923342       0.886842     0.00217572
            862       0.939102       0.886903     0.00217404
            863       0.948466       0.886974     0.00217269
            864       0.910216       0.887001     0.00217035
            865       0.938654       0.887061     0.00216866
            866       0.877296        0.88705     0.00216618
            867       0.959596       0.887133      0.0021653
            868       0.919592       0.887171     0.00216313
            869       0.898254       0.887184     0.00216067
            870       0.819318       0.887105      0.0021596
            871       0.892208       0.887111     0.00215712
            872        0.86571       0.887087     0.00215479
            873       0.952282       0.887161     0.00215361
            874       0.945364       0.887228     0.00215218
            875        0.84034       0.887175     0.00215039
            876       0.837348       0.887118     0.00214868
            877       0.945574       0.887184     0.00214727
            878       0.920802       0.887223     0.00214516
            879       0.829806       0.887157     0.00214371
            880       0.947374       0.887226     0.00214237
            881       0.889756       0.887229     0.00213994
            882        0.93357       0.887281     0.00213816
            883       0.893878       0.887289     0.00213575
            884        0.83719       0.887232     0.00213408
            885       0.945218       0.887297     0.00213268
            886        0.93821       0.887355     0.00213104
            887        0.93025       0.887403     0.00212919
            888        0.96222       0.887487     0.00212846
            889       0.848422       0.887444     0.00212652
            890       0.940702       0.887503     0.00212497
            891       0.911516        0.88753     0.00212275
            892       0.846688       0.887485     0.00212087
            893       0.932864       0.887535      0.0021191
            894        0.95038       0.887606     0.00211789
            895         0.9081       0.887629     0.00211565
            896       0.908522       0.887652     0.00211342
            897       0.953564       0.887725     0.00211234
            898       0.901172        0.88774     0.00211004
            899       0.768596       0.887608     0.00211185
            900         0.8435       0.887559     0.00211007
            901        0.91386       0.887588     0.00210793
            902        0.89186       0.887593      0.0021056
            903       0.739762       0.887429     0.00210963
            904       0.830908       0.887366     0.00210822
            905       0.966974       0.887454     0.00210773
            906        0.89518       0.887463     0.00210541
            907        0.90641       0.887484      0.0021032
            908        0.95328       0.887556     0.00210213
            909       0.879472       0.887547     0.00209983
            910       0.867568       0.887525     0.00209764
            911        0.91679       0.887558     0.00209558
            912       0.911364       0.887584     0.00209344
            913       0.929366       0.887629     0.00209165
            914       0.943536       0.887691     0.00209026
            915       0.955278       0.887765     0.00208928
            916       0.943406       0.887825     0.00208788
            917       0.754476        0.88768     0.00209066
            918       0.892582       0.887685     0.00208839
            919       0.875634       0.887672     0.00208616
            920       0.906554       0.887693     0.00208399
            921       0.853054       0.887655     0.00208207
            922         0.9097       0.887679     0.00207995
            923       0.928276       0.887723     0.00207816
            924       0.773172       0.887599     0.00207961
            925        0.92323       0.887637     0.00207771
            926       0.875398       0.887624     0.00207551
            927       0.916726       0.887656     0.00207351
            928       0.910452        0.88768     0.00207142
            929       0.824982       0.887613     0.00207029
            930       0.948062       0.887678     0.00206908
            931       0.940118       0.887734     0.00206762
            932       0.944268       0.887795      0.0020663
            933       0.891842       0.887799     0.00206408
            934       0.884382       0.887795     0.00206188
            935       0.896128       0.887804     0.00205969
            936        0.83498       0.887748     0.00205826
            937       0.886314       0.887746     0.00205606
            938        0.82646       0.887681     0.00205491
            939       0.931934       0.887728     0.00205326
            940       0.882896       0.887723     0.00205108
            941       0.853938       0.887687     0.00204922
            942       0.885546       0.887685     0.00204704
            943         0.9487       0.887749     0.00204589
            944        0.94738       0.887813      0.0020447
            945       0.918134       0.887845     0.00204279
            946       0.845478         0.8878     0.00204112
            947       0.890954       0.887803     0.00203896
            948       0.689424       0.887594     0.00204753
            949       0.812384       0.887515     0.00204691
            950       0.839094       0.887464     0.00204539
            951       0.811582       0.887384     0.00204479
            952       0.920016       0.887418     0.00204293
            953       0.944584       0.887478     0.00204167
            954       0.932898       0.887526     0.00204008
            955       0.930718       0.887571     0.00203845
            956       0.846034       0.887528     0.00203678
            957       0.845814       0.887484     0.00203512
            958       0.951208       0.887551     0.00203408
            959       0.922196       0.887587     0.00203228
            960        0.88937       0.887589     0.00203016
            961        0.92143       0.887624     0.00202835
            962       0.858086       0.887593     0.00202648
            963       0.949986       0.887658     0.00202541
            964       0.880926       0.887651     0.00202332
            965        0.84238       0.887604     0.00202176
            966       0.937232       0.887655     0.00202032
            967       0.834028         0.8876     0.00201899
            968       0.910922       0.887624     0.00201705
            969       0.722658       0.887454     0.00202215
            970        0.96615       0.887535     0.00202169
            971       0.901508       0.887549     0.00201966
            972       0.949436       0.887613     0.00201858
            973       0.829616       0.887553     0.00201739
            974       0.920218       0.887587      0.0020156
            975        0.91629       0.887616     0.00201374
            976       0.878202       0.887607      0.0020117
            977       0.949556        0.88767     0.00201064
            978        0.95429       0.887738     0.00200974
            979       0.754088       0.887602     0.00201232
            980       0.892424       0.887607     0.00201027
            981       0.869288       0.887588     0.00200831
            982       0.883818       0.887584     0.00200627
            983         0.9318       0.887629     0.00200473
            984       0.859104         0.8876      0.0020029
            985       0.897148        0.88761     0.00200089
            986        0.90488       0.887627     0.00199894
            987       0.916316       0.887656     0.00199712
            988       0.877492       0.887646     0.00199513
            989       0.837004       0.887595     0.00199376
            990       0.917604       0.887625     0.00199198
            991       0.964854       0.887703     0.00199149
            992       0.917804       0.887733     0.00198972
            993       0.868488       0.887714     0.00198781
            994        0.90607       0.887732     0.00198589
            995       0.901622       0.887746     0.00198394
            996       0.888346       0.887747     0.00198195
            997       0.947024       0.887807     0.00198086
            998       0.882622       0.887801     0.00197888
            999       0.935504       0.887849     0.00197747
           1000       0.937686       0.887899     0.00197612
