            0.5           1000          20000              0
              1        3269.55        3269.55              0
              2        3285.31        3277.43        7.88102
              3        2549.59        3034.82        242.655
              4        2647.16         2937.9        197.061
              5        3355.74        3021.47        174.021
              6        3718.17        3137.59        183.499
              7        2933.75        3108.47        157.795
              8         3645.1        3175.54         152.23
              9        2371.27        3086.18        161.276
             10        3448.24        3122.39        148.724
             11        3288.37        3137.48         135.37
             12        2840.83        3112.76        126.023
             13        3935.19        3176.02        132.064
             14        3212.55        3178.63        122.296
             15        1903.13         3093.6        142.101
             16        3613.88        3126.11        136.843
             17        3911.96        3172.34        136.601
             18        3924.94        3214.15        135.406
             19        3605.34        3234.74        129.725
             20        3074.03         3226.7         123.33
             21        3892.05        3258.39        121.514
             22        4281.66         3304.9        124.847
             23         3698.8        3322.03        120.518
             24        3931.23        3347.41        118.146
             25        3483.38        3352.85        113.452
             26        3663.54         3364.8        109.655
             27         2636.6        3337.83        108.907
             28         3985.5        3360.96        107.465
             29        3275.77        3358.02        103.734
             30        3451.87        3361.15        100.266
             31        2955.21        3348.05        97.8577
             32        3319.25        3347.15        94.7545
             33        3935.04        3364.97        93.5502
             34        4033.53        3384.63        92.8627
             35        3703.61        3393.75        90.6299
             36        4292.18         3418.7        91.5439
             37        2292.28        3388.26        94.0964
             38        4076.91        3406.38        93.3624
             39        3865.05        3418.14        91.6943
             40        3093.72        3410.03        89.7399
             41        3400.79        3409.81         87.524
             42        262.178        3334.86        113.632
             43        4092.76        3352.49        112.349
             44        3596.09        3358.02        109.905
             45        2661.16        3342.54        108.546
             46         3229.4        3340.08        106.188
             47        2617.11         3324.7        105.037
             48        3978.09        3338.31        103.722
             49        3227.14        3336.04        101.609
             50        3752.77        3344.37        99.9042
             51         2901.3        3335.69        98.3103
             52        3947.81        3347.46        97.1173
             53        3145.46        3343.65        95.3435
             54        3917.61        3354.28         94.163
             55        2187.96        3333.07        94.8363
             56        2399.37         3316.4        94.6082
             57        4280.21        3333.31        94.4594
             58        3391.47        3334.31        92.8219
             59        4229.12        3349.48        92.4871
             60        4218.14        3363.95        92.0779
             61        3198.64        3361.24        90.5963
             62        3402.19         3361.9        89.1256
             63        3567.98        3365.17        87.7605
             64        3598.26        3368.82        86.4551
             65        2428.78        3354.35        86.3345
             66        3765.63        3360.59        85.2444
             67         1007.4        3325.46        91.0124
             68        2785.05        3317.52        90.0155
             69        3439.41        3319.28        88.7189
             70        3396.39        3320.38        87.4493
             71        3724.25        3326.07        86.3963
             72        3988.05        3335.27        85.6826
             73        2988.39        3330.52        84.6342
             74        3912.02        3338.37        83.8517
             75        4115.92        3348.74        83.3732
             76         4083.9        3358.41        82.8356
             77        3608.83        3361.67        81.8174
             78        4039.46        3370.36        81.2278
             79        3758.14        3375.26        80.3431
             80        2862.54        3368.86        79.5909
             81         3875.8        3375.11        78.8509
             82        3246.63        3373.55        77.8992
             83        3173.63        3371.14        76.9926
             84        4135.83        3380.24        76.6133
             85        4035.46        3387.95         76.098
             86         3556.8        3389.91        75.2335
             87        3698.83        3393.46        74.4485
             88         2784.1        3386.54        73.9227
             89         3822.9        3391.44        73.2516
             90        3674.94        3394.59        72.5016
             91        3273.51        3393.26        71.7128
             92         529.17        3362.13        77.4603
             93         3195.7        3360.34        76.6437
             94         3369.3        3360.44         75.824
             95        3803.15         3365.1        75.1662
             96        3985.19        3371.56        74.6591
             97        3810.96        3376.09        74.0241
             98        3831.82        3380.74        73.4123
             99        3244.74        3379.36          72.68
            100        3447.63        3380.05        71.9528
            101        3543.18        3381.66        71.2551
            102        3444.93        3382.28        70.5558
            103        3296.87        3381.45        69.8723
            104        2818.16        3376.04        69.4089
            105        3341.25         3375.7        68.7455
            106        3505.09        3376.92        68.1048
            107         2704.4        3370.64        67.7574
            108        2475.63        3362.35        67.6367
            109        3475.27        3363.39        67.0213
            110        2586.83        3356.33        66.7834
            111        2478.23        3348.42        66.6502
            112        4113.69        3355.25        66.4049
            113        3237.57        3354.21        65.8228
            114        4013.83           3360         65.499
            115        3290.85        3359.39        64.9297
            116        2807.08        3354.63        64.5434
            117        4174.76        3361.64        64.3721
            118        3827.36        3365.59        63.9462
            119        2093.54         3354.9        64.3013
            120        3668.49        3357.51        63.8167
            121        4135.56        3363.94        63.6129
            122        3600.71        3365.88        63.1192
            123        3673.31        3368.38        62.6538
            124        1417.27        3352.65        64.1075
            125         3801.7        3356.24        63.6939
            126        3472.91        3357.17        63.1932
            127        3483.21        3358.16        62.7015
            128        3105.59        3356.19         62.241
            129        3494.47        3357.26        61.7659
            130        4210.05        3363.82         61.639
            131        3704.04        3366.41        61.2218
            132        3844.66        3370.04        60.8642
            133        1400.45        3355.23        62.1936
            134        3417.21        3355.69        61.7295
            135        3465.44         3356.5        61.2759
            136        3600.54         3358.3        60.8501
            137        3462.95        3359.06        60.4092
            138        4119.97        3364.58        60.2228
            139        3735.68        3367.25        59.8475
            140        3976.16         3371.6        59.5775
            141         3482.8        3372.38        59.1587
            142        4305.61        3378.96        59.1071
            143           3363        3378.84        58.6924
            144        3122.57        3377.07        58.3106
            145         2944.6        3374.08        57.9838
            146        2679.21        3369.32        57.7816
            147        3730.79        3371.78        57.4398
            148        3587.22        3373.24         57.069
            149        3203.89         3372.1        56.6961
            150        3658.91        3374.01        56.3493
            151        3684.73        3376.07        56.0127
            152        2250.87        3368.67        56.1332
            153         3944.7        3372.43        55.8921
            154        3981.15        3376.39        55.6684
            155        3498.39        3377.17        55.3137
            156        3326.85        3376.85         54.959
            157        3825.02        3379.71        54.6823
            158        907.967        3364.06        56.5424
            159        4161.83        3369.08        56.4092
            160        3302.08        3368.66        56.0571
            161        3908.33        3372.01        55.8086
            162        3960.34        3375.64        55.5818
            163        3124.18         3374.1        55.2613
            164        2662.94        3369.76        55.0942
            165        4109.78        3374.25        54.9427
            166        3835.72        3377.03        54.6814
            167        4024.36        3380.91         54.491
            168        3608.21        3382.26        54.1826
            169        3804.81        3384.76         53.919
            170        3716.79        3386.71        53.6365
            171         2351.2        3380.66        53.6647
            172        3710.76        3382.58        53.3863
            173        4039.83        3386.37        53.2126
            174        2212.24        3379.63        53.3345
            175        3841.24        3382.26        53.0944
            176        3007.49        3380.14        52.8348
            177        3707.06        3381.98        52.5679
            178         3460.2        3382.42        52.2736
            179        3758.47        3384.52        52.0232
            180        4151.51        3388.78        51.9085
            181        3847.54        3391.32        51.6831
            182        3159.87        3390.05        51.4141
            183        2796.47         3386.8        51.2351
            184        3156.37        3385.55        50.9713
            185        4021.09        3388.99        50.8113
            186        4088.63        3392.75        50.6772
            187        3163.83        3391.52        50.4203
            188        3297.85        3391.02        50.1539
            189        3541.34        3391.82        49.8942
            190        4117.73        3395.64        49.7777
            191        2929.85         3393.2        49.5764
            192        3729.64        3394.95        49.3486
            193        2869.92        3392.23        49.1676
            194        4024.84        3395.49        49.0221
            195         3588.1        3396.48          48.78
            196        3352.31        3396.26         48.531
            197        3526.99        3396.92        48.2886
            198        4009.27        3400.01        48.1436
            199        3516.57         3400.6        47.9046
            200        3251.28        3399.85        47.6703
            201        3720.76        3401.45        47.4594
            202        3458.52        3401.73        47.2247
            203        3062.21        3400.06        47.0213
            204        3886.48        3402.44        46.8509
            205        2389.17         3397.5        46.8831
            206        4148.39        3401.15        46.7971
            207        3583.65        3402.03        46.5789
            208        3348.69        3401.77        46.3551
            209           3903        3404.17        46.1951
            210        2964.61        3402.08        46.0222
            211        3040.23        3400.36        45.8356
            212        3341.78        3400.08        45.6198
            213        2457.29        3395.66        45.6203
            214        3710.75        3397.13        45.4305
            215        3439.48        3397.33        45.2191
            216        3984.89        3400.05        45.0914
            217        3814.77        3401.96        44.9238
            218        2980.48        3400.03         44.759
            219        3838.06        3402.03        44.5991
            220        3793.92        3403.81        44.4316
            221        4183.03        3407.33        44.3704
            222        3950.75        3409.78        44.2379
            223        3915.29        3412.05        44.0974
            224        3625.86           3413        43.9104
            225        3782.99        3414.65        43.7457
            226        3735.77        3416.07        43.5749
            227        3851.74        3417.99         43.425
            228        3643.67        3418.98        43.2454
            229        3225.92        3418.13        43.0644
            230        3211.12        3417.23        42.8862
            231        3589.87        3417.98        42.7067
            232        3320.05        3417.56        42.5243
            233        2526.25        3413.73        42.5139
            234        4139.77        3416.84        42.4453
            235        2455.42        3412.75        42.4619
            236        3888.75        3414.76        42.3297
            237        2660.68        3411.58        42.2706
            238        4157.83        3414.72        42.2092
            239        3665.82        3415.77        42.0454
            240        4084.51        3418.55        41.9624
            241        3742.16         3419.9        41.8095
            242        3765.29        3421.32        41.6609
            243        2429.24        3417.24        41.6895
            244        3922.48        3419.31        41.5698
            245        3964.05        3421.53        41.4595
            246        3649.69        3422.46         41.301
            247        3814.23        3424.05         41.164
            248        3645.82        3424.94        41.0075
            249        3705.82        3426.07         40.858
            250        2850.55        3423.77        40.7593
            251        2932.96        3421.81        40.6437
            252        2959.38        3419.98        40.5236
            253        2017.84        3414.44        40.7419
            254        3614.69        3415.22        40.5888
            255        3778.43        3416.65        40.4544
            256        4056.76        3419.15        40.3736
            257        4084.17        3421.74        40.2993
            258        3375.09        3421.56        40.1432
            259        3774.11        3422.92        40.0111
            260        3343.07        3422.61        39.8581
            261        3694.89        3423.65        39.7188
            262        3696.61        3424.69        39.5806
            263        3881.85        3426.43        39.4681
            264        3952.41        3428.43        39.3688
            265        3508.71        3428.73        39.2211
            266        3925.38         3430.6         39.118
            267        2683.43         3427.8        39.0715
            268        3673.52        3428.71        38.9363
            269        3495.19        3428.96         38.792
            270         4305.5        3432.21        38.7842
            271        3766.99        3433.44        38.6606
            272        3926.23        3435.25        38.5608
            273        4093.14        3437.66        38.4948
            274        4151.48        3440.27        38.4424
            275        3845.37        3441.74        38.3306
            276        4060.29        3443.98        38.2572
            277        3468.15        3444.07         38.119
            278        4081.23        3446.36        38.0507
            279        3451.98        3446.38        37.9141
            280        4079.08        3448.64        37.8459
            281        1634.54        3442.19        38.2596
            282        3130.29        3441.08        38.1397
            283        410.979        3430.37        39.4842
            284        4028.05        3432.48        39.4012
            285        3591.49        3433.04        39.2666
            286        1832.71        3427.44        39.5271
            287        2578.15        3424.48        39.5002
            288        3373.79        3424.31        39.3632
            289        3742.82        3425.41        39.2422
            290        2418.13        3421.93        39.2606
            291        2989.73        3420.45        39.1536
            292        1907.01        3415.27        39.3621
            293        3487.23        3415.51        39.2283
            294        3288.57        3415.08         39.097
            295        3916.08        3416.78        39.0012
            296        4114.45        3419.14        38.9406
            297        4258.73        3421.96        38.9121
            298        3068.46        3420.78        38.7995
            299        3268.32        3420.27        38.6728
            300        1535.98        3413.98        39.0521
            301        4117.34        3416.32        38.9923
            302        3632.62        3417.04        38.8695
            303        3887.43        3418.59        38.7721
            304        2818.81        3416.62        38.6947
            305        2594.21        3413.92        38.6618
            306        3529.61         3414.3        38.5371
            307        707.634        3405.48        39.4102
            308        3764.48        3406.65        39.2993
            309        3342.67        3406.44        39.1725
            310        3245.34        3405.92        39.0493
            311        3888.73        3407.47        38.9545
            312        3904.77        3409.07        38.8622
            313        3968.34        3410.85         38.779
            314        4034.42        3412.84        38.7063
            315        4407.15           3416        38.7121
            316        3272.62        3415.54        38.5921
            317        2479.58        3412.59        38.5833
            318        2861.52        3410.86        38.5008
            319        3724.29        3411.84        38.3925
            320        3417.72        3411.86        38.2723
            321         3940.7        3413.51        38.1885
            322        2956.55        3412.09        38.0961
            323        4034.03        3414.01        38.0268
            324         3831.8         3415.3        37.9311
            325        3509.71        3415.59        37.8154
            326        4194.14        3417.98        37.7748
            327        3213.86        3417.36        37.6642
            328        4490.58        3420.63        37.6915
            329        3701.38        3421.48        37.5865
            330        3706.13        3422.34        37.4823
            331        2541.25        3419.68        37.4636
            332        3731.65        3420.62        37.3624
            333        3866.64        3421.96        37.2741
            334        3164.79        3421.19        37.1703
            335        2518.52         3418.5         37.157
            336        4039.19        3420.34        37.0923
            337        2979.44        3419.04        37.0052
            338        3661.11        3419.75        36.9025
            339        4021.91        3421.53        36.8363
            340        1467.45        3415.78        37.1748
            341        3838.92        3417.02        37.0864
            342        2976.39        3415.73        37.0002
            343         3300.1         3415.4        36.8937
            344        3897.85         3416.8        36.8131
            345        1992.54        3412.67        36.9376
            346        3734.52         3413.6        36.8425
            347        3928.88        3415.09        36.7661
            348        3443.12        3415.17        36.6604
            349        4054.28           3417        36.6011
            350        3208.68         3416.4        36.5012
            351        3627.65           3417         36.402
            352        2369.72        3414.03        36.4202
            353        3722.31         3414.9        36.3274
            354        3884.94        3416.23        36.2489
            355        3096.45        3415.33        36.1579
            356        3535.01        3415.67        36.0578
            357        3541.98        3416.02        35.9584
            358        1719.06        3411.28        36.1697
            359        4005.19        3412.93        36.1067
            360        3257.54         3412.5        36.0089
            361        2977.42         3411.3        35.9292
            362        1815.18        3406.89        36.1001
            363        3729.09        3407.78        36.0115
            364        3526.25         3408.1        35.9139
            365        1968.77        3404.16        36.0318
            366        3811.18        3405.27        35.9504
            367        3750.14        3406.21        35.8646
            368        3337.77        3406.02        35.7675
            369        3111.08        3405.22        35.6794
            370         3606.5        3405.77         35.587
            371        3451.32        3405.89        35.4912
            372        3703.38        3406.69        35.4047
            373         3459.1        3406.83        35.3099
            374        3917.08         3408.2        35.2418
            375        2864.07        3406.74        35.1776
            376        3908.27        3408.08        35.1093
            377        3527.31        3408.39        35.0174
            378        3082.41        3407.53        34.9353
            379        4109.41        3409.38        34.8922
            380        3800.23        3410.41        34.8155
            381        3118.46        3409.65        34.7324
            382        3906.24        3410.95        34.6658
            383        3504.11        3411.19         34.576
            384        3149.68        3410.51        34.4926
            385        4265.51        3412.73        34.4744
            386        2726.11        3410.95         34.431
            387        3628.18        3411.51        34.3465
            388        3046.25        3410.57        34.2708
            389         3769.6        3411.49         34.195
            390        576.942        3404.23         34.873
            391        3193.38        3403.69        34.7879
            392        3483.97        3403.89        34.6997
            393        4051.26        3405.54        34.6504
            394        4172.11        3407.48        34.6171
            395        3017.63         3406.5        34.5435
            396        3781.06        3407.44        34.4691
            397        4221.23        3409.49        34.4432
            398         3251.2        3409.09        34.3589
            399        3547.62        3409.44        34.2744
            400        2438.47        3407.01        34.2747
            401        3836.87        3408.09        34.2059
            402        2276.38        3405.27        34.2366
            403        3689.75        3405.98        34.1589
            404        4212.58        3407.97        34.1327
            405        2846.63        3406.59        34.0765
            406        3740.73        3407.41        34.0024
            407        211.359        3399.56        34.8159
            408        3318.99        3399.36         34.731
            409         3926.3        3400.65          34.67
            410        2593.84        3398.68        34.6412
            411        3692.18        3399.39        34.5642
            412         4100.9         3401.1        34.5222
            413        4060.86         3402.7        34.4756
            414        3042.32        3401.82        34.4032
            415        3979.58        3403.22        34.3484
            416        4099.55        3404.89        34.3066
            417        3359.57        3404.78        34.2244
            418        3845.29        3405.84        34.1587
            419        3393.93        3405.81        34.0771
            420        3412.48        3405.82        33.9959
            421        3686.73        3406.49        33.9216
            422        2891.16        3405.27        33.8631
            423        1170.59        3399.99        34.1936
            424        3851.97        3401.05        34.1295
            425        4019.69        3402.51        34.0802
            426        3612.06           3403        34.0036
            427        3567.25        3403.38        33.9261
            428        3757.15        3404.21        33.8568
            429        3918.63        3405.41        33.7991
            430        3307.32        3405.18        33.7212
            431        3052.33        3404.36        33.6528
            432        3430.26        3404.42        33.5749
            433        3065.19        3403.64        33.5064
            434        3593.56        3404.08         33.432
            435        3539.79        3404.39        33.3565
            436        3756.02         3405.2        33.2897
            437        3902.18        3406.33        33.2329
            438        3767.21        3407.16        33.1671
            439        3136.54        3406.54        33.0972
            440        3655.97        3407.11        33.0268
            441        2072.18        3404.08        33.0906
            442        3464.62        3404.22        33.0159
            443        4219.81        3406.06        32.9927
            444        3847.29        3407.05        32.9333
            445        2576.14        3405.19        32.9122
            446        3781.32        3406.03        32.8492
            447        3683.15        3406.65        32.7815
            448        3936.39        3407.83        32.7296
            449         3558.8        3408.17        32.6583
            450        4191.65        3409.91        32.6322
            451         3799.2        3410.77        32.5712
            452        4065.68        3412.22        32.5313
            453        3328.31        3412.04        32.4599
            454         3741.9        3412.76        32.3965
            455        3726.89        3413.45        32.3326
            456        3426.44        3413.48        32.2616
            457        3053.78        3412.69        32.2006
            458        2577.13        3410.87        32.1819
            459        3929.55           3412        32.1316
            460        3774.43        3412.79        32.0714
            461        4154.22         3414.4        32.0421
            462         2803.1        3413.07        32.0001
            463         4056.4        3414.46        31.9611
            464        3866.64        3415.44         31.907
            465        3491.86         3415.6        31.8388
            466        3627.84        3416.06        31.7736
            467        3789.85        3416.86        31.7156
            468        3650.91        3417.36        31.6517
            469        3727.77        3418.02        31.5911
            470        3534.37        3418.27        31.5248
            471        3664.08        3418.79        31.4621
            472        3019.47        3417.94        31.4068
            473        3932.77        3419.03        31.3592
            474        2450.92        3416.99        31.3596
            475        3152.98        3416.43        31.2984
            476        3241.39        3416.06        31.2347
            477        4245.29         3417.8        31.2176
            478        3548.14        3418.08        31.1535
            479        3594.75        3418.44        31.0905
            480        3912.83        3419.47        31.0428
            481        3281.91        3419.19        30.9795
            482        3143.97        3418.62        30.9204
            483        3788.32        3419.38        30.8658
            484        3420.09        3419.38         30.802
            485        3529.85        3419.61        30.7393
            486        3970.91        3420.75        30.6969
            487        3439.35        3420.78        30.6338
            488        3987.44        3421.95        30.5931
            489        3501.68        3422.11        30.5309
            490        3064.06        3421.38        30.4773
            491        3483.37         3421.5        30.4154
            492        3770.46        3422.21        30.3618
            493        2784.93        3420.92        30.3277
            494         1689.7        3417.42        30.4685
            495        3271.37        3417.12        30.4083
            496         2862.4           3416        30.3675
            497        3290.91        3415.75        30.3074
            498        3827.45        3416.58        30.2578
            499        4054.27        3417.86        30.2241
            500        2735.82        3416.49        30.1944
            501        2097.47        3413.86        30.2489
            502        3910.15        3414.85        30.2047
            503        3173.31        3414.37        30.1485
            504        1156.58        3409.89        30.4202
            505        3588.38        3410.24         30.362
            506        4187.81        3411.78        30.3409
            507        1634.21        3408.27        30.4833
            508        3521.66        3408.49         30.424
            509        3272.29        3408.23        30.3654
            510           3787        3408.97        30.3149
            511        4058.75        3410.24        30.2822
            512        3822.67        3411.05        30.2337
            513        3574.08        3411.37        30.1764
            514        3352.37        3411.25        30.1179
            515        2655.25        3409.78        30.0951
            516        3673.49        3410.29        30.0411
            517        2868.87        3409.25        30.0012
            518        3805.87        3410.01         29.953
            519        4033.84        3411.21        29.9194
            520        3795.49        3411.95         29.871
            521        3771.19        3412.64        29.8216
            522        1603.43        3409.18        29.9655
            523        2742.81         3407.9        29.9353
            524         3911.9        3408.86        29.8936
            525        1284.62        3404.82        30.1097
            526        2993.54        3404.04        30.0626
            527        3962.87         3405.1        30.0242
            528        3425.02        3405.13        29.9673
            529        1806.28        3402.11        30.0629
            530        3524.64        3402.34         30.007
            531        3248.33        3402.05        29.9519
            532         3758.1        3402.72         29.903
            533        2937.83        3401.85        29.8596
            534        3702.99        3402.41        29.8089
            535        3123.12        3401.89        29.7578
            536        3898.11        3402.82        29.7166
            537        4084.28        3404.09        29.6884
            538        3332.93        3403.95        29.6334
            539        2560.72        3402.39        29.6197
            540        2108.57        3399.99        29.6618
            541        3061.93        3399.37        29.6135
            542        2236.92        3397.22        29.6365
            543        959.246        3392.73        29.9206
            544        3282.73        3392.53        29.8663
            545        2926.97        3391.68        29.8237
            546        3738.81        3392.31        29.7758
            547        3150.47        3391.87        29.7246
            548         3994.7        3392.97        29.6907
            549        3953.04        3393.99        29.6541
            550        3950.05           3395        29.6174
            551        4244.18        3396.54        29.6037
            552        3607.25        3396.93        29.5525
            553        3545.14        3397.19        29.5003
            554        3372.82        3397.15         29.447
            555        3338.04        3397.04        29.3941
            556        3458.48        3397.15        29.3414
            557        1943.58        3394.54        29.4047
            558        4220.94        3396.03        29.3893
            559        3900.63        3396.93        29.3505
            560        3922.75        3397.87        29.3131
            561         3198.5        3397.51         29.263
            562        3128.03        3397.03        29.2148
            563        3888.69        3397.91        29.1759
            564         3995.4        3398.96        29.1434
            565        3697.74        3399.49        29.0966
            566        3434.35        3399.55        29.0452
            567           1841        3396.81        29.1239
            568         3990.4        3397.85        29.0914
            569        2235.55        3395.81         29.112
            570        4102.21        3397.05        29.0873
            571        3951.47        3398.02        29.0525
            572         3810.6        3398.74        29.0107
            573        513.126         3393.7        29.3946
            574        2749.87        3392.58        29.3648
            575        2998.43         3391.9        29.3217
            576        4118.42        3393.16        29.2979
            577        3989.88        3394.19        29.2653
            578        3604.55        3394.56        29.2169
            579        3987.38        3395.58        29.1844
            580        3791.97        3396.26         29.142
            581        4092.48        3397.46        29.1165
            582        3359.53         3397.4        29.0665
            583        3670.46        3397.87        29.0204
            584        3551.07        3398.13        28.9718
            585        3815.25        3398.84        28.9311
            586        3741.03        3399.42        28.8876
            587        3559.53         3399.7        28.8396
            588        1531.22        3396.52        28.9653
            589        3709.58        3397.05         28.921
            590        2951.89         3396.3        28.8818
            591        2146.19        3394.18        28.9104
            592        3174.74        3393.81        28.8639
            593        3628.32        3394.21        28.8179
            594        3751.05        3394.81        28.7756
            595        3259.54        3394.58        28.7281
            596        2703.33        3393.42        28.7033
            597        3495.65        3393.59        28.6557
            598        3677.41        3394.07        28.6117
            599         1736.2         3391.3        28.6976
            600        3478.69        3391.44        28.6501
            601        3395.14        3391.45        28.6024
            602         3959.2        3392.39        28.5704
            603        3592.65        3392.72        28.5249
            604        1017.34        3388.79         28.748
            605        3938.24         3389.7        28.7148
            606         4054.3         3390.8        28.6883
            607         3899.7        3391.64        28.6533
            608        4330.15        3393.18        28.6477
            609        3502.55        3393.36        28.6012
            610        3518.76        3393.56         28.555
            611        4021.73        3394.59        28.5268
            612        3640.35        3394.99         28.483
            613         2801.1        3394.02         28.453
            614        3595.43        3394.35        28.4085
            615        4102.31         3395.5        28.3856
            616        358.733        3390.57        28.7651
            617        3080.88        3390.07        28.7228
            618           1196        3386.52        28.8952
            619        2648.43        3385.33        28.8731
            620        4101.37        3386.48        28.8497
            621        4111.39        3387.65        28.8268
            622        3209.07        3387.36        28.7819
            623         4019.4        3388.38        28.7535
            624        2105.51        3386.32        28.7809
            625        2198.62        3384.42        28.7976
            626        2939.48        3383.71        28.7604
            627         3857.4        3384.47        28.7244
            628         3980.7        3385.42        28.6943
            629        3781.38        3386.05        28.6556
            630        3778.94        3386.67        28.6169
            631        2909.49        3385.91        28.5815
            632        3558.74        3386.19        28.5375
            633        3450.08        3386.29        28.4926
            634        3292.73        3386.14         28.448
            635        3700.31        3386.64        28.4075
            636        3304.36        3386.51        28.3631
            637        3406.01        3386.54        28.3185
            638         3827.1        3387.23        28.2825
            639         2000.4        3385.06        28.3215
            640        3444.38        3385.15        28.2774
            641        3471.96        3385.29        28.2335
            642        3968.41        3386.19        28.2042
            643        2468.82        3384.77        28.1964
            644        3851.73        3385.49        28.1619
            645        3547.87        3385.74        28.1193
            646        3707.93        3386.24        28.0802
            647        3610.01        3386.59        28.0389
            648        3271.22        3386.41        27.9962
            649        4078.42        3387.48        27.9733
            650        3803.66        3388.12        27.9376
            651        3634.16        3388.49        27.8972
            652        2869.83         3387.7        27.8657
            653         3234.9        3387.47         27.824
            654         3233.2        3387.23        27.7824
            655        3765.27        3387.81         27.746
            656        4063.19        3388.84        27.7228
            657        3260.18        3388.64        27.6813
            658        3696.19        3389.11        27.6431
            659        3223.85        3388.86        27.6023
            660        4069.04        3389.89        27.5797
            661        3933.53        3390.71        27.5502
            662        3553.95        3390.96        27.5097
            663        4272.29        3392.29        27.5003
            664        3328.48        3392.19         27.459
            665        3575.74        3392.47        27.4191
            666         3689.4        3392.91        27.3815
            667        3685.51        3393.35        27.3439
            668        2835.18        3392.51        27.3158
            669        3897.95        3393.27        27.2854
            670        3650.64        3393.65        27.2473
            671         3159.4        3393.31        27.2089
            672        2956.53        3392.66        27.1762
            673        4100.42        3393.71        27.1561
            674        3965.54        3394.56        27.1291
            675        4079.08        3395.57        27.1078
            676        3751.21         3396.1        27.0728
            677        3186.21        3395.79        27.0346
            678        3266.04        3395.59        26.9953
            679        2627.56        3394.46        26.9793
            680        3264.47        3394.27        26.9403
            681         3926.7        3395.05         26.912
            682        3014.96         3394.5        26.8783
            683        3337.12        3394.41        26.8391
            684        3459.18        3394.51           26.8
            685         2190.6        3392.75        26.8185
            686        3447.13        3392.83        26.7795
            687        3088.97        3392.39        26.7441
            688        4012.52        3393.29        26.7204
            689        3916.91        3394.05        26.6924
            690         3666.1        3394.44        26.6566
            691        3842.39        3395.09        26.6259
            692        3645.83        3395.45        26.5899
            693        3538.72        3395.66        26.5523
            694        3994.56        3396.52         26.528
            695         3432.4        3396.57        26.4899
            696        3903.25         3397.3        26.4618
            697        4056.28        3398.25        26.4407
            698        3369.52        3398.21        26.4029
            699           3550        3398.42         26.366
            700        3959.39        3399.22        26.3405
            701        2987.25        3398.64        26.3094
            702        3832.18        3399.25        26.2792
            703        3081.96         3398.8        26.2456
            704        3906.66        3399.52        26.2183
            705        3446.25        3399.59        26.1811
            706        3659.74        3399.96        26.1466
            707        2682.01        3398.94        26.1293
            708        3460.88        3399.03        26.0926
            709        4111.18        3400.04        26.0751
            710        3220.07        3399.78        26.0396
            711        4122.97         3400.8        26.0228
            712        3653.24        3401.15        25.9887
            713        3346.49        3401.08        25.9523
            714        1281.09        3398.11        26.0854
            715        3664.11        3398.48        26.0516
            716        4120.95        3399.49        26.0347
            717        3517.66        3399.65        25.9989
            718        3771.73        3400.17        25.9679
            719        2112.36        3398.38        25.9935
            720        2916.31        3397.71         25.966
            721        3588.95        3397.98        25.9313
            722        1808.67        3395.78        25.9888
            723        3588.55        3396.04        25.9542
            724        3122.14        3395.66        25.9211
            725        3884.12        3396.34        25.8941
            726        3490.44        3396.47        25.8587
            727        2655.35        3395.45        25.8432
            728        4087.98         3396.4        25.8252
            729        3624.27        3396.71        25.7917
            730        3327.71        3396.62        25.7565
            731         4139.3        3397.63        25.7413
            732        3854.03        3398.26        25.7136
            733        3734.19        3398.72        25.6826
            734        4006.65        3399.54         25.661
            735        4181.47        3400.61        25.6481
            736        3757.75        3401.09        25.6179
            737        3840.04        3401.69          25.59
            738        2855.04        3400.95         25.566
            739        3616.48        3401.24        25.5331
            740        2975.07        3400.66        25.5051
            741           3132         3400.3        25.4732
            742        2403.22        3398.96        25.4743
            743        2557.22        3397.82        25.4652
            744        4203.63        3398.91         25.454
            745        3051.28        3398.44        25.4241
            746        3144.87         3398.1        25.3923
            747        4002.12        3398.91        25.3712
            748        3194.17        3398.64        25.3387
            749        3665.13        3398.99        25.3073
            750        3001.24        3398.46        25.2791
            751        2476.33        3397.23        25.2753
            752           3964        3397.99        25.2529
            753        3964.58        3398.74        25.2306
            754        3557.98        3398.95         25.198
            755        3626.38        3399.25        25.1664
            756        3825.58        3399.82        25.1394
            757        3824.84        3400.38        25.1124
            758        3747.57        3400.83        25.0835
            759        3607.37        3401.11        25.0519
            760        3918.38        3401.79        25.0282
            761        2921.04        3401.16        25.0032
            762        3404.95        3401.16        24.9704
            763        4236.76        3402.26        24.9617
            764        3359.31         3402.2         24.929
            765        4176.25        3403.21         24.917
            766        2859.75         3402.5        24.8946
            767        3044.64        3402.04        24.8665
            768        4003.29        3402.82        24.8464
            769        2500.64        3401.65        24.8418
            770        3719.29        3402.06        24.8129
            771        817.617        3398.71        25.0064
            772        2857.22           3398        24.9838
            773        3838.69        3398.57         24.958
            774        1491.57        3396.11        25.0472
            775        3598.68        3396.37        25.0162
            776        3470.71        3396.47        24.9842
            777         3606.2        3396.74        24.9535
            778        3257.14        3396.56         24.922
            779        2282.44        3395.13         24.931
            780        4022.06        3395.93         24.912
            781        3896.22        3396.57        24.8884
            782        3297.55        3396.45        24.8568
            783        2345.97         3395.1        24.8613
            784         2053.4        3393.39        24.8885
            785        3509.13        3393.54        24.8572
            786         3284.3         3393.4        24.8259
            787        3262.97        3393.24        24.7949
            788        4082.91        3394.11        24.7789
            789         3768.1        3394.58         24.752
            790        4221.36        3395.63        24.7428
            791         3906.3        3396.28        24.7199
            792        3719.67        3396.69        24.6921
            793        3480.99        3396.79        24.6611
            794        4232.35        3397.84        24.6525
            795        2456.98        3396.66        24.6499
            796         2395.8         3395.4         24.651
            797        3930.52        3396.07        24.6292
            798         3380.5        3396.06        24.5984
            799        4138.84        3396.98        24.5851
            800        3203.98        3396.74        24.5556
            801        3667.28        3397.08        24.5272
            802        3717.39        3397.48        24.4999
            803        3703.89        3397.86        24.4723
            804        3202.53        3397.62        24.4431
            805        3835.89        3398.16        24.4188
            806        3458.87        3398.24        24.3886
            807        3538.24        3398.41        24.3589
            808        3469.81         3398.5        24.3289
            809        3753.14        3398.94        24.3028
            810        2845.69        3398.26        24.2824
            811         3899.5        3398.87        24.2603
            812        3072.86        3398.47        24.2337
            813        4016.86        3399.23        24.2159
            814        2445.89        3398.06        24.2144
            815        4123.06        3398.95        24.2011
            816        3850.75        3399.51        24.1777
            817        3146.54         3399.2        24.1501
            818        2729.84        3398.38        24.1344
            819         3774.3        3398.84        24.1093
            820        3299.55        3398.72        24.0802
            821        1827.98         3396.8        24.1268
            822        3063.14         3396.4        24.1009
            823        3595.75        3396.64        24.0728
            824        3547.62        3396.82        24.0443
            825        3737.38        3397.23        24.0186
            826        3668.12        3397.56        23.9918
            827        3185.78        3397.31        23.9641
            828        1259.88        3394.72         24.074
            829        3585.55        3394.96         24.046
            830        3974.61        3395.65        24.0272
            831        3240.78        3395.47         23.999
            832        4018.26        3396.22        23.9818
            833        3971.37        3396.91        23.9629
            834         3342.4        3396.84        23.9343
            835        3495.21        3396.96        23.9059
            836        3273.33        3396.81        23.8777
            837        3081.75        3396.43        23.8522
            838        3468.03        3396.52        23.8238
            839        3809.28        3397.01        23.8005
            840         2656.7        3396.13        23.7885
            841        3814.59        3396.63        23.7654
            842        3618.56        3396.89        23.7386
            843        3706.35        3397.26        23.7133
            844        3264.81         3397.1        23.6857
            845        3710.69        3397.47        23.6605
            846        3630.64        3397.75        23.6342
            847        3334.77        3397.67        23.6064
            848        3714.04        3398.05        23.5815
            849         3871.9        3398.61        23.5603
            850         4263.9        3399.62        23.5546
            851        2713.21        3398.82        23.5407
            852        4016.14        3399.54        23.5242
            853        3547.05        3399.71        23.4972
            854        3712.97        3400.08        23.4726
            855        3787.14        3400.53        23.4495
            856        2782.52        3399.81        23.4332
            857        3731.59         3400.2         23.409
            858        3689.71        3400.54        23.3842
            859        3445.25        3400.59         23.357
            860        3212.54        3400.37        23.3308
            861        3183.49        3400.12        23.3051
            862         3656.4        3400.42        23.2799
            863        3983.29        3401.09        23.2627
            864        3154.81        3400.81        23.2376
            865        3116.32        3400.48         23.213
            866        3823.42        3400.96        23.1913
            867        2953.35        3400.45        23.1703
            868        3687.75        3400.78         23.146
            869        3693.41        3401.12        23.1218
            870        3867.22        3401.65        23.1014
            871        4033.23        3402.38        23.0862
            872        1320.55        3399.99         23.183
            873         2883.7         3399.4         23.164
            874        3717.65        3399.76        23.1403
            875        3873.68         3400.3        23.1202
            876        2316.59        3399.07        23.1269
            877        3293.87        3398.95        23.1009
            878        3649.04        3399.23        23.0763
            879        3845.95        3399.74        23.0556
            880        3796.69        3400.19        23.0338
            881         3532.3        3400.34        23.0082
            882        3731.31        3400.72        22.9851
            883        3745.57        3401.11        22.9624
            884         3394.2         3401.1        22.9364
            885        3238.97        3400.92        22.9112
            886        3651.55         3401.2        22.8871
            887        3627.42        3401.45        22.8627
            888        3410.55        3401.46        22.8369
            889        3399.57        3401.46        22.8112
            890        3993.19        3402.13        22.7953
            891        4094.24         3402.9        22.7829
            892        4086.98        3403.67        22.7703
            893        3897.06        3404.22        22.7515
            894        3146.59        3403.93        22.7278
            895        3610.84        3404.17        22.7036
            896        3993.29        3404.82        22.6878
            897        3597.49        3405.04        22.6635
            898        3437.66        3405.07        22.6383
            899        3886.51        3405.61        22.6194
            900        3124.35         3405.3        22.5964
            901        2483.59        3404.27        22.5945
            902         2874.2        3403.69        22.5771
            903        4066.51        3404.42         22.564
            904        3748.34         3404.8        22.5423
            905        3667.94        3405.09        22.5192
            906        2112.56        3403.67        22.5395
            907        3685.21        3403.98        22.5168
            908        4208.65        3404.86        22.5095
            909        3861.72        3405.36        22.4903
            910        1917.84        3403.73         22.525
            911        3800.53        3404.17        22.5044
            912         3253.4           3404        22.4804
            913        3463.69        3404.07        22.4558
            914        4174.16        3404.91        22.4471
            915        3940.65        3405.49        22.4302
            916        3629.78        3405.74         22.407
            917        3885.82        3406.26        22.3887
            918        3944.23        3406.85        22.3719
            919        2470.39        3405.83        22.3708
            920        3928.54         3406.4        22.3537
            921        3367.33        3406.36        22.3294
            922        3378.61        3406.32        22.3052
            923        3370.42        3406.29        22.2811
            924        2985.22        3405.83        22.2616
            925        3775.01        3406.23        22.2411
            926        3839.78         3406.7         22.222
            927        3411.36         3406.7         22.198
            928        3001.73        3406.27        22.1784
            929         3900.1         3406.8        22.1609
            930        4146.53        3407.59        22.1513
            931        3698.87        3407.91        22.1297
            932        3234.74        3407.72        22.1068
            933        3537.07        3407.86        22.0835
            934        3586.71        3408.05        22.0607
            935        3870.59        3408.55        22.0426
            936        4408.19        3409.61        22.0449
            937        4169.43        3410.42        22.0363
            938        3417.81        3410.43        22.0128
            939        3288.58         3410.3        21.9898
            940        3477.67        3410.37        21.9665
            941        4017.94        3411.02        21.9526
            942        3522.58        3411.14        21.9296
            943        1845.53        3409.48        21.9692
            944        1718.13        3407.69        22.0189
            945        3289.42        3407.56        21.9959
            946         3077.3        3407.21        21.9754
            947        2772.38        3406.54        21.9625
            948        4261.92        3407.44        21.9578
            949        4145.29        3408.22        21.9485
            950        2047.09        3406.79        21.9721
            951        3806.44        3407.21         21.953
            952        2226.54        3405.97         21.965
            953        3892.62        3406.48        21.9479
            954        3391.42        3406.46        21.9248
            955        3816.25        3406.89        21.9061
            956        3697.75         3407.2        21.8853
            957        3139.61        3406.92        21.8642
            958        4086.91        3407.63        21.8529
            959        3083.48        3407.29        21.8327
            960        3488.17        3407.37        21.8101
            961        3626.43         3407.6        21.7886
            962        4196.08        3408.42        21.7813
            963        2827.61        3407.82        21.7671
            964        3981.02        3408.41        21.7526
            965        4337.75        3409.38        21.7514
            966         4074.5        3410.06        21.7398
            967        2300.78        3408.92        21.7475
            968        4130.53        3409.66        21.7379
            969        3552.18        3409.81        21.7159
            970        3694.28         3410.1        21.6955
            971        3244.98        3409.93        21.6738
            972        3249.42        3409.77        21.6521
            973        3834.54         3410.2        21.6343
            974         3154.4        3409.94        21.6136
            975        3484.99        3410.02        21.5916
            976        3676.09        3410.29        21.5712
            977         3734.4        3410.62        21.5516
            978        3309.53        3410.52        21.5298
            979        3254.05        3410.36        21.5084
            980        4201.57        3411.17        21.5016
            981         3911.1        3411.68        21.4858
            982        2681.36        3410.93        21.4767
            983        3324.27        3410.84        21.4551
            984        1742.32        3409.15        21.5002
            985        3517.73        3409.26        21.4787
            986         4191.4        3410.05        21.4715
            987        3951.78         3410.6        21.4568
            988        3750.21        3410.94        21.4378
            989        3325.62        3410.86        21.4163
            990        3448.01         3410.9        21.3947
            991         3304.9        3410.79        21.3734
            992        3998.07        3411.38          21.36
            993        3987.49        3411.96        21.3464
            994         3864.6        3412.42        21.3297
            995        2601.63         3411.6        21.3239
            996        3297.46        3411.49        21.3028
            997        3688.29        3411.76        21.2832
            998         4387.1        3412.74        21.2843
            999        3779.37        3413.11        21.2662
           1000        3425.83        3413.12        21.2449
