            0.5           1000          20000              0
              1       0.888106       0.888106              0
              2       0.947864       0.917985       0.029879
              3       0.885962       0.907311      0.0202861
              4       0.937248       0.914795      0.0161796
              5         0.9266       0.917156      0.0127531
              6       0.864592       0.908395       0.013608
              7       0.890648        0.90586       0.011777
              8       0.830628       0.896456      0.0138729
              9       0.838156       0.889978      0.0138438
             10        0.84886       0.885866      0.0130471
             11       0.941632       0.890936      0.0128444
             12       0.895156       0.891288      0.0117305
             13        0.79295       0.883723      0.0131779
             14        0.92197       0.886455      0.0125025
             15        0.93893       0.889953      0.0121535
             16       0.859656        0.88806      0.0115252
             17       0.794094       0.882532      0.0121555
             18        0.65091       0.869665      0.0172314
             19        0.93444       0.873074       0.016652
             20       0.909814       0.874911      0.0159039
             21       0.807852       0.871718       0.015461
             22       0.960066       0.875733      0.0152787
             23       0.926494        0.87794      0.0147652
             24       0.910086        0.87928      0.0141999
             25       0.849614       0.878093      0.0136717
             26       0.946136        0.88071      0.0133935
             27       0.943748       0.883045      0.0130976
             28        0.89575       0.883499      0.0126294
             29       0.856258       0.882559      0.0122222
             30       0.900888        0.88317      0.0118236
             31       0.931222        0.88472      0.0115404
             32       0.939122        0.88642      0.0113025
             33       0.872848       0.886009      0.0109624
             34       0.945682       0.887764      0.0107789
             35       0.933496       0.889071      0.0105477
             36       0.795026       0.886458      0.0105781
             37       0.971752       0.888764      0.0105434
             38       0.751676       0.885156      0.0108778
             39       0.922638       0.886117      0.0106387
             40       0.950626        0.88773       0.010494
             41        0.91153        0.88831      0.0102513
             42       0.977258       0.890428      0.0102259
             43       0.684522        0.88564      0.0110741
             44        0.94719       0.887039      0.0109096
             45        0.86101        0.88646        0.01068
             46        0.91666       0.887117      0.0104659
             47       0.856942       0.886475      0.0102609
             48       0.711294       0.882825      0.0106873
             49       0.850226        0.88216      0.0104881
             50       0.579446       0.876105       0.011927
             51       0.939806       0.877355      0.0117573
             52         0.9296       0.878359      0.0115727
             53       0.538948       0.871955       0.013034
             54       0.950518        0.87341      0.0128728
             55       0.941648       0.874651      0.0126974
             56       0.891446       0.874951      0.0124722
             57         0.9338       0.875983      0.0122948
             58       0.872132       0.875917      0.0120812
             59       0.937868       0.876967       0.011921
             60       0.941748       0.878046      0.0117702
             61       0.924786       0.878813       0.011601
             62       0.836066       0.878123      0.0114332
             63       0.871456       0.878017      0.0112507
             64       0.926406       0.878773      0.0110993
             65       0.687116       0.875825      0.0113181
             66       0.928508       0.876623      0.0111738
             67       0.937132       0.877526      0.0110428
             68       0.775498       0.876026      0.0109821
             69       0.957976       0.877214      0.0108868
             70       0.865658       0.877048      0.0107314
             71        0.87038       0.876955      0.0105796
             72       0.938698       0.877812      0.0104668
             73       0.892114       0.878008      0.0103243
             74        0.93867       0.878828      0.0102167
             75       0.948534       0.879757      0.0101224
             76         0.8647       0.879559     0.00999025
             77        0.91947       0.880077     0.00987327
             78       0.879344       0.880068     0.00974587
             79       0.945014        0.88089     0.00965677
             80       0.920194       0.881381     0.00954795
             81       0.926702       0.881941     0.00944592
             82       0.839022       0.881417     0.00934468
             83       0.926228       0.881957     0.00924718
             84       0.937834       0.882623     0.00916062
             85       0.909962       0.882944     0.00905792
             86       0.919772       0.883372     0.00896221
             87        0.95355       0.884179     0.00889525
             88       0.883804       0.884175     0.00879359
             89       0.884822       0.884182     0.00869422
             90       0.905926       0.884424     0.00860047
             91       0.834534       0.883875     0.00852309
             92       0.930318        0.88438     0.00844504
             93       0.900008       0.884548     0.00835543
             94       0.895946        0.88467     0.00826695
             95       0.951232        0.88537     0.00820942
             96       0.970368       0.886256     0.00817156
             97       0.941508       0.886825     0.00810692
             98       0.839388       0.886341     0.00803836
             99       0.911304       0.886593     0.00796074
            100       0.901372       0.886741     0.00788212
            101        0.84284       0.886306     0.00781578
            102        0.93979       0.886831     0.00775652
            103       0.924326       0.887195     0.00768947
            104       0.905208       0.887368     0.00761714
            105       0.937004       0.887841     0.00755904
            106       0.902018       0.887974     0.00748859
            107       0.858602         0.8877     0.00742335
            108       0.931644       0.888107     0.00736554
            109        0.93098         0.8885     0.00730824
            110       0.867136       0.888306      0.0072441
            111       0.910046       0.888502     0.00718122
            112        0.92446       0.888823     0.00712405
            113       0.778818       0.887849     0.00712752
            114       0.925432       0.888179     0.00707241
            115       0.943176       0.888657     0.00702693
            116       0.861288       0.888421     0.00697008
            117         0.9076       0.888585      0.0069122
            118       0.950864       0.889113     0.00687366
            119       0.943952       0.889574     0.00683122
            120       0.665504       0.887707     0.00702669
            121       0.835104       0.887272     0.00698192
            122       0.853174       0.886992      0.0069301
            123       0.907018       0.887155     0.00687545
            124        0.96725       0.887801      0.0068503
            125        0.95195       0.888314     0.00681463
            126       0.917582       0.888547     0.00676432
            127       0.961242       0.889119     0.00673521
            128       0.940202       0.889518     0.00669429
            129       0.768462        0.88858     0.00670816
            130        0.84009       0.888207      0.0066668
            131         0.9247       0.888485     0.00662157
            132       0.883798        0.88845     0.00657131
            133       0.919082        0.88868     0.00652578
            134       0.919604       0.888911     0.00648101
            135       0.875762       0.888813     0.00643356
            136       0.772516       0.887958     0.00644308
            137       0.912116       0.888135     0.00639831
            138       0.675598       0.886595     0.00653582
            139       0.828366       0.886176     0.00650214
            140       0.925506       0.886457     0.00646164
            141       0.924698       0.886728     0.00642138
            142       0.965208        0.88728     0.00639991
            143       0.928028       0.887565     0.00636138
            144       0.966142       0.888111     0.00634057
            145        0.95196       0.888551     0.00631207
            146       0.957588       0.889024      0.0062865
            147       0.944826       0.889404     0.00625512
            148        0.97683       0.889995     0.00624073
            149       0.912884       0.890148     0.00620061
            150        0.93269       0.890432     0.00616566
            151       0.959922       0.890892     0.00614195
            152        0.91768       0.891068     0.00610396
            153       0.947074       0.891434     0.00607497
            154       0.885938       0.891399      0.0060355
            155       0.659626       0.889903     0.00618006
            156       0.933924       0.890185      0.0061468
            157       0.932988       0.890458      0.0061136
            158       0.936064       0.890747     0.00608164
            159        0.96812       0.891233     0.00606283
            160        0.91932       0.891409     0.00602737
            161       0.960288       0.891837     0.00600508
            162       0.922668       0.892027     0.00597093
            163       0.848666       0.891761     0.00594014
            164        0.89253       0.891766     0.00590381
            165       0.962086       0.892192     0.00588338
            166       0.850826       0.891943     0.00585314
            167       0.939488       0.892227     0.00582495
            168       0.839998       0.891917     0.00579851
            169        0.91328       0.892043     0.00576548
            170        0.72169       0.891041     0.00581841
            171       0.908846       0.891145     0.00578522
            172         0.9452       0.891459     0.00576007
            173       0.650902       0.890069     0.00589307
            174       0.948088       0.890402     0.00586859
            175       0.965692       0.890832      0.0058508
            176       0.942464       0.891126     0.00582485
            177       0.869418       0.891003     0.00579315
            178       0.973682       0.891468      0.0057792
            179       0.691834       0.890352     0.00585405
            180       0.933148        0.89059     0.00582629
            181         0.7471       0.889797     0.00584799
            182       0.945804       0.890105      0.0058239
            183       0.937662       0.890365     0.00579782
            184       0.880536       0.890312     0.00576647
            185       0.851302       0.890101     0.00573909
            186       0.929634       0.890313     0.00571211
            187       0.909008       0.890413     0.00568236
            188       0.916746       0.890553     0.00565379
            189        0.95875       0.890914     0.00563536
            190       0.964722       0.891303     0.00561906
            191       0.953692       0.891629      0.0055991
            192       0.568824       0.889948     0.00581808
            193       0.962366       0.890323     0.00580001
            194        0.92465         0.8905     0.00577275
            195       0.958124       0.890847     0.00575353
            196       0.908204       0.890935     0.00572478
            197       0.948422       0.891227     0.00570312
            198       0.787146       0.890702     0.00569854
            199       0.655824       0.889521     0.00579138
            200       0.898766       0.889568     0.00576253
            201       0.948014       0.889858     0.00574116
            202       0.966196       0.890236     0.00572516
            203       0.555196       0.888586     0.00593114
            204        0.83002       0.888299     0.00590897
            205       0.958956       0.888643     0.00589017
            206       0.887932        0.88864     0.00586151
            207       0.875454       0.888576     0.00583347
            208       0.930968        0.88878     0.00580894
            209       0.956938       0.889106     0.00579027
            210       0.913462       0.889222      0.0057638
            211         0.8591       0.889079     0.00573819
            212        0.95807       0.889405     0.00572032
            213       0.635488       0.888213     0.00581687
            214       0.938202       0.888446     0.00579433
            215       0.823078       0.888142     0.00577533
            216       0.951686       0.888436     0.00575605
            217        0.83207       0.888177     0.00573535
            218       0.909406       0.888274     0.00570981
            219       0.879786       0.888235     0.00568381
            220       0.690688       0.887337     0.00572873
            221       0.741604       0.886678     0.00574074
            222        0.92662       0.886858     0.00571766
            223       0.848784       0.886687     0.00569452
            224       0.965896       0.887041     0.00568006
            225       0.928716       0.887226     0.00565779
            226       0.866412       0.887134     0.00563345
            227       0.891746       0.887154     0.00560862
            228        0.85136       0.886997     0.00558617
            229       0.880318       0.886968      0.0055618
            230       0.916094       0.887095     0.00553901
            231       0.884408       0.887083       0.005515
            232       0.964466       0.887417     0.00550129
            233       0.931794       0.887607     0.00548094
            234       0.939126       0.887827     0.00546191
            235       0.947402       0.888081     0.00544452
            236       0.928796       0.888253     0.00542415
            237        0.90741       0.888334     0.00540182
            238        0.91975       0.888466     0.00538069
            239       0.944742       0.888701      0.0053633
            240       0.881498       0.888671     0.00534099
            241       0.938484       0.888878      0.0053228
            242       0.844014       0.888693       0.005304
            243       0.925908       0.888846     0.00528435
            244       0.912046       0.888941      0.0052635
            245       0.862238       0.888832     0.00524311
            246       0.924658       0.888978     0.00522378
            247       0.889214       0.888979     0.00520259
            248       0.915576       0.889086     0.00518268
            249       0.868512       0.889003     0.00516249
            250       0.902506       0.889057     0.00514208
            251         0.9521       0.889308     0.00512771
            252       0.853976       0.889168     0.00510924
            253       0.956232       0.889433     0.00509591
            254        0.78039       0.889004     0.00509393
            255       0.898434       0.889041     0.00507404
            256       0.843188       0.888862     0.00505736
            257       0.915302       0.888965     0.00503869
            258       0.980888       0.889321     0.00503175
            259       0.943068       0.889529     0.00501658
            260       0.832272       0.889308      0.0050021
            261       0.963562       0.889593     0.00499101
            262       0.937338       0.889775     0.00497527
            263       0.919894        0.88989     0.00495764
            264       0.871908       0.889821     0.00493929
            265       0.819862       0.889557     0.00492769
            266       0.830362       0.889335     0.00491417
            267       0.738354       0.888769     0.00492828
            268       0.938078       0.888953     0.00491331
            269       0.834516       0.888751     0.00489919
            270       0.938594       0.888936      0.0048845
            271       0.820488       0.888683     0.00487299
            272       0.944846        0.88889     0.00485943
            273       0.609778       0.887867     0.00494837
            274       0.952346       0.888103     0.00493589
            275       0.920912       0.888222     0.00491935
            276        0.87622       0.888178     0.00490169
            277       0.862762       0.888087     0.00488483
            278       0.736578       0.887542     0.00489764
            279        0.72189       0.886948     0.00491604
            280       0.824756       0.886726     0.00490348
            281       0.955614       0.886971     0.00489215
            282       0.910492       0.887054     0.00487548
            283       0.956144       0.887298     0.00486436
            284       0.968596       0.887585     0.00485564
            285       0.757614       0.887129     0.00486002
            286        0.90778       0.887201     0.00484353
            287       0.787616       0.886854     0.00483908
            288       0.851048        0.88673     0.00482386
            289       0.897992       0.886769     0.00480729
            290       0.960814       0.887024     0.00479749
            291       0.707628       0.886407     0.00482055
            292       0.566624       0.885312     0.00492726
            293       0.577926       0.884263     0.00502124
            294       0.947218       0.884477     0.00500871
            295       0.917694        0.88459     0.00499297
            296        0.89643        0.88463     0.00497623
            297       0.941266       0.884821     0.00496312
            298        0.92764       0.884964     0.00494852
            299       0.920414       0.885083     0.00493337
            300       0.934316       0.885247     0.00491963
            301       0.858934       0.885159     0.00490404
            302       0.950434       0.885376     0.00489255
            303       0.952154       0.885596     0.00488136
            304       0.784252       0.885263     0.00487668
            305       0.921634       0.885382     0.00486213
            306       0.760226       0.884973     0.00486344
            307       0.595916       0.884031     0.00493817
            308       0.918524       0.884143     0.00492338
            309       0.810446       0.883905     0.00491321
            310       0.754128       0.883486      0.0049152
            311       0.927066       0.883626     0.00490137
            312       0.920318       0.883744     0.00488705
            313       0.936696       0.883913     0.00487435
            314       0.939546        0.88409     0.00486203
            315        0.94008       0.884268     0.00484983
            316        0.96496       0.884523      0.0048412
            317       0.943522       0.884709     0.00482949
            318        0.85592       0.884619     0.00481513
            319       0.785154       0.884307     0.00481013
            320       0.881822       0.884299     0.00479508
            321        0.89479       0.884332     0.00478023
            322       0.919916       0.884443     0.00476664
            323       0.930498       0.884585       0.004754
            324       0.949188       0.884785      0.0047435
            325       0.710724       0.884249     0.00475911
            326       0.937582       0.884413     0.00474731
            327       0.788648        0.88412     0.00474182
            328       0.888826       0.884134     0.00472736
            329       0.895444       0.884168      0.0047131
            330        0.95104       0.884371     0.00470316
            331         0.9551       0.884585      0.0046938
            332       0.817874       0.884384     0.00468395
            333        0.92217       0.884497     0.00467124
            334       0.897548       0.884536      0.0046574
            335       0.979636        0.88482     0.00465215
            336        0.94836       0.885009     0.00464213
            337       0.896474       0.885043     0.00462846
            338        0.83316        0.88489      0.0046173
            339        0.77849       0.884576     0.00461435
            340       0.971136       0.884831     0.00460779
            341       0.925434        0.88495      0.0045958
            342       0.945272       0.885126     0.00458574
            343       0.571298       0.884211       0.004663
            344        0.96599       0.884449     0.00465549
            345       0.957166        0.88466     0.00464676
            346       0.885756       0.884663     0.00463332
            347       0.779528        0.88436     0.00462987
            348       0.928154       0.884486     0.00461826
            349       0.926244       0.884605     0.00460656
            350       0.904262       0.884661     0.00459372
            351       0.945342       0.884834     0.00458388
            352       0.949796       0.885019     0.00457456
            353       0.933462       0.885156     0.00456365
            354       0.892152       0.885176     0.00455078
            355       0.805408       0.884951      0.0045435
            356       0.882024       0.884943     0.00453073
            357        0.94022       0.885098     0.00452067
            358       0.821192       0.884919     0.00451156
            359       0.962408       0.885135     0.00450415
            360        0.92584       0.885248     0.00449305
            361       0.943988       0.885411     0.00448354
            362       0.820336       0.885231     0.00447475
            363       0.956312       0.885427      0.0044667
            364       0.952538       0.885611     0.00445822
            365       0.765878       0.885283     0.00445808
            366       0.895784       0.885312     0.00444597
            367       0.899888       0.885352     0.00443402
            368       0.951436       0.885531      0.0044256
            369       0.867926       0.885484     0.00441385
            370       0.821786       0.885311     0.00440527
            371       0.954058       0.885497     0.00439728
            372       0.967748       0.885718     0.00439102
            373       0.955972       0.885906     0.00438328
            374       0.855498       0.885825      0.0043723
            375       0.918488       0.885912     0.00436149
            376       0.944096       0.886067     0.00435263
            377        0.92966       0.886182     0.00434261
            378       0.920164       0.886272     0.00433204
            379       0.946616       0.886431     0.00432352
            380       0.857334       0.886355     0.00431281
            381       0.673542       0.885796     0.00433759
            382        0.86139       0.885732     0.00432669
            383        0.58736       0.884953     0.00438514
            384       0.927312       0.885064     0.00437509
            385       0.945172        0.88522     0.00436651
            386       0.862616       0.885161     0.00435557
            387       0.889578       0.885173     0.00434432
            388       0.971138       0.885394     0.00433877
            389        0.79589       0.885164     0.00433371
            390        0.82423       0.885008     0.00432541
            391       0.684154       0.884494     0.00434481
            392       0.830616       0.884357     0.00433589
            393        0.94051         0.8845      0.0043272
            394       0.584732       0.883739     0.00438275
            395       0.935474        0.88387      0.0043736
            396       0.897798       0.883905     0.00436268
            397       0.805794       0.883708     0.00435612
            398       0.598344       0.882991     0.00440392
            399       0.886848       0.883001     0.00439288
            400       0.914074       0.883079     0.00438258
            401       0.952866       0.883253      0.0043751
            402       0.936538       0.883385     0.00436621
            403        0.89227       0.883407     0.00435542
            404       0.909836       0.883473     0.00434512
            405         0.9633        0.88367     0.00433886
            406       0.914236       0.883745     0.00432881
            407       0.945892       0.883898     0.00432086
            408         0.8871       0.883906     0.00431026
            409        0.69457       0.883443     0.00432456
            410        0.84011       0.883337     0.00431529
            411         0.9602       0.883524     0.00430884
            412        0.91676       0.883605     0.00429913
            413       0.909718       0.883668     0.00428917
            414       0.945664       0.883818     0.00428142
            415       0.954456       0.883988     0.00427448
            416        0.94692       0.884139     0.00426688
            417       0.925098       0.884237     0.00425776
            418       0.950052       0.884395     0.00425048
            419       0.940006       0.884528      0.0042424
            420       0.921378       0.884615      0.0042332
            421       0.943898       0.884756     0.00422548
            422       0.867058       0.884714     0.00421566
            423       0.839858       0.884608     0.00420702
            424       0.924244       0.884702     0.00419813
            425       0.935812       0.884822     0.00418997
            426        0.85771       0.884758      0.0041806
            427       0.971714       0.884962     0.00417577
            428       0.883546       0.884959       0.004166
            429       0.906074       0.885008     0.00415657
            430       0.882252       0.885001      0.0041469
            431       0.864464       0.884954     0.00413754
            432       0.916938       0.885028     0.00412862
            433       0.859376       0.884968      0.0041195
            434       0.892742       0.884986     0.00411003
            435        0.84436       0.884893     0.00410164
            436       0.818182        0.88474     0.00409508
            437        0.90983       0.884797      0.0040861
            438       0.924196       0.884887     0.00407775
            439       0.668866       0.884395      0.0040981
            440        0.94714       0.884538     0.00409126
            441       0.834864       0.884425     0.00408353
            442       0.932222       0.884533     0.00407572
            443       0.911582       0.884594     0.00406696
            444        0.72612       0.884238     0.00407346
            445       0.902866       0.884279     0.00406451
            446       0.950526       0.884428     0.00405811
            447       0.946182       0.884566     0.00405137
            448       0.906372       0.884615     0.00404261
            449       0.809266       0.884447     0.00403709
            450       0.851358       0.884373     0.00402878
            451        0.94195       0.884501     0.00402186
            452       0.840694       0.884404     0.00401413
            453       0.610234       0.883799     0.00405073
            454       0.932148       0.883905      0.0040432
            455       0.923542       0.883993     0.00403524
            456       0.908182       0.884046     0.00402673
            457       0.946416       0.884182     0.00402023
            458       0.912398       0.884244     0.00401191
            459       0.946202       0.884379     0.00400544
            460       0.929558       0.884477     0.00399793
            461       0.927072       0.884569     0.00399032
            462       0.919384       0.884645     0.00398238
            463       0.951654       0.884789     0.00397641
            464        0.94226       0.884913     0.00396976
            465       0.939422        0.88503     0.00396295
            466       0.784696       0.884815     0.00396029
            467       0.882912       0.884811      0.0039518
            468       0.789434       0.884607     0.00394861
            469       0.884678       0.884607     0.00394019
            470       0.902608       0.884646     0.00393198
            471       0.955784       0.884797     0.00392653
            472       0.958492       0.884953     0.00392131
            473       0.949466       0.885089     0.00391539
            474        0.93236       0.885189     0.00390839
            475       0.963022       0.885353      0.0039036
            476       0.838326       0.885254     0.00389664
            477       0.934736       0.885358     0.00388984
            478        0.78281       0.885143     0.00388762
            479       0.951498       0.885282     0.00388197
            480       0.944146       0.885404     0.00387581
            481       0.765782       0.885156     0.00387574
            482       0.976752       0.885346     0.00387235
            483       0.932014       0.885442     0.00386553
            484        0.95369       0.885583     0.00386012
            485       0.770826       0.885347     0.00385941
            486       0.866186       0.885307     0.00385166
            487       0.851092       0.885237     0.00384439
            488       0.743898       0.884947     0.00384742
            489       0.950852       0.885082     0.00384191
            490       0.912356       0.885138     0.00383446
            491       0.878342       0.885124     0.00382667
            492       0.848332       0.885049     0.00381962
            493        0.92982        0.88514     0.00381294
            494       0.842296       0.885053      0.0038062
            495       0.935848       0.885156     0.00379989
            496       0.854262       0.885094     0.00379273
            497       0.937658       0.885199     0.00378657
            498       0.763906       0.884956      0.0037868
            499        0.66459       0.884514     0.00380492
            500       0.959938       0.884665      0.0038003
            501       0.932522       0.884761     0.00379391
            502       0.956476       0.884903     0.00378904
            503       0.965196       0.885063     0.00378486
            504        0.88669       0.885066     0.00377735
            505       0.923814       0.885143     0.00377064
            506        0.97213       0.885315     0.00376711
            507       0.855244       0.885256     0.00376014
            508       0.956886       0.885397     0.00375538
            509       0.899158       0.885424     0.00374809
            510       0.726218       0.885112     0.00375374
            511        0.84592       0.885035     0.00374717
            512       0.933476       0.885129     0.00374104
            513       0.897906       0.885154     0.00373382
            514       0.902266       0.885188      0.0037267
            515        0.80365       0.885029     0.00372282
            516        0.93037       0.885117     0.00371664
            517       0.962446       0.885267     0.00371246
            518       0.953316       0.885398     0.00370761
            519       0.865586        0.88536     0.00370066
            520         0.8565       0.885304     0.00369395
            521       0.961706       0.885451     0.00368977
            522       0.790198       0.885269     0.00368721
            523       0.918856       0.885333     0.00368072
            524       0.941974       0.885441     0.00367528
            525       0.947636       0.885559     0.00367018
            526       0.798284       0.885393     0.00366695
            527       0.929294       0.885477     0.00366094
            528        0.92394        0.88555     0.00365472
            529        0.94329       0.885659     0.00364944
            530       0.944948       0.885771     0.00364426
            531       0.872572       0.885746     0.00363748
            532       0.803364       0.885591     0.00363394
            533       0.913258       0.885643     0.00362748
            534       0.966646       0.885795     0.00362386
            535       0.918056       0.885855     0.00361758
            536       0.921056       0.885921     0.00361143
            537       0.776168       0.885716     0.00361048
            538       0.890512       0.885725     0.00360378
            539        0.91889       0.885787     0.00359761
            540        0.90977       0.885831     0.00359122
            541       0.950682       0.885951     0.00358658
            542       0.941562       0.886053     0.00358142
            543        0.81905        0.88593     0.00357695
            544       0.906458       0.885968     0.00357057
            545        0.78098       0.885775     0.00356921
            546       0.903028       0.885807     0.00356281
            547       0.856638       0.885753     0.00355669
            548        0.92544       0.885826     0.00355093
            549        0.91032        0.88587     0.00354474
            550       0.929324       0.885949     0.00353917
            551       0.927642       0.886025     0.00353355
            552       0.940158       0.886123     0.00352851
            553       0.923232        0.88619     0.00352276
            554       0.912962       0.886239     0.00351673
            555       0.907968       0.886278     0.00351061
            556       0.958196       0.886407     0.00350667
            557       0.957754       0.886535     0.00350271
            558       0.954122       0.886656     0.00349853
            559       0.935096       0.886743     0.00349334
            560       0.815232       0.886615     0.00348943
            561        0.89918       0.886638     0.00348328
            562       0.939562       0.886732     0.00347835
            563        0.88919       0.886736     0.00347217
            564       0.928594        0.88681      0.0034668
            565       0.882018       0.886802     0.00346067
            566        0.89821       0.886822     0.00345461
            567        0.94635       0.886927     0.00345011
            568       0.594306       0.886412     0.00348235
            569       0.916108       0.886464     0.00347662
            570       0.955774       0.886586     0.00347264
            571       0.763838       0.886371     0.00347321
            572       0.946532       0.886476     0.00346873
            573       0.969814       0.886621     0.00346572
            574       0.921402       0.886682     0.00346021
            575       0.922078       0.886744     0.00345474
            576       0.883752       0.886738     0.00344874
            577       0.908824       0.886777     0.00344297
            578       0.924344       0.886842     0.00343762
            579       0.939634       0.886933     0.00343289
            580        0.82244       0.886822     0.00342877
            581       0.809828       0.886689     0.00342543
            582        0.94066       0.886782     0.00342079
            583        0.95388       0.886897     0.00341686
            584       0.886424       0.886896       0.003411
            585       0.625614       0.886449     0.00343433
            586        0.72667       0.886177     0.00343929
            587       0.792546       0.886017     0.00343713
            588       0.955112       0.886135     0.00343329
            589        0.90315       0.886164     0.00342758
            590       0.942434       0.886259      0.0034231
            591        0.96137       0.886386     0.00341966
            592       0.920098       0.886443     0.00341436
            593       0.796232       0.886291     0.00341199
            594        0.88051       0.886281     0.00340625
            595       0.724204       0.886009     0.00341141
            596           0.94       0.886099     0.00340689
            597       0.864906       0.886064     0.00340136
            598        0.57395       0.885542     0.00343555
            599       0.957728       0.885663     0.00343192
            600       0.785044       0.885495      0.0034303
            601       0.901042       0.885521     0.00342469
            602        0.90242       0.885549     0.00341911
            603       0.887168       0.885551     0.00341343
            604        0.97169       0.885694     0.00341076
            605       0.926972       0.885762      0.0034058
            606       0.814486       0.885645     0.00340221
            607        0.92641       0.885712     0.00339727
            608       0.932564       0.885789     0.00339255
            609       0.951868       0.885897     0.00338871
            610       0.910082       0.885937     0.00338338
            611       0.955862       0.886051     0.00337978
            612        0.92709       0.886119     0.00337492
            613       0.873378       0.886098     0.00336947
            614       0.904676       0.886128     0.00336412
            615       0.888332       0.886132     0.00335864
            616       0.619822       0.885699     0.00338094
            617       0.901072       0.885724     0.00337555
            618       0.915184       0.885772     0.00337042
            619       0.820076       0.885666     0.00336664
            620       0.886892       0.885668     0.00336121
            621       0.919492       0.885722     0.00335624
            622       0.884922       0.885721     0.00335084
            623       0.933654       0.885798     0.00334634
            624       0.884924       0.885796     0.00334097
            625       0.918362       0.885849     0.00333603
            626       0.852176       0.885795     0.00333113
            627       0.958506       0.885911     0.00332783
            628       0.934808       0.885989     0.00332344
            629       0.853748       0.885937     0.00331855
            630        0.92434       0.885998     0.00331384
            631       0.821944       0.885897     0.00331014
            632       0.817712       0.885789     0.00330666
            633       0.878676       0.885778     0.00330145
            634       0.902424       0.885804     0.00329634
            635       0.939564       0.885889     0.00329224
            636       0.712572       0.885616     0.00329833
            637       0.966136       0.885742     0.00329558
            638       0.932666       0.885816     0.00329123
            639       0.933622       0.885891     0.00328692
            640       0.942164       0.885979     0.00328296
            641       0.945544       0.886072     0.00327915
            642       0.937988       0.886153     0.00327504
            643       0.839728        0.88608     0.00327074
            644       0.940812       0.886165     0.00326676
            645       0.799538       0.886031     0.00326446
            646       0.779822       0.885867     0.00326355
            647       0.938658       0.885948     0.00325952
            648       0.832474       0.885866     0.00325553
            649       0.899272       0.885886     0.00325058
            650       0.883608       0.885883     0.00324557
            651       0.969466       0.886011     0.00324313
            652       0.973746       0.886146     0.00324094
            653       0.829586       0.886059     0.00323714
            654       0.916054       0.886105     0.00323251
            655       0.900014       0.886126     0.00322764
            656       0.963284       0.886244     0.00322486
            657       0.895088       0.886257     0.00321998
            658       0.930622       0.886325     0.00321579
            659       0.932514       0.886395     0.00321167
            660       0.969934       0.886521     0.00320929
            661       0.887988       0.886524     0.00320444
            662       0.925702       0.886583     0.00320014
            663       0.943744       0.886669     0.00319647
            664        0.91352       0.886709     0.00319191
            665       0.966948        0.88683     0.00318939
            666       0.962226       0.886943     0.00318661
            667        0.75245       0.886742     0.00318821
            668       0.858406       0.886699     0.00318372
            669       0.972892       0.886828     0.00318156
            670       0.847396       0.886769     0.00317736
            671       0.960266       0.886879     0.00317451
            672       0.927874        0.88694     0.00317037
            673       0.873418        0.88692     0.00316572
            674       0.896034       0.886933     0.00316105
            675       0.919704       0.886982     0.00315673
            676       0.945648       0.887069     0.00315325
            677       0.927222       0.887128     0.00314915
            678       0.960848       0.887237     0.00314638
            679        0.94627       0.887324     0.00314295
            680       0.903736       0.887348     0.00313842
            681       0.977302        0.88748     0.00313659
            682        0.87597       0.887463     0.00313203
            683        0.85558       0.887416     0.00312779
            684       0.681528       0.887115     0.00313768
            685       0.838496       0.887044      0.0031339
            686       0.837592       0.886972     0.00313016
            687        0.62528       0.886591     0.00314873
            688       0.877414       0.886578     0.00314418
            689       0.896392       0.886592     0.00313964
            690       0.693412       0.886312     0.00314757
            691       0.836656        0.88624     0.00314383
            692       0.938842       0.886316      0.0031402
            693       0.775632       0.886157     0.00313973
            694       0.927564       0.886216     0.00313577
            695        0.80368       0.886098     0.00313351
            696       0.904446       0.886124     0.00312911
            697       0.946498        0.88621     0.00312582
            698       0.978014       0.886342     0.00312411
            699       0.941906       0.886422     0.00312065
            700       0.897166       0.886437     0.00311623
            701       0.814474       0.886334     0.00311347
            702       0.712626       0.886087     0.00311886
            703       0.870602       0.886065      0.0031145
            704       0.947262       0.886152     0.00311129
            705       0.905596       0.886179       0.003107
            706       0.815068       0.886079     0.00310423
            707        0.88488       0.886077     0.00309983
            708        0.95524       0.886175     0.00309699
            709       0.759832       0.885996     0.00309775
            710       0.924522       0.886051     0.00309386
            711        0.95611       0.886149     0.00309108
            712       0.946512       0.886234      0.0030879
            713       0.959088       0.886336     0.00308526
            714       0.752924       0.886149     0.00308659
            715       0.938798       0.886223     0.00308315
            716       0.793032       0.886093     0.00308159
            717        0.93622       0.886163     0.00307809
            718       0.653228       0.885838     0.00309087
            719       0.961776       0.885944     0.00308837
            720       0.956562       0.886042     0.00308564
            721        0.92579       0.886097     0.00308185
            722       0.940476       0.886172      0.0030785
            723       0.891946        0.88618     0.00307425
            724       0.907386        0.88621     0.00307014
            725       0.960738       0.886312     0.00306763
            726        0.87809       0.886301     0.00306342
            727       0.949986       0.886389     0.00306046
            728       0.796232       0.886265     0.00305876
            729       0.813448       0.886165     0.00305619
            730       0.945314       0.886246     0.00305308
            731       0.939928       0.886319     0.00304978
            732       0.803162       0.886206     0.00304773
            733        0.91257       0.886242     0.00304378
            734       0.931466       0.886303     0.00304026
            735       0.957156         0.8864     0.00303765
            736       0.945656        0.88648     0.00303459
            737       0.954404       0.886572     0.00303187
            738        0.92168        0.88662     0.00302813
            739       0.914142       0.886657     0.00302426
            740       0.926334       0.886711     0.00302065
            741       0.864756       0.886681     0.00301671
            742        0.94996       0.886767     0.00301385
            743       0.679332       0.886487     0.00302271
            744       0.930486       0.886546     0.00301923
            745        0.91084       0.886579     0.00301535
            746        0.94621       0.886659     0.00301236
            747       0.875018       0.886643     0.00300837
            748       0.887414       0.886644     0.00300434
            749       0.927316       0.886699     0.00300082
            750       0.935604       0.886764     0.00299753
            751       0.753418       0.886586     0.00299879
            752       0.950152       0.886671       0.002996
            753        0.72512       0.886456      0.0029997
            754       0.886484       0.886456     0.00299572
            755        0.92325       0.886505     0.00299214
            756       0.954766       0.886595     0.00298955
            757       0.739906       0.886402     0.00299188
            758       0.776642       0.886257     0.00299143
            759        0.93573       0.886322      0.0029882
            760         0.8236        0.88624     0.00298541
            761       0.917088        0.88628     0.00298176
            762       0.941662       0.886353     0.00297873
            763       0.945858       0.886431     0.00297584
            764       0.936678       0.886497     0.00297267
            765       0.929372       0.886553     0.00296931
            766       0.625846       0.886212      0.0029849
            767        0.75097       0.886036     0.00298622
            768       0.895462       0.886048     0.00298235
            769       0.696994       0.885802      0.0029886
            770       0.822378        0.88572     0.00298585
            771       0.962202       0.885819     0.00298363
            772       0.838744       0.885758     0.00298038
            773       0.874856       0.885744     0.00297656
            774       0.907338       0.885772     0.00297284
            775        0.79534       0.885655      0.0029713
            776        0.93772       0.885722     0.00296822
            777       0.952562       0.885808     0.00296565
            778        0.84601       0.885757     0.00296227
            779       0.950096        0.88584     0.00295962
            780       0.900998       0.885859     0.00295589
            781       0.946834       0.885937     0.00295313
            782       0.970284       0.886045     0.00295133
            783       0.943866       0.886119     0.00294848
            784        0.96941       0.886225     0.00294663
            785       0.948236       0.886304     0.00294394
            786        0.95058       0.886386     0.00294133
            787        0.84589       0.886335     0.00293804
            788       0.953026       0.886419     0.00293553
            789       0.954348       0.886505     0.00293307
            790       0.807524       0.886405     0.00293106
            791        0.74361       0.886225     0.00293291
            792       0.924636       0.886273     0.00292961
            793       0.926426       0.886324     0.00292635
            794       0.940186       0.886392     0.00292345
            795        0.70454       0.886163     0.00292871
            796       0.930298       0.886219     0.00292556
            797       0.942816        0.88629     0.00292275
            798       0.964866       0.886388     0.00292074
            799       0.915284       0.886424     0.00291731
            800       0.494386       0.885934     0.00295458
            801       0.946274       0.886009     0.00295185
            802        0.94568       0.886084     0.00294911
            803       0.939908       0.886151      0.0029462
            804       0.845444         0.8861     0.00294297
            805        0.92988       0.886155     0.00293981
            806       0.774524       0.886016     0.00293943
            807       0.795912       0.885904      0.0029379
            808       0.889428       0.885909     0.00293427
            809       0.853244       0.885868     0.00293092
            810       0.865078       0.885843     0.00292741
            811       0.807924       0.885747     0.00292538
            812       0.921274        0.88579      0.0029221
            813       0.939208       0.885856     0.00291924
            814       0.902302       0.885876     0.00291572
            815       0.925344       0.885925     0.00291255
            816       0.741014       0.885747     0.00291439
            817       0.770598       0.885606     0.00291423
            818       0.878936       0.885598     0.00291068
            819       0.794198       0.885487     0.00290926
            820       0.958268       0.885575     0.00290707
            821       0.940216       0.885642     0.00290429
            822       0.940258       0.885708     0.00290151
            823       0.960378       0.885799     0.00289941
            824        0.51315       0.885347     0.00293099
            825       0.267022       0.884597     0.00302185
            826       0.886144       0.884599     0.00301819
            827       0.924632       0.884648     0.00301493
            828       0.917362       0.884687     0.00301154
            829        0.93314       0.884746     0.00300848
            830       0.737664       0.884568     0.00301007
            831        0.94659       0.884643     0.00300737
            832       0.908334       0.884671     0.00300389
            833       0.917382       0.884711     0.00300054
            834       0.840422       0.884658     0.00299741
            835       0.878436        0.88465     0.00299383
            836       0.766494       0.884509     0.00299358
            837       0.912138       0.884542     0.00299018
            838       0.795432       0.884435     0.00298851
            839       0.881014       0.884431     0.00298494
            840       0.871748       0.884416     0.00298143
            841       0.934598       0.884476     0.00297848
            842       0.862586        0.88445     0.00297505
            843        0.73981       0.884278     0.00297647
            844       0.564564         0.8839     0.00299698
            845       0.864794       0.883877     0.00299351
            846       0.862134       0.883851     0.00299008
            847       0.760192       0.883705     0.00299012
            848        0.87582       0.883696     0.00298661
            849       0.880184       0.883692     0.00298309
            850       0.897928       0.883709     0.00297962
            851       0.842466        0.88366     0.00297651
            852        0.66332       0.883401     0.00298425
            853       0.914366       0.883438     0.00298097
            854       0.945786       0.883511     0.00297837
            855        0.93539       0.883571      0.0029755
            856       0.845604       0.883527     0.00297235
            857       0.949018       0.883604     0.00296987
            858       0.955282       0.883687     0.00296758
            859       0.788358       0.883576      0.0029662
            860       0.928152       0.883628      0.0029632
            861        0.84176       0.883579     0.00296016
            862       0.948684       0.883655     0.00295769
            863        0.88407       0.883655     0.00295426
            864       0.793802       0.883551     0.00295267
            865       0.834676       0.883495     0.00294979
            866       0.944196       0.883565     0.00294722
            867       0.883088       0.883564     0.00294382
            868       0.900004       0.883583     0.00294049
            869       0.926486       0.883633     0.00293752
            870       0.917852       0.883672      0.0029344
            871       0.939868       0.883737     0.00293174
            872       0.953044       0.883816     0.00292945
            873       0.891306       0.883825     0.00292611
            874       0.961004       0.883913     0.00292409
            875        0.93288       0.883969     0.00292129
            876        0.94416       0.884038     0.00291876
            877       0.935808       0.884097     0.00291603
            878       0.873412       0.884084     0.00291273
            879       0.824632       0.884017      0.0029102
            880       0.931526       0.884071     0.00290739
            881       0.974254       0.884173     0.00290589
            882       0.869094       0.884156     0.00290265
            883       0.961394       0.884244     0.00290068
            884        0.97405       0.884345     0.00289917
            885       0.887166       0.884348      0.0028959
            886       0.895536       0.884361     0.00289265
            887       0.948746       0.884434      0.0028903
            888        0.92979       0.884485      0.0028875
            889       0.964204       0.884574     0.00288564
            890       0.936356       0.884632     0.00288298
            891       0.922374       0.884675     0.00288006
            892       0.847862       0.884634     0.00287712
            893       0.835138       0.884578     0.00287444
            894       0.940616       0.884641      0.0028719
            895       0.900872       0.884659     0.00286875
            896       0.957552        0.88474      0.0028667
            897       0.952314       0.884816     0.00286449
            898       0.911066       0.884845     0.00286145
            899       0.923534       0.884888     0.00285859
            900       0.774758       0.884766     0.00285803
            901       0.932284       0.884818     0.00285535
            902       0.960622       0.884902     0.00285342
            903       0.946012        0.88497     0.00285106
            904        0.96035       0.885053     0.00284912
            905       0.922884       0.885095     0.00284628
            906       0.876694       0.885086     0.00284315
            907       0.954684       0.885163     0.00284105
            908       0.946804        0.88523     0.00283873
            909       0.938494       0.885289     0.00283621
            910       0.923464       0.885331     0.00283341
            911       0.877532       0.885322     0.00283031
            912       0.900942        0.88534     0.00282725
            913       0.875202       0.885329     0.00282418
            914       0.957294       0.885407     0.00282218
            915       0.976146       0.885506     0.00282084
            916       0.947814       0.885574     0.00281858
            917       0.871838       0.885559     0.00281555
            918        0.89479        0.88557      0.0028125
            919       0.754464       0.885427     0.00281305
            920       0.703438       0.885229     0.00281695
            921       0.615946       0.884937     0.00282904
            922         0.8604        0.88491     0.00282609
            923       0.854044       0.884877     0.00282323
            924       0.934834       0.884931     0.00282069
            925       0.931086       0.884981     0.00281808
            926       0.928154       0.885027     0.00281542
            927       0.926036       0.885071     0.00281273
            928       0.951966       0.885144     0.00281062
            929        0.95156       0.885215      0.0028085
            930        0.95488        0.88529     0.00280648
            931       0.952452       0.885362     0.00280439
            932       0.927926       0.885408     0.00280176
            933       0.839302       0.885358     0.00279919
            934       0.929916       0.885406      0.0027966
            935         0.9501       0.885475     0.00279446
            936       0.946136        0.88554     0.00279223
            937       0.922296       0.885579     0.00278952
            938       0.894424       0.885589     0.00278656
            939       0.937678       0.885644     0.00278414
            940       0.789426       0.885542     0.00278306
            941       0.946422       0.885606     0.00278086
            942       0.795296       0.885511     0.00277956
            943       0.960644        0.88559     0.00277775
            944       0.923618       0.885631      0.0027751
            945        0.90303       0.885649     0.00277222
            946       0.915212        0.88568     0.00276947
            947       0.933898       0.885731     0.00276701
            948       0.784404       0.885624     0.00276615
            949       0.861944       0.885599     0.00276335
            950        0.87206       0.885585     0.00276048
            951       0.971644       0.885676     0.00275906
            952       0.909182         0.8857     0.00275627
            953       0.830226       0.885642     0.00275399
            954       0.938382       0.885697     0.00275166
            955       0.931286       0.885745     0.00274919
            956       0.661532       0.885511     0.00275631
            957       0.834152       0.885457     0.00275395
            958       0.912022       0.885485     0.00275121
            959        0.94958       0.885551     0.00274915
            960       0.946008       0.885614     0.00274701
            961       0.894246       0.885623     0.00274417
            962       0.873264       0.885611     0.00274134
            963       0.736604       0.885456     0.00274286
            964       0.968502       0.885542     0.00274137
            965       0.930142       0.885588     0.00273892
            966        0.90427       0.885607     0.00273615
            967        0.84983       0.885571     0.00273357
            968       0.843534       0.885527     0.00273109
            969       0.856628       0.885497     0.00272843
            970       0.930648       0.885544     0.00272601
            971       0.935848       0.885596      0.0027237
            972       0.836198       0.885545     0.00272137
            973       0.926548       0.885587      0.0027189
            974       0.715088       0.885412     0.00272174
            975       0.943524       0.885471      0.0027196
            976        0.94979       0.885537     0.00271761
            977       0.852208       0.885503     0.00271504
            978        0.92284       0.885541     0.00271253
            979       0.938442       0.885595      0.0027103
            980        0.94354       0.885655     0.00270818
            981       0.799966       0.885567     0.00270683
            982       0.902208       0.885584     0.00270412
            983       0.940768        0.88564     0.00270195
            984        0.90042       0.885655     0.00269925
            985       0.950574       0.885721     0.00269731
            986       0.811332       0.885646     0.00269563
            987       0.963852       0.885725     0.00269406
            988       0.958094       0.885798     0.00269233
            989       0.748564        0.88566     0.00269318
            990        0.84665        0.88562     0.00269075
            991        0.80029       0.885534     0.00268941
            992       0.964934       0.885614     0.00268789
            993       0.855968       0.885584     0.00268535
            994        0.93661       0.885636     0.00268314
            995       0.945972       0.885696     0.00268113
            996       0.866892       0.885677      0.0026785
            997       0.928582        0.88572     0.00267616
            998       0.381172       0.885215     0.00272086
            999       0.754824       0.885084     0.00272126
           1000       0.805912       0.885005     0.00271969
