            0.5           1000          20000              0
              1        3880.94        3880.94              0
              2        3844.21        3862.58         18.364
              3        3751.65         3825.6        38.4645
              4        3751.67        3807.12        32.8849
              5        3932.76        3832.25         35.781
              6        3346.04        3751.21        86.1393
              7        3661.43        3738.39        73.9223
              8        4053.45        3777.77        75.1623
              9        4042.97        3807.24        72.5416
             10        3397.53        3766.27        76.7358
             11        3393.94        3732.42        77.2232
             12        3886.29        3745.24        71.6515
             13        3871.12        3754.92        66.6173
             14        3697.52        3750.82        61.8118
             15        4188.34        3779.99        64.5137
             16        4003.03        3793.93        61.9361
             17        4113.16        3812.71        61.1342
             18        3558.58        3798.59        59.3418
             19        3133.73         3763.6        66.1456
             20        3768.52        3763.84        62.7517
             21        3107.96        3732.61        67.3664
             22        3331.16        3714.36         66.773
             23        3843.92           3720         64.052
             24        4089.42        3735.39        63.2274
             25        1752.59        3656.08        99.8414
             26        4013.07        3669.81        96.9022
             27        3760.16        3673.15        93.3042
             28        2960.84        3647.71          93.44
             29        3837.88        3654.27        90.3985
             30        3851.73        3660.85        87.5809
             31        3243.36        3647.39        85.7725
             32        3846.03        3653.59        83.2805
             33        3859.52        3659.83        80.9583
             34        2753.91        3633.19        82.9376
             35        3689.75        3634.81        80.5493
             36         3224.2         3623.4        79.1064
             37        3573.38        3622.05        76.9506
             38        3741.96         3625.2        74.9646
             39        3624.51        3625.19        73.0172
             40        3611.39        3624.84        71.1692
             41        3929.32        3632.27        69.8078
             42        3790.27        3636.03        68.2292
             43        4249.64         3650.3        68.1347
             44        3543.36        3647.87        66.6125
             45        3539.32        3645.46        65.1601
             46        3841.16        3649.71        63.8696
             47        3783.77        3652.56         62.561
             48        4098.44        3661.85        61.9442
             49         3467.9        3657.89        60.7959
             50         3668.7        3658.11        59.5679
             51        4206.18        3668.86         59.369
             52        3499.46         3665.6        58.3072
             53        3755.04        3667.29        57.2213
             54        3960.69        3672.72        56.4139
             55        4082.91        3680.18        55.8787
             56        3679.26        3680.16        54.8718
             57        3901.09        3684.04        54.0397
             58        3856.93        3687.02        53.1834
             59        3722.73        3687.62        52.2777
             60        2476.22        3667.43        55.2223
             61        3991.32        3672.74        54.5684
             62        3409.34        3668.49        53.8489
             63        3921.05         3672.5        53.1387
             64        3263.36        3666.11        52.6911
             65        4130.03        3673.25        52.3628
             66        3252.38        3666.87        51.9561
             67        4144.73           3674        51.6694
             68        3631.76        3673.38        50.9077
             69        4051.01        3678.86        50.4621
             70        3731.36        3679.61        49.7417
             71        2838.45        3667.76        50.4469
             72        3506.01        3665.51        49.7921
             73        3620.53         3664.9        49.1091
             74        4115.95        3670.99        48.8229
             75         3512.4        3668.88        48.2139
             76        3612.55        3668.13        47.5811
             77        3867.46        3670.72        47.0304
             78        3237.14        3665.16        46.7551
             79        3708.39        3665.71        46.1627
             80        3532.48        3664.05        45.6125
             81        3357.04        3660.26         45.205
             82        3839.22        3662.44        44.7036
             83        4088.21        3667.57        44.4587
             84        3077.83        3660.55        44.4837
             85         3413.5        3657.64        44.0533
             86         3902.8        3660.49        43.6312
             87        3158.79        3654.73        43.5106
             88        2824.33        3645.29        44.0363
             89        3597.18        3644.75         43.542
             90        3736.22        3645.76        43.0675
             91        3927.62        3648.86        42.7041
             92        4122.93        3654.02        42.5505
             93        3717.96         3654.7        42.0961
             94        2573.35         3643.2        43.2055
             95        3843.98        3645.31        42.8005
             96        3759.53         3646.5         42.369
             97        3350.99        3643.46        42.0405
             98        2561.72        3632.42        43.0485
             99        4168.03        3637.83        42.9535
            100        3463.58        3636.09        42.5575
            101         3832.5        3638.03        42.1789
            102        3498.97        3636.67        41.7856
            103        3466.43        3635.01        41.4109
            104        3434.47        3633.09        41.0561
            105        3777.31        3634.46        40.6864
            106         3666.4        3634.76        40.3019
            107         3804.5        3636.35        39.9549
            108        3790.03        3637.77        39.6088
            109        4025.74        3641.33        39.4048
            110        3168.74        3637.03        39.2806
            111         3466.7         3635.5        38.9554
            112        3919.04        3638.03        38.6889
            113        3771.68        3639.21        38.3632
            114        3376.27        3636.91        38.0951
            115        3806.62        3638.38        37.7912
            116        3848.48        3640.19        37.5078
            117        3839.86         3641.9         37.225
            118        3715.15        3642.52        36.9134
            119        3287.41        3639.54        36.7233
            120        3893.58        3641.65        36.4775
            121        3230.38        3638.25        36.3341
            122         4019.5        3641.38        36.1703
            123        3416.62        3639.55        35.9215
            124        3190.66        3635.93        35.8141
            125        3848.97        3637.64        35.5673
            126         3687.1        3638.03         35.286
            127        3538.72        3637.25        35.0158
            128        3396.96        3635.37        34.7919
            129        4269.73        3640.29        34.8696
            130        3916.58        3642.41        34.6655
            131        3714.06        3642.96        34.4042
            132        3818.43        3644.29        34.1685
            133        3241.57        3641.26        34.0455
            134        3497.86        3640.19        33.8074
            135        3054.02        3635.85        33.8358
            136        3716.61        3636.44        33.5914
            137        3626.77        3636.37        33.3453
            138        4059.45        3639.44        33.2445
            139        4102.08        3642.77        33.1719
            140        3334.09        3640.56        33.0078
            141        3504.94         3639.6         32.787
            142        3437.05        3638.17        32.5865
            143        3808.55        3639.36        32.3797
            144        3894.81        3641.14         32.203
            145         3923.8        3643.09        32.0395
            146        3784.74        3644.06        31.8341
            147        3738.22         3644.7        31.6233
            148        3771.04        3645.55        31.4205
            149        3945.02        3647.56        31.2735
            150           4119        3650.71        31.2229
            151         3585.6        3650.27        31.0184
            152        2857.09        3645.06        31.2524
            153        3315.98         3642.9        31.1219
            154        3638.39        3642.88        30.9192
            155        3595.47        3642.57        30.7206
            156        4060.13        3645.25        30.6402
            157        3922.26        3647.01        30.4955
            158        3853.25        3648.32        30.3299
            159        3447.77        3647.05         30.165
            160        3778.14        3647.87         29.987
            161           3654        3647.91        29.8002
            162        4043.26        3650.35        29.7161
            163        3703.85        3650.68         29.535
            164        3943.75        3652.47        29.4087
            165        4129.37        3655.36        29.3725
            166        3323.75        3653.36        29.2633
            167        3797.12        3654.22        29.1003
            168        4275.74        3657.92        29.1621
            169         4100.8        3660.54        29.1073
            170         3920.8        3662.07         28.976
            171        3721.38        3662.42        28.8082
            172         3870.1        3663.63        28.6656
            173        3764.74        3664.21        28.5054
            174        3915.82        3665.66         28.378
            175        3561.05        3665.06        28.2217
            176        3940.19        3666.62        28.1044
            177         3501.5        3665.69        27.9607
            178        3790.02        3666.39         27.812
            179        2958.18        3662.43        27.9378
            180         3604.4        3662.11         27.784
            181        3193.77        3659.52        27.7509
            182        3913.78        3660.92        27.6334
            183        2367.08        3653.85        28.3769
            184        3727.45        3654.25         28.225
            185        3945.07        3655.82         28.116
            186        3108.78        3652.88        28.1187
            187        3781.47        3653.57        27.9764
            188        3957.81        3655.19        27.8742
            189        3525.64         3654.5        27.7348
            190        3787.78         3655.2        27.5974
            191        4000.29        3657.01        27.5119
            192        3482.31         3656.1        27.3833
            193        3849.56         3657.1        27.2595
            194        3893.41        3658.32         27.146
            195        3884.71        3659.48        27.0314
            196        3792.21        3660.16        26.9016
            197        3844.22        3661.09         26.781
            198        3699.72        3661.29        26.6461
            199        3923.55         3662.6        26.5446
            200        3852.53        3663.55        26.4286
            201        3734.72        3663.91        26.2992
            202        3941.26        3665.28        26.2047
            203        3926.82        3666.57        26.1071
            204        3855.56         3667.5        25.9953
            205        3213.39        3665.28        25.9629
            206        3756.01        3665.72        25.8403
            207        3778.92        3666.27         25.721
            208         4081.5        3668.26        25.6747
            209        3893.31        3669.34        25.5743
            210        3655.35        3669.27        25.4523
            211        3427.95        3668.13        25.3572
            212        3330.94        3666.54        25.2873
            213        2949.13        3663.17        25.3927
            214        3919.17        3664.37        25.3021
            215        3766.24        3664.84        25.1886
            216        4000.79         3666.4        25.1199
            217        1840.94        3657.99         26.381
            218        3576.11        3657.61        26.2624
            219        3974.04        3659.05        26.1821
            220        3847.92        3659.91         26.077
            221        3687.16        3660.04         25.959
            222        3195.37        3657.94        25.9264
            223        2463.66        3652.59        26.3597
            224        3814.64        3653.31        26.2517
            225        3810.16        3654.01        26.1441
            226        3867.64        3654.95        26.0453
            227        3954.14        3656.27        25.9638
            228        3163.91        3654.11        25.9397
            229        3436.08        3653.16        25.8437
            230        3910.31        3654.28        25.7554
            231        3600.75        3654.05        25.6447
            232        3780.74        3654.59        25.5398
            233        3893.46        3655.62        25.4506
            234        3801.88        3656.24        25.3493
            235        3671.87        3656.31        25.2413
            236        3929.78        3657.47        25.1608
            237        3933.15        3658.63        25.0814
            238        3599.95        3658.38         24.977
            239        4064.94        3660.09        24.9304
            240        4213.84        3662.39        24.9333
            241        3630.89        3662.26        24.8299
            242        3767.91         3662.7         24.731
            243        3152.09         3660.6        24.7185
            244        3920.79        3661.66          24.64
            245        4032.28        3663.18        24.5858
            246        3697.26        3663.32        24.4861
            247        3325.07        3661.95        24.4252
            248        3352.41         3660.7        24.3585
            249        3437.64         3659.8         24.277
            250        3352.62        3658.57        24.2109
            251        3799.61        3659.13        24.1208
            252        3588.37        3658.85        24.0265
            253        4064.72        3660.46        23.9851
            254        4096.54        3662.18        23.9521
            255        3984.92        3663.44        23.8915
            256        3583.35        3663.13           23.8
            257        3913.41         3664.1        23.7272
            258        4106.47        3665.82        23.6972
            259         2147.6        3659.95        24.3225
            260         4287.4        3662.37        24.3486
            261        3915.69        3663.34        24.2746
            262        3457.73        3662.55        24.1945
            263         3768.2        3662.96        24.1057
            264        3764.02        3663.34        24.0172
            265        3443.58        3662.51        23.9408
            266        3046.08        3660.19        23.9629
            267        3828.55        3660.82        23.8813
            268        3623.78        3660.68        23.7925
            269        4147.55        3662.49        23.7729
            270        3962.63        3663.61        23.7107
            271        4046.52        3665.02        23.6653
            272        3188.42        3663.27        23.6431
            273        3856.36        3663.97         23.567
            274        3693.15        3664.08        23.4811
            275        3952.22        3665.13         23.419
            276        4040.71        3666.49        23.3736
            277         3656.1        3666.45        23.2891
            278        3264.49        3665.01        23.2502
            279        3716.01        3665.19        23.1674
            280        2846.86        3662.27        23.2688
            281        3846.06        3662.92        23.1951
            282        3804.72        3663.42        23.1181
            283        3517.85        3662.91         23.042
            284        3935.81        3663.87        22.9809
            285        4020.78        3665.12        22.9343
            286        2988.42        3662.76        22.9761
            287        3734.06           3663        22.8973
            288        3957.12        3664.02        22.8405
            289        2615.39         3660.4        23.0487
            290        3882.03        3661.16        22.9818
            291        3286.02        3659.87         22.939
            292        3787.18        3660.31        22.8644
            293        3568.09        3659.99        22.7884
            294        3826.54        3660.56        22.7178
            295        3925.17        3661.46        22.6585
            296        3795.34        3661.91        22.5863
            297        3860.11        3662.58          22.52
            298         4153.6        3664.22        22.5047
            299        2108.48        3659.02        23.0249
            300        3105.24        3657.17        23.0222
            301        3518.09        3656.71        22.9502
            302         3771.6        3657.09        22.8773
            303        2963.37         3654.8        22.9163
            304        3881.69        3655.55         22.853
            305        3559.63        3655.24        22.7801
            306        2612.13        3651.83          22.96
            307        3727.39        3652.07        22.8864
            308        3819.61        3652.62        22.8185
            309        3490.38        3652.09        22.7506
            310        3950.16        3653.05        22.6974
            311        3508.69        3652.59        22.6291
            312        3275.82        3651.38        22.5888
            313        3159.48        3649.81        22.5712
            314        3925.72        3650.69        22.5164
            315        3936.11        3651.59        22.4631
            316         3664.9        3651.64        22.3919
            317        3006.44         3649.6        22.4138
            318        3977.74        3650.63         22.367
            319        3956.46        3651.59        22.3174
            320        3403.15        3650.82        22.2611
            321        3497.42        3650.34        22.1968
            322        3945.14        3651.25        22.1466
            323        3500.61        3650.79        22.0829
            324        3850.61         3651.4        22.0233
            325        3689.28        3651.52        21.9557
            326        3878.32        3652.22        21.8993
            327        3767.77        3652.57        21.8351
            328         3773.2        3652.94        21.7715
            329        3462.79        3652.36         21.713
            330        3794.61        3652.79        21.6514
            331        3282.75        3651.67        21.6148
            332        3789.88        3652.09        21.5536
            333        2956.26           3650        21.5901
            334        3743.69        3650.28        21.5272
            335        3250.82        3649.09         21.496
            336        3837.55        3649.65        21.4392
            337        3778.56        3650.03        21.3789
            338        4201.59        3651.66         21.378
            339         3889.6        3652.36        21.3264
            340        3416.33        3651.67        21.2749
            341        3996.85        3652.68        21.2365
            342        3874.48        3653.33        21.1843
            343        3862.67        3653.94        21.1312
            344         2818.2        3651.51        21.2093
            345        3887.86         3652.2        21.1588
            346        3714.51        3652.38        21.0984
            347        3972.26         3653.3        21.0577
            348        3581.48        3653.09        20.9981
            349        3803.34        3653.52        20.9423
            350        2614.71        3650.55        21.0922
            351        4046.02        3651.68        21.0622
            352        2371.58        3648.04        21.3148
            353        3364.26        3647.24        21.2695
            354        3789.71        3647.64        21.2132
            355        3800.45        3648.07        21.1577
            356        3800.25         3648.5        21.1025
            357        2225.95        3644.52        21.4173
            358        3598.78        3644.39        21.3578
            359        3300.13        3643.43        21.3198
            360        3762.05        3643.76         21.263
            361        3970.91        3644.67        21.2234
            362        4102.42        3645.93        21.2024
            363        4101.49        3647.18        21.1811
            364        4211.65        3648.74        21.1797
            365        3811.26        3649.18        21.1263
            366        4005.14        3650.15        21.0909
            367         2056.7        3645.81        21.4768
            368        3345.37        3644.99         21.434
            369        3707.44        3645.16        21.3765
            370        3566.89        3644.95        21.3197
            371        3753.24        3645.24        21.2641
            372        3943.89        3646.05        21.2221
            373        4151.74         3647.4        21.2085
            374        3502.86        3647.02        21.1552
            375        3305.18        3646.11        21.1184
            376        3725.86        3646.32        21.0632
            377         3889.6        3646.96        21.0172
            378        3910.47        3647.66        20.9731
            379        3768.83        3647.98        20.9202
            380        2701.87        3645.49        21.0131
            381        3945.21        3646.28        20.9726
            382        3936.52        3647.04        20.9314
            383        4095.21        3648.21        20.9095
            384        4039.89        3649.23        20.8799
            385        3651.78        3649.23        20.8256
            386        4025.85        3650.21        20.7944
            387        3834.39        3650.68        20.7461
            388           3768        3650.99        20.6948
            389        3212.54        3649.86        20.6722
            390        3994.33        3650.74        20.6381
            391        3446.15        3650.22        20.5919
            392        3826.91        3650.67        20.5442
            393         3583.3         3650.5        20.4926
            394        3973.74        3651.32         20.457
            395        3508.35        3650.96        20.4083
            396        4045.99        3651.95        20.3812
            397         3858.1        3652.47        20.3364
            398        3346.53        3651.71        20.2998
            399        3797.89        3652.07        20.2522
            400        3633.69        3652.03        20.2015
            401        3595.82        3651.89        20.1516
            402        3865.11        3652.42        20.1084
            403        3569.37        3652.21        20.0595
            404        3080.24        3650.79        20.0598
            405         3743.1        3651.02        20.0115
            406        3550.46        3650.77        19.9637
            407        3885.73        3651.35        19.9229
            408        3739.11        3651.57        19.8752
            409        4107.31        3652.68        19.8578
            410        3942.87        3653.39         19.822
            411        3348.81        3652.65        19.7876
            412        3903.08        3653.26        19.7488
            413        3774.62        3653.55        19.7032
            414        4065.07        3654.54        19.6806
            415        4002.12        3655.38         19.651
            416        3555.93        3655.14        19.6052
            417         3041.8        3653.67        19.6133
            418        3771.91        3653.95        19.5684
            419        2743.12        3651.78        19.6423
            420        3992.13        3652.59        19.6122
            421        3765.16        3652.86        19.5674
            422        3958.85        3653.58        19.5344
            423        2924.72        3651.86        19.5642
            424        3136.71        3650.65        19.5558
            425        3966.64        3651.39        19.5239
            426        4119.93        3652.49        19.5091
            427        3797.57        3652.83        19.4663
            428        3893.53        3653.39        19.4289
            429        3796.11        3653.72        19.3864
            430         3999.9        3654.53         19.358
            431        3844.85        3654.97        19.3181
            432         3869.9        3655.47        19.2797
            433        3740.12        3655.66        19.2362
            434        3850.02        3656.11         19.197
            435        4187.43        3657.33        19.1917
            436        3157.54        3656.19        19.1819
            437        3133.98        3654.99        19.1753
            438         3264.3         3654.1        19.1522
            439        4263.26        3655.49        19.1589
            440        3687.27        3655.56        19.1154
            441        3632.45        3655.51        19.0721
            442        3702.69        3655.61        19.0292
            443         3185.8        3654.55        19.0158
            444        3220.33        3653.57        18.9981
            445        4053.59        3654.47        18.9767
            446         3507.7        3654.14        18.9369
            447        3851.23        3654.59        18.8996
            448        3530.86        3654.31        18.8594
            449        3882.96        3654.82        18.8243
            450        3743.62        3655.02        18.7834
            451        4055.43         3655.9        18.7628
            452        3164.79        3654.82        18.7527
            453        3945.29        3655.46        18.7222
            454        4024.98        3656.27        18.6987
            455        3607.98        3656.17        18.6578
            456        3991.94         3656.9        18.6314
            457        3583.95        3656.74        18.5913
            458        3589.69         3656.6        18.5513
            459        3556.37        3656.38        18.5121
            460         3981.8        3657.09        18.4853
            461        3519.79        3656.79        18.4476
            462        3765.62        3657.02        18.4091
            463        2772.66        3655.11        18.4684
            464        2598.46        3652.84        18.5687
            465        3907.81        3653.38        18.5368
            466        4085.59        3654.31        18.5202
            467        3789.51         3654.6        18.4828
            468           3367        3653.99        18.4535
            469         4113.4        3654.97        18.4402
            470        2921.74        3653.41        18.4669
            471        4070.77        3654.29        18.4489
            472        3825.61        3654.66        18.4134
            473        3867.15         3655.1        18.3799
            474        3987.78        3655.81        18.3545
            475        3452.66        3655.38        18.3208
            476        3906.37        3655.91        18.2899
            477        3773.03        3656.15        18.2532
            478        3909.56        3656.68        18.2227
            479        2765.82        3654.82        18.2794
            480        2922.84         3653.3        18.3049
            481        3899.09        3653.81         18.274
            482        3769.72        3654.05        18.2376
            483        3641.89        3654.02        18.1998
            484        4043.23        3654.83          18.18
            485        4012.61        3655.57        18.1575
            486        3366.76        3654.97        18.1298
            487        3950.62        3655.58        18.1027
            488        3123.76        3654.49        18.0984
            489        3894.41        3654.98         18.068
            490        3524.02        3654.71        18.0331
            491        3957.99        3655.33        18.0069
            492        3122.87        3654.25        18.0029
            493        3705.08        3654.35        17.9666
            494        3749.81        3654.54        17.9312
            495        3641.04        3654.52         17.895
            496        3755.95        3654.72        17.8601
            497        4044.07         3655.5        17.8413
            498        3884.18        3655.96        17.8114
            499         3970.2        3656.59        17.7868
            500        3497.09        3656.27         17.754
            501        3673.35        3656.31        17.7186
            502         3632.3        3656.26        17.6833
            503        3708.55        3656.36        17.6484
            504        3998.01        3657.04        17.6264
            505        3026.94        3655.79        17.6357
            506        3269.75        3655.03        17.6173
            507        3914.27        3655.54          17.59
            508        4002.75        3656.23        17.5686
            509        3447.77        3655.82        17.5388
            510        4101.39        3656.69        17.5262
            511        3989.57        3657.34         17.504
            512        3745.49        3657.51        17.4706
            513        3830.65        3657.85        17.4398
            514        3764.17        3658.06        17.4071
            515        4079.09        3658.88        17.3925
            516        3914.07        3659.37        17.3658
            517        3694.63        3659.44        17.3323
            518        3483.54         3659.1        17.3021
            519        3308.85        3658.42        17.2819
            520         3483.8        3658.09        17.2519
            521        3466.39        3657.72        17.2227
            522        3440.26         3657.3        17.1947
            523        4301.56        3658.54         17.206
            524        3622.77        3658.47        17.1733
            525        3446.66        3658.06        17.1453
            526        3450.67        3657.67        17.1172
            527        3858.11        3658.05        17.0889
            528        3954.06        3658.61        17.0657
            529        3803.75        3658.88        17.0356
            530        3753.23        3659.06        17.0044
            531         3957.6        3659.63        16.9817
            532        3576.27        3659.47        16.9504
            533        3795.63        3659.72        16.9205
            534        4313.58        3660.95        16.9331
            535        3458.94        3660.57        16.9057
            536         3221.9        3659.75        16.8939
            537        3173.04        3658.85        16.8868
            538         3866.3        3659.23        16.8598
            539        3975.43        3659.82        16.8387
            540        3731.82        3659.95         16.808
            541        3300.48        3659.29        16.7901
            542        3979.46        3659.88        16.7695
            543        4022.86        3660.55        16.7519
            544        4025.94        3661.22        16.7346
            545        3944.67        3661.74        16.7119
            546        3557.34        3661.55        16.6824
            547        4022.06        3662.21        16.6649
            548        3760.28        3662.38        16.6354
            549        3838.51        3662.71        16.6082
            550        4025.55        3663.37        16.5911
            551        3908.92        3663.81        16.5669
            552        3571.08        3663.64        16.5378
            553        3722.58        3663.75        16.5082
            554        3186.42        3662.89        16.5009
            555        3983.94        3663.47        16.4813
            556        3307.98        3662.83         16.464
            557        3996.26        3663.43        16.4453
            558        3556.58        3663.23        16.4169
            559        4111.01        3664.04        16.4071
            560        4160.18        3664.92        16.4017
            561        3000.93        3663.74        16.4152
            562        3699.18         3663.8        16.3861
            563        3432.32        3663.39        16.3621
            564        3410.96        3662.94        16.3392
            565        3829.79        3663.24        16.3129
            566        3804.36        3663.49         16.286
            567        2739.78        3661.86        16.3387
            568        3393.88        3661.39        16.3167
            569        3970.85        3661.93        16.2971
            570        3555.76        3661.74        16.2695
            571        3656.01        3661.73         16.241
            572        3912.22        3662.17        16.2185
            573        2748.66        3660.58        16.2685
            574        3784.37        3660.79        16.2415
            575        3670.65        3660.81        16.2133
            576        3526.14        3660.58        16.1868
            577        3968.63        3661.11        16.1675
            578           3565        3660.94        16.1404
            579        3709.86        3661.03        16.1127
            580        3968.24        3661.56        16.0936
            581        3148.55        3660.67        16.0902
            582        3458.23        3660.33        16.0663
            583        3582.65        3660.19        16.0392
            584         3786.7        3660.41        16.0132
            585        3896.91        3660.81        15.9909
            586        3427.99        3660.42        15.9686
            587        3727.81        3660.53        15.9417
            588         3686.5        3660.58        15.9147
            589        4049.14        3661.24        15.9013
            590        3692.79        3661.29        15.8744
            591        3591.67        3661.17         15.848
            592        3635.29        3661.13        15.8212
            593         3019.7        3660.05        15.8315
            594        3958.25        3660.55        15.8128
            595        3434.52        3660.17        15.7908
            596        3801.02         3660.4        15.7661
            597        3922.67        3660.84        15.7458
            598        2238.47        3658.47        15.8983
            599        3502.47        3658.21        15.8739
            600        3867.39        3658.55        15.8513
            601        4024.88        3659.16        15.8366
            602        3179.23        3658.37        15.8304
            603        4036.88        3658.99        15.8166
            604        3875.12        3659.35        15.7944
            605        3602.27        3659.26        15.7686
            606        3749.38        3659.41        15.7432
            607        3770.27        3659.59        15.7183
            608         3806.9        3659.83        15.6943
            609        4084.09        3660.53         15.684
            610        3430.25        3660.15        15.6628
            611        3861.63        3660.48        15.6406
            612        3734.95         3660.6        15.6155
            613        3963.33         3661.1        15.5979
            614        4038.91        3661.71        15.5846
            615        4167.53        3662.53         15.581
            616        3704.49         3662.6        15.5558
            617        3102.08        3661.69        15.5571
            618        2728.89        3660.18        15.6051
            619         3746.8        3660.32        15.5805
            620        3468.48        3660.01        15.5584
            621        3568.84        3659.87         15.534
            622        3810.39        3660.11        15.5109
            623        3501.97        3659.86        15.4881
            624        3541.01        3659.66        15.4644
            625        4240.62        3660.59        15.4676
            626        3698.98        3660.66         15.443
            627        3870.09        3660.99         15.422
            628        3333.27        3660.47        15.4062
            629        4241.16        3661.39        15.4094
            630        4114.47        3662.11        15.4017
            631        3418.02        3661.72        15.3822
            632        3864.83        3662.04        15.3612
            633        3921.17        3662.45        15.3423
            634        3554.73        3662.28        15.3191
            635         3997.2        3662.81         15.304
            636        4028.26        3663.39        15.2907
            637        3920.05        3663.79         15.272
            638        3263.16        3663.16         15.261
            639        3961.61        3663.63        15.2442
            640        1871.73        3660.83        15.4758
            641        3698.52        3660.89        15.4517
            642        3782.04        3661.08        15.4288
            643        3479.42        3660.79        15.4074
            644        4136.08        3661.53        15.4011
            645         4064.7        3662.16        15.3899
            646        3665.45        3662.16        15.3661
            647        3861.72        3662.47        15.3454
            648        3511.54        3662.24        15.3235
            649        3441.88         3661.9        15.3036
            650           3620        3661.83        15.2802
            651        4050.42        3662.43        15.2684
            652        4052.24        3663.03        15.2567
            653        3819.84        3663.27        15.2352
            654        3616.34         3663.2         15.212
            655           3510        3662.96        15.1906
            656        3810.28        3663.19        15.1691
            657        3807.27        3663.41        15.1476
            658        3806.52        3663.62        15.1261
            659        3988.84        3664.12        15.1112
            660         3857.8        3664.41        15.0911
            661         3783.8        3664.59        15.0694
            662        4023.44        3665.13        15.0563
            663        3840.79         3665.4        15.0359
            664         3906.4        3665.76        15.0177
            665        3922.26        3666.15             15
            666        3539.74        3665.96        14.9787
            667        3608.08        3665.87        14.9565
            668        3945.44        3666.29        14.9399
            669        3788.38        3666.47        14.9187
            670        3766.94        3666.62        14.8972
            671        4132.65        3667.32        14.8911
            672        2988.52        3666.31        14.9032
            673        3917.88        3666.68        14.8858
            674        3858.04        3666.96        14.8664
            675        3497.01        3666.71        14.8465
            676        3930.52         3667.1        14.8296
            677        4050.22        3667.67        14.8185
            678        3918.17        3668.04        14.8013
            679        4188.08         3668.8        14.7993
            680        3719.21        3668.88        14.7777
            681         3930.4        3669.26         14.761
            682        3599.89        3669.16        14.7397
            683        3458.19        3668.85        14.7213
            684        3132.12        3668.07        14.7207
            685        3861.98        3668.35        14.7019
            686         3497.4         3668.1        14.6826
            687        3693.88        3668.14        14.6612
            688        4092.82        3668.75        14.6529
            689         3755.8        3668.88        14.6322
            690        3751.89           3669        14.6115
            691        3824.94        3669.23         14.592
            692        3720.79         3669.3        14.5711
            693        3725.26        3669.38        14.5503
            694        3902.15        3669.72        14.5332
            695        3553.62        3669.55        14.5132
            696        3780.07        3669.71        14.4932
            697        3432.87        3669.37        14.4764
            698        4034.37        3669.89        14.4651
            699        4003.75        3670.37        14.4523
            700        3854.63        3670.63        14.4341
            701        3913.67        3670.98        14.4176
            702        2261.66        3668.97        14.5364
            703        3784.52        3669.14        14.5166
            704        3902.56        3669.47        14.4998
            705        4131.87        3670.12         14.494
            706        3616.81        3670.05        14.4737
            707        3848.19         3670.3        14.4554
            708        3953.29         3670.7        14.4405
            709        3565.13        3670.55        14.4209
            710        3109.11        3669.76        14.4222
            711        3709.46        3669.82        14.4021
            712        3798.76           3670         14.383
            713        3985.61        3670.44        14.3696
            714        3581.15        3670.32          14.35
            715        3493.26        3670.07         14.332
            716        3203.28        3669.42        14.3269
            717        3214.82        3668.78        14.3209
            718        3919.04        3669.13        14.3052
            719        4139.02        3669.78        14.3002
            720         4072.5        3670.34        14.2913
            721        3651.37        3670.32        14.2715
            722        3770.74        3670.46        14.2524
            723        3660.53        3670.44        14.2327
            724        3994.26        3670.89          14.22
            725        3649.25        3670.86        14.2004
            726        3005.74        3669.94        14.2104
            727        3497.86        3669.71        14.1928
            728        3955.33         3670.1        14.1788
            729        3989.05        3670.54         14.166
            730         3572.1         3670.4        14.1473
            731        3734.81        3670.49        14.1282
            732        3648.15        3670.46        14.1089
            733        3755.02        3670.57        14.0901
            734         4030.3        3671.06        14.0794
            735        3935.42        3671.42        14.0649
            736        3646.53        3671.39        14.0458
            737        3793.17        3671.56        14.0277
            738        2721.59        3670.27        14.0677
            739        3253.77        3669.71        14.0599
            740        3785.83        3669.86        14.0418
            741        3646.89        3669.83        14.0229
            742        3315.54        3669.35        14.0121
            743        3476.66        3669.09        13.9956
            744        3866.21        3669.36        13.9793
            745        3843.53        3669.59        13.9625
            746        3828.71        3669.81        13.9454
            747        3671.79        3669.81        13.9267
            748        3909.27        3670.13        13.9118
            749        3920.44        3670.46        13.8972
            750        3672.27        3670.47        13.8787
            751        3508.85        3670.25        13.8618
            752        3333.85         3669.8        13.8506
            753        4048.17        3670.31        13.8413
            754        4303.27        3671.15        13.8484
            755        2897.52        3670.12         13.868
            756        3932.38        3670.47         13.854
            757        3689.87        3670.49        13.8357
            758        3777.92        3670.63        13.8181
            759        3811.35        3670.82        13.8012
            760        3510.44        3670.61        13.7846
            761        3030.76        3669.77        13.7921
            762        3300.55        3669.28        13.7826
            763        3776.53        3669.42        13.7652
            764        3617.48        3669.36        13.7473
            765        3186.66        3668.73        13.7438
            766         3745.8        3668.83        13.7263
            767        3708.09        3668.88        13.7084
            768        2847.15        3667.81        13.7323
            769        4277.66         3668.6        13.7374
            770        4234.44        3669.34        13.7392
            771        3321.24        3668.88        13.7288
            772        3766.54        3669.01        13.7116
            773        3744.81        3669.11        13.6942
            774        4001.38        3669.54        13.6832
            775        3231.74        3668.97        13.6772
            776        3854.36        3669.21        13.6617
            777         3738.2         3669.3        13.6444
            778        3137.73        3668.62        13.6439
            779         3997.7        3669.04        13.6329
            780        3662.83        3669.03        13.6155
            781        3689.98        3669.06         13.598
            782        3664.09        3669.05        13.5806
            783        3532.35        3668.88        13.5644
            784        3948.95        3669.23        13.5518
            785        3838.07        3669.45        13.5362
            786        3711.18         3669.5        13.5191
            787        3979.36         3669.9        13.5077
            788        3826.02        3670.09         13.492
            789        3776.73        3670.23        13.4755
            790        2812.43        3669.14        13.5022
            791        3970.41        3669.52        13.4905
            792        3719.54        3669.59        13.4736
            793        2364.64        3667.94        13.5568
            794        3918.29        3668.26        13.5434
            795        3456.03        3667.99         13.529
            796        3395.46        3667.65        13.5163
            797        3914.62        3667.96        13.5029
            798        3968.69        3668.34        13.4913
            799        3820.25        3668.53        13.4757
            800         3001.9        3667.69        13.4846
            801        3740.07        3667.78        13.4681
            802        2647.12        3666.51        13.5113
            803        3681.97        3666.53        13.4945
            804        3441.87        3666.25        13.4806
            805        3933.05        3666.58        13.4679
            806        3960.22        3666.95        13.4562
            807        2338.67         3665.3        13.5399
            808        3601.63        3665.22        13.5233
            809        3470.08        3664.98        13.5088
            810        3901.66        3665.27        13.4953
            811        3595.99        3665.19        13.4789
            812        4293.84        3665.96        13.4845
            813        3359.58        3665.58        13.4732
            814        3761.59         3665.7        13.4571
            815        3359.49        3665.33        13.4459
            816        3551.96        3665.19        13.4301
            817        3877.51        3665.45        13.4162
            818        4037.48         3665.9        13.4075
            819        3641.14        3665.87        13.3911
            820        3421.12        3665.57        13.3781
            821        3324.35        3665.16        13.3683
            822         3709.2        3665.21        13.3521
            823         3408.6         3664.9        13.3395
            824        3575.77        3664.79        13.3238
            825        3974.87        3665.17        13.3129
            826        3505.47        3664.97        13.2982
            827        3545.46        3664.83        13.2829
            828        3541.75        3664.68        13.2677
            829        4162.67        3665.28        13.2653
            830        3522.03        3665.11        13.2504
            831        3998.95        3665.51        13.2405
            832        2550.65        3664.17        13.2923
            833        4247.99        3664.87        13.2948
            834        3478.65        3664.65        13.2808
            835         3923.6        3664.96        13.2685
            836        3727.67        3665.03        13.2528
            837        3382.94         3664.7        13.2412
            838        3895.17        3664.97        13.2283
            839        4042.41        3665.42        13.2202
            840        3581.36        3665.32        13.2048
            841        3802.77        3665.48        13.1901
            842        3712.33        3665.54        13.1746
            843        3568.27        3665.42        13.1594
            844        3870.06        3665.67        13.1461
            845        3645.06        3665.64        13.1305
            846        3625.11        3665.59        13.1151
            847        3709.66        3665.65        13.0997
            848        3025.39        3664.89         13.106
            849        3841.78         3665.1        13.0922
            850        3927.47        3665.41        13.0804
            851        4163.51        3665.99        13.0782
            852        3652.53        3665.98        13.0628
            853         3699.4        3666.02        13.0475
            854        3810.08        3666.19        13.0333
            855        3036.31        3665.45        13.0389
            856        3450.74         3665.2        13.0261
            857        3237.25         3664.7        13.0205
            858        3219.44        3664.18        13.0156
            859        3788.26        3664.32        13.0013
            860           3824        3664.51        12.9875
            861         2512.5        3663.17        13.0412
            862        3916.29        3663.47        13.0294
            863        3453.81        3663.22        13.0165
            864        3925.75        3663.53         13.005
            865        3852.09        3663.74        12.9918
            866        3476.83        3663.53        12.9786
            867         3959.3        3663.87        12.9681
            868        3916.52        3664.16        12.9564
            869        4005.15        3664.55        12.9474
            870        3768.88        3664.67        12.9331
            871        1991.65        3662.75        13.0603
            872        3908.27        3663.03        13.0483
            873        3868.45        3663.27        13.0355
            874        3413.54        3662.98        13.0237
            875        4212.09        3663.61        13.0239
            876        3911.49        3663.89        13.0121
            877        2626.74        3662.71         13.051
            878        3339.12        3662.34        13.0413
            879        3826.19        3662.53        13.0278
            880        4033.59        3662.95        13.0198
            881        3999.39        3663.33        13.0106
            882        3889.29        3663.59        12.9984
            883         4310.4        3664.32        13.0043
            884        3713.68        3664.38        12.9897
            885        3783.87        3664.51        12.9757
            886        3783.01        3664.65        12.9618
            887        2853.41        3663.73        12.9794
            888        3761.62        3663.84        12.9653
            889        4227.53        3664.48        12.9662
            890        3516.24        3664.31        12.9527
            891        3854.32        3664.52        12.9399
            892         3949.5        3664.84        12.9293
            893        3816.88        3665.01         12.916
            894        3830.48         3665.2        12.9028
            895        3545.37        3665.06        12.8891
            896        4016.67        3665.46        12.8807
            897        3848.29        3665.66        12.8679
            898        3276.55        3665.23        12.8609
            899        3896.78        3665.48        12.8492
            900        3759.12        3665.59        12.8353
            901        3999.38        3665.96        12.8264
            902        3560.24        3665.84        12.8127
            903        3937.62        3666.14        12.8021
            904        3714.64         3666.2         12.788
            905        3323.32        3665.82        12.7795
            906        4051.57        3666.24        12.7725
            907        3084.13         3665.6        12.7745
            908        4220.91        3666.21        12.7751
            909        3729.69        3666.28        12.7612
            910        3888.94        3666.53        12.7495
            911        3984.93        3666.88        12.7403
            912        3953.09        3667.19        12.7302
            913        4019.03        3667.58        12.7221
            914        4243.86        3668.21        12.7238
            915        4088.93        3668.67        12.7182
            916         3856.2        3668.87         12.706
            917        3391.88        3668.57        12.6957
            918        4040.66        3668.97        12.6883
            919        3566.23        3668.86         12.675
            920         3435.6        3668.61        12.6638
            921        3971.36        3668.94        12.6543
            922        3576.46        3668.84        12.6409
            923        3803.22        3668.98        12.6281
            924        3583.08        3668.89        12.6147
            925        3695.23        3668.92        12.6011
            926        3309.76        3668.53        12.5935
            927        3835.16        3668.71        12.5812
            928        3327.51        3668.34         12.573
            929        3794.68        3668.48        12.5602
            930           3418        3668.21        12.5496
            931        4174.18        3668.75        12.5479
            932        3798.75        3668.89        12.5352
            933         3886.4        3669.13        12.5239
            934         2672.6        3668.06        12.5559
            935        4067.22        3668.49        12.5497
            936        3499.15         3668.3        12.5376
            937        3843.71        3668.49        12.5256
            938        3909.45        3668.75        12.5149
            939        2175.03        3667.16        12.6024
            940        3935.74        3667.44        12.5922
            941        3035.49        3666.77        12.5967
            942        2802.31        3665.85        12.6167
            943        3751.17        3665.94        12.6037
            944        3612.24        3665.89        12.5905
            945        3967.11        3666.21        12.5812
            946        3826.37        3666.38         12.569
            947        3506.58        3666.21        12.5569
            948        3982.08        3666.54         12.548
            949         3623.5        3666.49        12.5349
            950        3593.18        3666.42        12.5219
            951        3328.55        3666.06        12.5138
            952        3966.59        3666.38        12.5046
            953        4133.09        3666.87        12.5011
            954        2319.83        3665.46        12.5675
            955        3800.25         3665.6        12.5552
            956        3843.81        3665.78        12.5434
            957        4117.97        3666.26        12.5392
            958        4042.42        3666.65        12.5323
            959        3277.41        3666.24        12.5258
            960        2312.48        3664.83        12.5919
            961         3708.7        3664.88        12.5789
            962           3637        3664.85        12.5658
            963        2925.11        3664.08        12.5763
            964        3956.36        3664.38        12.5669
            965        3354.96        3664.06        12.5579
            966        3947.37        3664.36        12.5484
            967        3053.12        3663.72        12.5513
            968        3554.05        3663.61        12.5388
            969        3586.73        3663.53        12.5262
            970        4077.18        3663.96        12.5205
            971        3113.22        3663.39        12.5204
            972        4150.72        3663.89        12.5176
            973           3662        3663.89        12.5047
            974        3567.93        3663.79        12.4923
            975        3673.81         3663.8        12.4795
            976        2676.12        3662.79        12.5077
            977        4156.48         3663.3        12.5051
            978        3970.11        3663.61        12.4962
            979        3688.83        3663.64        12.4835
            980        4158.53        3664.14         12.481
            981        4135.06        3664.62        12.4775
            982        3611.12        3664.57        12.4649
            983        3659.85        3664.56        12.4522
            984        4045.49        3664.95        12.4455
            985        2688.24        3663.96        12.4724
            986        3812.45        3664.11        12.4606
            987        2762.74        3663.19        12.4815
            988        3675.14        3663.21        12.4688
            989        3911.57        3663.46        12.4587
            990        3567.41        3663.36        12.4465
            991        3622.82        3663.32         12.434
            992        3741.94         3663.4        12.4217
            993         3599.6        3663.33        12.4094
            994        3138.08        3662.81        12.4082
            995        3632.03        3662.77        12.3957
            996        3912.45        3663.03        12.3858
            997        3950.53        3663.31        12.3767
            998        3429.94        3663.08        12.3665
            999        3754.97        3663.17        12.3545
           1000         3749.5        3663.26        12.3424
