            0.5           1000          20000              0
              1        0.08744        0.08744              0
              2        0.15275       0.120095       0.032655
              3       0.033404       0.091198      0.0345034
              4      -0.089776      0.0459545      0.0514025
              5       0.121088      0.0609812      0.0425574
              6       0.318148       0.103842       0.055177
              7       0.016338      0.0913417      0.0482795
              8      -0.000234      0.0798948      0.0433499
              9        0.02565      0.0738676      0.0387032
             10       0.390672       0.105548      0.0469255
             11       0.398922       0.132218      0.0501293
             12       0.112156       0.130546      0.0457921
             13      -0.028108       0.118342      0.0438549
             14       0.104586        0.11736      0.0406137
             15       -0.04214       0.106726      0.0392761
             16      -0.186872      0.0883765       0.041067
             17      -0.159482      0.0737966      0.0412391
             18       0.078852      0.0740774      0.0388816
             19       0.420206      0.0922947      0.0410428
             20      -0.103334      0.0825133      0.0401465
             21       0.422022      0.0986804      0.0414682
             22       0.342584       0.109767      0.0410633
             23      -0.137844      0.0990012      0.0406875
             24       0.119414      0.0998518      0.0389646
             25       0.623206       0.120786      0.0428371
             26      -0.010626       0.115732      0.0414658
             27       0.206936        0.11911      0.0400432
             28      -0.419884      0.0998598      0.0431217
             29       0.070538      0.0988487      0.0416204
             30      -0.116172      0.0916813       0.040843
             31        0.27412      0.0975665      0.0399394
             32       0.170846      0.0998564      0.0387389
             33      -0.044868      0.0954708       0.037802
             34        0.52465       0.108094      0.0387849
             35        0.30825       0.113813      0.0380922
             36       0.348454        0.12033      0.0375883
             37       0.305268       0.125329      0.0368984
             38      -0.256476       0.115281      0.0372933
             39       0.176754       0.116857      0.0363586
             40       0.246156        0.12009      0.0355851
             41      -0.194772        0.11241      0.0355458
             42       0.020964       0.110233      0.0347575
             43       0.086564       0.109683       0.033944
             44       -0.32166      0.0998793      0.0345821
             45       0.216314       0.102467      0.0339038
             46       0.092042        0.10224      0.0331593
             47       0.196454       0.104245       0.032508
             48       0.188008        0.10599      0.0318714
             49      -0.239706      0.0989347      0.0320015
             50        -0.2776       0.091404      0.0322466
             51       0.035674      0.0903113      0.0316269
             52       0.343106      0.0951727      0.0313914
             53       0.182764      0.0968254      0.0308378
             54       0.136914      0.0975678      0.0302704
             55       -0.04006      0.0950655      0.0298201
             56       0.209522      0.0971093       0.029354
             57      -0.048692      0.0945514      0.0289477
             58        0.18887      0.0961776      0.0284906
             59       0.047906      0.0953594      0.0280155
             60      -0.549594      0.0846102      0.0295678
             61      -0.010654      0.0830485      0.0291209
             62      -0.350258      0.0760597      0.0294876
             63       -0.02703      0.0744233      0.0290618
             64       -0.44437      0.0663172      0.0297306
             65       0.069872      0.0663719      0.0292697
             66       -0.42857      0.0588728      0.0297823
             67      -0.119634      0.0562085      0.0294552
             68       0.278284      0.0594743       0.029202
             69       0.072284      0.0596599      0.0287763
             70       0.219866      0.0619486      0.0284544
             71       0.497812      0.0680875      0.0287147
             72      -0.382918      0.0618236      0.0289977
             73      -0.107242      0.0595076      0.0286913
             74      -0.015434      0.0584949      0.0283191
             75      -0.246438      0.0544291      0.0282332
             76        0.22703      0.0567002      0.0279516
             77      -0.011018      0.0558207      0.0276003
             78       -0.43216      0.0495645      0.0279532
             79       0.031104      0.0493309      0.0275981
             80       0.253584       0.051884      0.0273703
             81      -0.373436      0.0466332      0.0275355
             82        0.08982      0.0471598      0.0272028
             83       0.191604      0.0489001      0.0269293
             84       0.447394      0.0536441      0.0270264
             85       0.291952      0.0564477      0.0268533
             86      -0.132586      0.0542497      0.0266301
             87       0.411772      0.0583591      0.0266411
             88        0.45023      0.0628122      0.0267104
             89      -0.348522      0.0581904        0.02681
             90       0.102628      0.0586842       0.026515
             91      -0.007224      0.0579599       0.026232
             92       -0.06077      0.0566694      0.0259774
             93       0.205978      0.0582749      0.0257467
             94       0.472968      0.0626865      0.0258505
             95      -0.181396      0.0601172      0.0257057
             96      -0.026738      0.0592125      0.0254526
             97      -0.319382      0.0553094      0.0254894
             98      -0.548998       0.049143      0.0259707
             99       0.020322      0.0488519      0.0257086
            100      -0.284408      0.0455193      0.0256675
            101      -0.273362      0.0423621      0.0256075
            102       -0.26149      0.0393831      0.0255296
            103      -0.354788      0.0355562      0.0255685
            104      -0.418468      0.0311906      0.0256951
            105        0.00925      0.0309816        0.02545
            106       0.180202      0.0323894      0.0252481
            107      -0.097258      0.0311777      0.0250403
            108        0.04499      0.0313056      0.0248077
            109      -0.003096        0.03099      0.0245811
            110         0.3805      0.0341674       0.024563
            111       0.295356      0.0365204      0.0244542
            112       -0.04139      0.0358248      0.0242448
            113      -0.168554      0.0340161      0.0240973
            114       0.282674      0.0361973      0.0239843
            115        0.27119      0.0382407      0.0238625
            116      -0.056536      0.0374237        0.02367
            117      -0.190666      0.0354742      0.0235477
            118        0.17558      0.0366616      0.0233774
            119       0.391286      0.0396416      0.0233709
            120        0.14159      0.0404912      0.0231909
            121      -0.387154      0.0369569      0.0232684
            122        0.06699      0.0372031      0.0230782
            123       0.252712      0.0389552      0.0229568
            124      -0.429296       0.035179      0.0230819
            125       0.155512      0.0361416      0.0229167
            126       -0.05545      0.0354147      0.0227458
            127       0.157924      0.0363794      0.0225865
            128      -0.323436      0.0335683       0.022585
            129        0.01254      0.0334053      0.0224098
            130       0.043428      0.0334824      0.0222369
            131       0.101878      0.0340045      0.0220727
            132      -0.244738      0.0318928      0.0220064
            133       0.322074      0.0340746       0.021949
            134       -0.21226      0.0322363       0.021862
            135       0.426406      0.0351561       0.021895
            136       0.138758      0.0359179      0.0217468
            137       0.343374      0.0381621      0.0217038
            138       0.050928      0.0382546      0.0215462
            139       -0.08028      0.0374018      0.0214076
            140      -0.379708      0.0344224      0.0214619
            141      -0.177486      0.0329195      0.0213621
            142       0.259332       0.034514       0.021271
            143       0.228984      0.0358739      0.0211654
            144      -0.033986      0.0353888      0.0210235
            145      -0.092506      0.0345068      0.0208967
            146       -0.16594      0.0331338      0.0207984
            147       0.048406      0.0332377      0.0206567
            148       0.116334      0.0337992      0.0205243
            149      -0.060418      0.0331669      0.0203959
            150      -0.001516      0.0329356      0.0202608
            151       0.298682      0.0346955       0.020203
            152      -0.413052      0.0317498      0.0202847
            153      -0.398534      0.0289375       0.020347
            154      -0.279462      0.0269349      0.0203133
            155      -0.181728      0.0255887      0.0202267
            156      -0.193946      0.0241814      0.0201459
            157       -0.09056      0.0234506      0.0200305
            158        0.07831      0.0237978      0.0199063
            159       0.190182      0.0248443      0.0198084
            160       -0.05444      0.0243487      0.0196904
            161       -0.21978      0.0228324      0.0196264
            162      -0.031212      0.0224988      0.0195077
            163       0.139182      0.0232147      0.0194009
            164        -0.0275      0.0229054      0.0192847
            165      -0.148704      0.0218654      0.0191957
            166       -0.31288      0.0198488       0.019186
            167       0.073686      0.0201712      0.0190734
            168        0.06882      0.0204608      0.0189618
            169        0.00625      0.0203767      0.0188494
            170      -0.104198      0.0196439      0.0187526
            171       0.195462      0.0206721      0.0186709
            172      -0.115062      0.0198829      0.0185788
            173      -0.086626      0.0192673      0.0184814
            174       0.039502      0.0193836      0.0183752
            175       0.295938      0.0209639      0.0183381
            176       0.096718      0.0213943      0.0182387
            177        0.15375      0.0221421      0.0181508
            178      -0.005672      0.0219858      0.0180492
            179       0.426878      0.0242478      0.0180901
            180      -0.344136      0.0222012      0.0181053
            181        0.26766      0.0235573       0.018056
            182      -0.130334      0.0227118      0.0179764
            183       0.555422      0.0256227      0.0181134
            184      -0.059242      0.0251615      0.0180206
            185       0.150086      0.0258368      0.0179356
            186      -0.443008      0.0233161      0.0180161
            187        0.05617      0.0234918      0.0179204
            188       0.147044       0.024149      0.0178369
            189       0.157438      0.0248542      0.0177563
            190       -0.21286      0.0236031      0.0177068
            191      -0.129686      0.0228005      0.0176322
            192      -0.137704      0.0219646        0.01756
            193       0.258578      0.0231906      0.0175118
            194      -0.046716      0.0228302       0.017425
            195       0.165304      0.0235609      0.0173508
            196      -0.113382      0.0228622      0.0172762
            197      -0.150742      0.0219809      0.0172108
            198       0.161484      0.0226855      0.0171382
            199       0.127712      0.0232133        0.01706
            200       0.088422      0.0235393      0.0169776
            201      -0.024858      0.0232985      0.0168946
            202        0.03641      0.0233634      0.0168109
            203       0.046244      0.0234761      0.0167283
            204      -0.000568      0.0233583      0.0166465
            205      -0.367738      0.0214505      0.0166746
            206      -0.064638      0.0210326      0.0165987
            207      -0.140408      0.0202527      0.0165367
            208      -0.136416      0.0194995      0.0164743
            209       0.114562      0.0199543      0.0164016
            210      -0.243376      0.0187004      0.0163714
            211      -0.034174      0.0184498      0.0162955
            212       0.378666      0.0201489      0.0163072
            213      -0.310398       0.018597      0.0163045
            214        -0.0415      0.0183162      0.0162306
            215       0.099738      0.0186949      0.0161593
            216       0.133898      0.0192283      0.0160932
            217      -0.672512      0.0160405       0.016333
            218       0.283874      0.0172691      0.0163042
            219        0.17355      0.0179827      0.0162453
            220      -0.196638      0.0170072      0.0162007
            221       0.108002      0.0174189      0.0161325
            222       0.373816      0.0190243      0.0161397
            223        0.53326      0.0213303      0.0162318
            224      -0.144868      0.0205883      0.0161762
            225      -0.126614      0.0199341      0.0161174
            226      -0.271654      0.0186439      0.0160977
            227       0.054428      0.0188015      0.0160274
            228       -0.42732      0.0168449      0.0160765
            229      -0.309854      0.0154182      0.0160696
            230        0.10945      0.0158271      0.0160048
            231       -0.31247      0.0144059      0.0159986
            232      -0.069568      0.0140439      0.0159336
            233       -0.23637      0.0129692      0.0159014
            234       0.210432       0.013813      0.0158558
            235      -0.280522      0.0125605      0.0158378
            236       0.109736      0.0129723      0.0157759
            237      -0.157822      0.0122516      0.0157257
            238       -0.23862      0.0111976      0.0156949
            239       -0.14741      0.0105339      0.0156432
            240       0.171654      0.0112053      0.0155924
            241      -0.249488      0.0101236      0.0155652
            242        0.34541       0.011509      0.0155625
            243      -0.434918     0.00967188      0.0156068
            244      -0.090668     0.00926066      0.0155482
            245      -0.221404     0.00831917      0.0155132
            246      -0.151808     0.00766824      0.0154637
            247       0.319492     0.00893069      0.0154526
            248      -0.390162     0.00732144      0.0154741
            249      -0.202784     0.00647765      0.0154349
            250       0.370104     0.00793215      0.0154417
            251      -0.229092     0.00698783       0.015409
            252      -0.308522     0.00573581      0.0153987
            253      -0.095086      0.0053373      0.0153429
            254      -0.080612     0.00499892      0.0152861
            255       0.086916     0.00532016      0.0152295
            256      -0.099182     0.00491195      0.0151753
            257       0.111198     0.00532552      0.0151218
            258       0.134918     0.00582781      0.0150715
            259       0.629596     0.00823619      0.0152051
            260       0.093924     0.00856575      0.0151501
            261      -0.096582     0.00816289      0.0150973
            262      -0.136526     0.00761064      0.0150497
            263       0.300244     0.00872332      0.0150336
            264        0.22691     0.00954978      0.0149994
            265       -0.27277     0.00848442      0.0149806
            266       0.399732     0.00995528      0.0149965
            267       0.167846      0.0105466      0.0149519
            268      -0.262134     0.00952916      0.0149307
            269      -0.053212     0.00929593      0.0148769
            270      -0.155618     0.00868513      0.0148343
            271      -0.017538     0.00858837      0.0147798
            272       -0.32046     0.00737863       0.014775
            273      -0.158868     0.00676967      0.0147333
            274       0.236242     0.00760716      0.0147033
            275      -0.146154     0.00704803      0.0146604
            276       0.125216     0.00747617      0.0146135
            277        0.18883     0.00813088      0.0145754
            278       0.390088     0.00950483      0.0145877
            279      -0.210368     0.00871675      0.0145566
            280       0.523854      0.0105565      0.0146208
            281       0.228242      0.0113312      0.0145892
            282       0.148208      0.0118166      0.0145455
            283       0.272136      0.0127364      0.0145232
            284       0.062702      0.0129124       0.014473
            285       0.175482      0.0134828      0.0144334
            286      -0.442682      0.0118878       0.014471
            287       -0.26864      0.0109104      0.0144536
            288       0.020586       0.010944      0.0144034
            289      -0.499368     0.00917818      0.0144617
            290       0.192166     0.00980917      0.0144255
            291      -0.367326     0.00851318      0.0144342
            292       -0.16591     0.00791584       0.014397
            293       0.199892     0.00857104      0.0143628
            294       0.264282     0.00944081      0.0143402
            295       0.126234     0.00983672       0.014297
            296        0.05799      0.0099994      0.0142496
            297      -0.043068     0.00982072      0.0142026
            298       -0.00116     0.00978387      0.0141549
            299       0.679768      0.0120246      0.0142844
            300      -0.341508      0.0108462      0.0142854
            301      -0.251658     0.00997407      0.0142645
            302       0.054522      0.0101216       0.014218
            303        0.43936      0.0115382      0.0142416
            304       0.167852      0.0120524       0.014204
            305       0.243862      0.0128124      0.0141777
            306      -0.493536      0.0111577      0.0142279
            307        0.15273      0.0116188      0.0141889
            308      -0.328336      0.0105151      0.0141858
            309       -0.13646      0.0100394      0.0141478
            310       0.023784      0.0100838      0.0141022
            311      -0.182694     0.00946392      0.0140704
            312       0.295246      0.0103799      0.0140551
            313      -0.355532     0.00921084      0.0140588
            314       0.186548     0.00977561      0.0140254
            315      -0.081666     0.00948532      0.0139838
            316      -0.314312     0.00846065      0.0139771
            317        -0.3715     0.00726203      0.0139844
            318       -0.15843     0.00674099      0.0139501
            319       0.211532     0.00738297      0.0139211
            320      -0.384426     0.00615856      0.0139314
            321       0.316616     0.00712572      0.0139216
            322        0.03507      0.0072125      0.0138785
            323       -0.09739     0.00688866      0.0138393
            324       0.005582     0.00688462      0.0137965
            325      -0.164504     0.00635727      0.0137641
            326      -0.053864     0.00617255      0.0137231
            327      -0.153492     0.00568428      0.0136897
            328        0.22035     0.00633874      0.0136636
            329       0.260454     0.00711113      0.0136439
            330       0.112062     0.00742916      0.0136062
            331        0.37324     0.00853433        0.01361
            332       0.175088       0.009036      0.0135782
            333      -0.486992     0.00754643      0.0136191
            334      -0.159366     0.00704669      0.0135874
            335       0.334124     0.00802304       0.013582
            336       0.113196     0.00833605      0.0135451
            337       -0.22426     0.00764586      0.0135225
            338       0.014128     0.00766504      0.0134824
            339       0.216584     0.00828132      0.0134567
            340      -0.259652     0.00749328      0.0134402
            341      -0.006354     0.00745267      0.0134008
            342      -0.244078      0.0067172      0.0133818
            343      -0.142312     0.00628271      0.0133498
            344       -0.44856     0.00496049      0.0133764
            345        0.05369     0.00510174      0.0133383
            346      -0.230784     0.00441999      0.0133172
            347       0.035142     0.00450852       0.013279
            348       0.183228     0.00502209      0.0132508
            349      -0.268376     0.00423871       0.013236
            350      -0.566828     0.00260709      0.0132986
            351      -0.141254     0.00219723       0.013267
            352       0.537638     0.00371837      0.0133164
            353       0.333358     0.00465219      0.0133114
            354      -0.014012     0.00459947      0.0132738
            355       -0.15172     0.00415913      0.0132437
            356       -0.06704     0.00395913       0.013208
            357      -0.571266     0.00234786      0.0132691
            358       0.101042     0.00262354      0.0132349
            359       0.302228     0.00345809      0.0132243
            360      -0.289634     0.00264395      0.0132126
            361      -0.015776     0.00259293      0.0131761
            362       0.077972     0.00280115      0.0131413
            363       0.045126     0.00291775      0.0131056
            364       -0.02844      0.0028316      0.0130698
            365       -0.25576     0.00212313      0.0130532
            366      -0.028134     0.00204046      0.0130177
            367       -0.65556    0.000248638      0.0131053
            368       -0.35977   -0.000729674      0.0131062
            369      -0.099446   -0.000997198      0.0130734
            370       0.172636   -0.000527919      0.0130464
            371        0.11341   -0.000220809      0.0130148
            372      -0.011804   -0.000251946      0.0129798
            373       0.115656    5.87989e-05      0.0129487
            374        0.37398     0.00105859      0.0129527
            375       0.290608     0.00183072      0.0129412
            376       0.156304     0.00224155      0.0129132
            377       0.089278     0.00247242       0.012881
            378       0.048358     0.00259381      0.0128475
            379         0.0123     0.00261942      0.0128135
            380      -0.573956     0.00110212      0.0128695
            381       0.020076     0.00115192      0.0128358
            382      -0.012198     0.00111697      0.0128022
            383       0.017762     0.00116043      0.0127688
            384       0.091558     0.00139584      0.0127377
            385      -0.188916    0.000901522      0.0127142
            386       0.154444      0.0012993      0.0126874
            387      -0.269692    0.000599065       0.012674
            388        0.01815    0.000644299      0.0126413
            389      -0.392488   -0.000366324      0.0126492
            390        0.01688   -0.000322103      0.0126168
            391       -0.33041    -0.00116632      0.0126128
            392        0.07811   -0.000964082      0.0125822
            393       0.191572   -0.000474168      0.0125597
            394       -0.11083   -0.000754259      0.0125309
            395       0.266854   -7.67696e-05      0.0125175
            396      -0.063252   -0.000236303      0.0124869
            397      -0.108948   -0.000510136      0.0124584
            398      -0.243656    -0.00112106      0.0124421
            399        0.14698   -0.000749875      0.0124164
            400      -0.156832    -0.00114008      0.0123915
            401       0.287684    -0.00041982      0.0123815
            402        0.16499   -8.35323e-06      0.0123575
            403       0.218142    0.000532963      0.0123387
            404       0.484222     0.00173021      0.0123662
            405      -0.107998     0.00145928      0.0123386
            406       -0.29618    0.000726177        0.01233
            407       -0.02459    0.000663975      0.0122998
            408       0.112206    0.000937363      0.0122727
            409       -0.02119    0.000883262      0.0122427
            410      -0.002882    0.000874078      0.0122129
            411        0.36288     0.00175487      0.0122149
            412       -0.05184     0.00162479      0.0121859
            413       0.241322     0.00220517      0.0121702
            414      -0.027162     0.00213423       0.012141
            415        0.02435     0.00218776      0.0121118
            416       0.266002     0.00282193      0.0120993
            417      -0.380796     0.00190199      0.0121053
            418         0.0427     0.00199959      0.0120767
            419      -0.514046    0.000767976      0.0121106
            420        0.15161     0.00112712      0.0120871
            421      -0.169614    0.000721563      0.0120651
            422       0.072982    0.000892796      0.0120377
            423       0.368542     0.00176194      0.0120406
            424       0.453354     0.00282702      0.0120593
            425      -0.123906     0.00252882      0.0120346
            426       0.093186     0.00274163      0.0120082
            427       0.002662     0.00274145      0.0119801
            428        0.03547     0.00281792      0.0119523
            429       0.216756     0.00331661      0.0119348
            430        0.13042      0.0036122      0.0119107
            431       0.156574      0.0039671      0.0118883
            432      -0.066912     0.00380302      0.0118619
            433        0.07772     0.00397373      0.0118357
            434        0.20194     0.00442988      0.0118172
            435      -0.180876     0.00400389      0.0117977
            436       0.333342     0.00475925      0.0117948
            437       0.368364      0.0055913      0.0117972
            438          0.345      0.0063662      0.0117957
            439       0.117854     0.00662016      0.0117716
            440       0.058988     0.00673918      0.0117454
            441      -0.297474     0.00604935       0.011739
            442      -0.336954     0.00527333      0.0117381
            443       0.424336     0.00621929      0.0117497
            444       0.359712     0.00701545      0.0117502
            445      -0.066718     0.00684975      0.0117249
            446      -0.208764     0.00636631      0.0117086
            447       0.062068     0.00649093      0.0116831
            448       -0.36913     0.00565249      0.0116871
            449       0.194224     0.00607247      0.0116686
            450       0.206836     0.00651861      0.0116512
            451       0.034756     0.00658122      0.0116255
            452        0.34958     0.00734007      0.0116245
            453      -0.084856     0.00713654      0.0116006
            454      -0.107898     0.00688316      0.0115778
            455       0.259408     0.00743816      0.0115656
            456       0.120202     0.00768545      0.0115429
            457         0.1414     0.00797804      0.0115213
            458       -0.15966     0.00761202       0.011502
            459      -0.144282      0.0072811      0.0114817
            460        0.01052     0.00728814      0.0114567
            461       0.277742     0.00787481      0.0114468
            462      -0.237752     0.00734315      0.0114344
            463      -0.408516     0.00644496       0.011445
            464       0.520486     0.00755281      0.0114739
            465       -0.02213     0.00748898      0.0114494
            466       0.026666     0.00753013      0.0114248
            467       0.048148      0.0076171      0.0114007
            468      -0.229094     0.00711131      0.0113875
            469      -0.182986     0.00670599      0.0113705
            470      -0.427016     0.00578317      0.0113837
            471       0.052488     0.00588234      0.0113599
            472      -0.217414     0.00540925      0.0113457
            473      -0.030784     0.00533273       0.011322
            474       0.058258     0.00544439      0.0112986
            475       0.201328     0.00585677      0.0112823
            476      -0.065342      0.0057072      0.0112596
            477       0.074422     0.00585125      0.0112369
            478       0.239308     0.00633966       0.011224
            479       0.473808     0.00731558       0.011243
            480        0.42376     0.00818318       0.011253
            481       0.083948     0.00834069      0.0112307
            482      -0.306798     0.00768688      0.0112264
            483      -0.312464     0.00702404      0.0112228
            484       0.087536     0.00719038      0.0112008
            485      -0.053886     0.00706445      0.0111784
            486       0.375198     0.00782193       0.011181
            487       0.149188     0.00811221      0.0111618
            488        0.43337     0.00898364       0.011173
            489      -0.023728     0.00891674      0.0111503
            490       -0.34639     0.00819163      0.0111511
            491       0.208884     0.00860037      0.0111359
            492       0.385644     0.00936672      0.0111396
            493       0.096396     0.00954325      0.0111184
            494      -0.076662     0.00936874      0.0110972
            495       0.094826     0.00954139      0.0110762
            496       0.156094     0.00983685      0.0110577
            497       0.078386     0.00997478      0.0110363
            498       0.161514      0.0102791      0.0110184
            499      -0.237436     0.00978265      0.0110075
            500       0.301602      0.0103663      0.0110009
            501       0.206276      0.0107573      0.0109859
            502        0.31112      0.0113557      0.0109803
            503      -0.310962      0.0107149      0.0109772
            504       -0.06116      0.0105723      0.0109563
            505       -0.28772     0.00998158      0.0109505
            506      -0.360172     0.00925006      0.0109533
            507       0.296532     0.00981669      0.0109464
            508      -0.046752     0.00970533      0.0109254
            509      -0.231514     0.00923142      0.0109142
            510       -0.12677     0.00896475       0.010896
            511       -0.21589     0.00852472      0.0108836
            512       0.180316     0.00886025      0.0108675
            513       0.179046       0.009192      0.0108513
            514       0.115398     0.00939863      0.0108322
            515       0.128906     0.00963068      0.0108136
            516       0.053682     0.00971605       0.010793
            517       0.070574     0.00983376      0.0107727
            518      -0.187768     0.00945229      0.0107587
            519       0.398884      0.0102026      0.0107641
            520      -0.286906     0.00963128      0.0107586
            521       -0.28435     0.00906702      0.0107527
            522      -0.266964     0.00853822      0.0107451
            523      -0.032296     0.00846015      0.0107248
            524       0.037202       0.008515      0.0107045
            525       0.214374     0.00890711      0.0106913
            526      -0.378152     0.00817125      0.0106963
            527      -0.168674     0.00783569      0.0106812
            528       0.093956     0.00799879      0.0106622
            529       0.136278     0.00824129      0.0106448
            530       -0.02305     0.00818225      0.0106249
            531       0.171558     0.00848992      0.0106093
            532       0.324622     0.00908415       0.010606
            533       -0.10958     0.00886152      0.0105884
            534       0.049218     0.00893709      0.0105688
            535      -0.333254     0.00829748      0.0105684
            536       0.391606     0.00901261      0.0105729
            537       0.326532      0.0096039      0.0105698
            538        0.17343     0.00990841      0.0105545
            539      -0.150764     0.00961031      0.0105391
            540      -0.177256     0.00926426      0.0105253
            541       -0.29659     0.00869891       0.010521
            542       -0.10245     0.00849384      0.0105036
            543       0.169676     0.00879068      0.0104884
            544      -0.060168     0.00866392      0.0104699
            545      -0.064608     0.00852947      0.0104515
            546       0.375912     0.00920233       0.010454
            547       0.115564     0.00939678      0.0104367
            548       0.197446     0.00973993      0.0104233
            549       0.102852     0.00990954      0.0104057
            550      -0.195916     0.00953531      0.0103935
            551        0.00728     0.00953122      0.0103746
            552       0.259834     0.00998466      0.0103657
            553      -0.043424     0.00988808      0.0103474
            554      -0.058744      0.0097642      0.0103295
            555        0.03986     0.00981843       0.010311
            556      -0.426438     0.00903379      0.0103223
            557       0.000444     0.00901837      0.0103037
            558       -0.16428      0.0087078      0.0102899
            559        0.10762     0.00888474       0.010273
            560       -0.04392     0.00879045      0.0102551
            561       0.398584     0.00948527      0.0102604
            562       0.037472     0.00953507      0.0102422
            563      -0.317212      0.0089547      0.0102405
            564       0.326344     0.00951745      0.0102378
            565       0.108134     0.00969199      0.0102211
            566       0.050216     0.00976359      0.0102033
            567      -0.449526     0.00895355      0.0102175
            568      -0.297664     0.00841373      0.0102137
            569      -0.066344     0.00828235      0.0101966
            570      -0.264858     0.00780315        0.01019
            571      -0.101682     0.00761141      0.0101739
            572      -0.029616     0.00754633      0.0101563
            573       -0.46491      0.0067218      0.0101721
            574      -0.145008     0.00645746      0.0101578
            575      -0.047532     0.00636357      0.0101405
            576      -0.237076     0.00594093      0.0101317
            577      -0.017436     0.00590041      0.0101142
            578      -0.016522     0.00586162      0.0100968
            579       -0.31723      0.0053036      0.0100948
            580       0.234796     0.00569928      0.0100851
            581       0.259678     0.00613642      0.0100772
            582      -0.260224     0.00567876      0.0100703
            583       0.184036     0.00598469      0.0100577
            584      -0.159708     0.00570097      0.0100444
            585      -0.224634     0.00530723       0.010035
            586       0.290938     0.00579466      0.0100297
            587       0.294056     0.00628573      0.0100246
            588       0.107176     0.00645731       0.010009
            589       0.230008     0.00683686     0.00999923
            590       0.127454     0.00704129     0.00998436
            591       0.366712     0.00764987     0.00998601
            592       -0.20955     0.00728298     0.00997588
            593       -0.40216     0.00659252     0.00998295
            594       0.001662     0.00658422     0.00996613
            595      -0.215124      0.0062116     0.00995634
            596      -0.075616     0.00607431     0.00994057
            597       0.051794     0.00615089      0.0099242
            598       -0.55474     0.00521294     0.00995189
            599       0.243198     0.00561025      0.0099432
            600      -0.144846     0.00535949     0.00992978
            601      -0.147544     0.00510507     0.00991651
            602       0.398218     0.00575808     0.00992154
            603       -0.08482     0.00560787     0.00990621
            604       0.029972     0.00564821     0.00988988
            605       0.010712     0.00565658     0.00987352
            606      -0.175244     0.00535806     0.00986173
            607       0.139648      0.0055793     0.00984796
            608      -0.211052       0.005223      0.0098382
            609        0.05869     0.00531079     0.00982243
            610       0.346392     0.00586994     0.00982224
            611      -0.072946     0.00574095       0.009807
            612       0.119118      0.0059262     0.00979271
            613      -0.134768     0.00569669     0.00977942
            614       -0.13807     0.00546254     0.00976628
            615      -0.141916      0.0052229     0.00975334
            616      -0.303574      0.0047216     0.00975038
            617      -0.439556     0.00400154     0.00976116
            618       0.463112     0.00474444     0.00977363
            619      -0.270376     0.00429998     0.00976795
            620      -0.164576      0.0040276     0.00975598
            621       0.162304     0.00428247     0.00974359
            622       -0.22184     0.00391893     0.00973471
            623      -0.204118       0.003585      0.0097248
            624       0.302806     0.00406453     0.00972104
            625      -0.024248     0.00401923     0.00970558
            626      -0.118362     0.00382373     0.00969203
            627        0.08541     0.00395385     0.00967744
            628       0.254408     0.00435266     0.00967024
            629      -0.052228     0.00426271     0.00965528
            630      -0.038984     0.00419406     0.00964018
            631      -0.262776     0.00377097     0.00963419
            632       0.110184     0.00393935     0.00962041
            633       0.048554     0.00400983     0.00960545
            634      -0.107442     0.00383404      0.0095919
            635      -0.046724     0.00375442     0.00957712
            636       0.012474     0.00376813     0.00956206
            637       0.084812     0.00389536     0.00954788
            638       0.323716     0.00439664     0.00954608
            639      -0.078012     0.00426768       0.009532
            640      -0.624848     0.00328468     0.00956772
            641       0.207488     0.00360325     0.00955809
            642        0.22729     0.00395168     0.00954955
            643        0.31118     0.00442948     0.00954665
            644      -0.069542     0.00431462     0.00953251
            645      -0.108192     0.00414019     0.00951932
            646       0.220898     0.00447573     0.00951049
            647      -0.259394     0.00406789     0.00950454
            648       0.056518     0.00414883      0.0094902
            649      -0.247416     0.00376121     0.00948349
            650       0.252538     0.00414395     0.00947662
            651        0.09196     0.00427884     0.00946302
            652       0.015312     0.00429576     0.00944851
            653      -0.197192     0.00398721     0.00943907
            654      -0.127834     0.00378565     0.00942678
            655       0.286508     0.00421728     0.00942227
            656       0.073846     0.00432342      0.0094085
            657       -0.18909     0.00402904     0.00939878
            658       0.083254     0.00414944     0.00938525
            659       -0.07431     0.00403038     0.00937176
            660        0.17153     0.00428417     0.00936099
            661      -0.106066     0.00411722     0.00934831
            662       0.123916     0.00429819     0.00933593
            663       0.077964      0.0044093      0.0093225
            664      -0.157596     0.00416531     0.00931164
            665         0.0279       0.004201      0.0092977
            666      -0.338164     0.00368694     0.00929795
            667       0.164396     0.00392789     0.00928713
            668       0.233702     0.00427186     0.00927959
            669      -0.279596     0.00384754     0.00927542
            670       -0.26199     0.00345077     0.00927006
            671      -0.039206      0.0033872     0.00925645
            672       0.434052     0.00402807     0.00926486
            673      -0.042976     0.00395823     0.00925135
            674       0.058222     0.00403874     0.00923796
            675      -0.360598     0.00349853     0.00924007
            676      -0.010908     0.00347722     0.00922642
            677       -0.14307     0.00326076     0.00921532
            678      -0.078028     0.00314086      0.0092025
            679       0.029342     0.00317945     0.00918902
            680      -0.032428     0.00312709     0.00917564
            681      -0.180314     0.00285772     0.00916612
            682       0.301412     0.00329548     0.00916313
            683       -0.16318     0.00305174     0.00915295
            684      -0.419852     0.00243346     0.00916045
            685       0.160176     0.00266374     0.00914997
            686       0.247328     0.00302039     0.00914358
            687      -0.126418     0.00283198      0.0091322
            688      -0.136706     0.00262916     0.00912117
            689       0.243228     0.00297836     0.00911462
            690       0.218144      0.0032902     0.00910674
            691       -0.16349     0.00304884     0.00909675
            692       0.090542     0.00317527     0.00908448
            693      -0.036792      0.0031176     0.00907154
            694       0.034244     0.00316245     0.00905857
            695       0.347184     0.00365744     0.00905906
            696      -0.162456     0.00341878     0.00904918
            697      -0.288328      0.0030002     0.00904588
            698      -0.156122     0.00277223     0.00903579
            699      -0.012242     0.00275075     0.00902288
            700      -0.009436     0.00273334        0.00901
            701      -0.226268     0.00240666     0.00900306
            702      -0.628288     0.00150824     0.00903501
            703      -0.268918     0.00112356     0.00903034
            704      -0.005876     0.00111362     0.00901751
            705       -0.15093    0.000897957      0.0090073
            706      -0.135882    0.000704218     0.00899661
            707      -0.035834    0.000652537     0.00898403
            708       -0.06201    0.000564031     0.00897177
            709       0.248174    0.000913269     0.00896591
            710       -0.43764    0.000295589     0.00897455
            711      -0.289256   -0.000111657     0.00897117
            712       0.067076   -1.72921e-05     0.00895906
            713        0.14504    0.000186154      0.0089488
            714      -0.202848   -9.82073e-05     0.00894078
            715       0.174058    0.000145368     0.00893159
            716        -0.3447    -0.00033626      0.0089321
            717      -0.410334   -0.000908084     0.00893794
            718       0.010646   -0.000891992      0.0089255
            719      -0.062744   -0.000978017     0.00891349
            720        0.01413   -0.000957033     0.00890113
            721       -0.21164    -0.00124924     0.00889358
            722      -0.037892    -0.00129999      0.0088814
            723      -0.151212    -0.00150734     0.00887153
            724       -0.14373    -0.00170378     0.00886144
            725       0.342942    -0.00122841     0.00886197
            726      -0.474106    -0.00187975     0.00887369
            727      -0.306476    -0.00229873     0.00887138
            728        0.08979    -0.00217224     0.00886009
            729       0.139886    -0.00197737     0.00885007
            730         0.1481    -0.00177178     0.00884033
            731       -0.15608    -0.00198288     0.00883075
            732      -0.211158    -0.00226863     0.00882331
            733       -0.06917     -0.0023599     0.00881173
            734      -0.038208    -0.00240874     0.00879986
            735      -0.141912    -0.00259854     0.00878992
            736       -0.07597    -0.00269823     0.00877854
            737      -0.230992    -0.00300799     0.00877209
            738        -0.5235    -0.00371327     0.00878854
            739      -0.418902    -0.00427509      0.0087946
            740      -0.085106    -0.00438432     0.00878339
            741       0.230074    -0.00406792     0.00877723
            742       0.290744     -0.0036706      0.0087744
            743      -0.261044    -0.00401699     0.00876942
            744      -0.000276    -0.00401197     0.00875763
            745       0.128702    -0.00383383     0.00874768
            746       0.174246    -0.00359511     0.00873921
            747      -0.164298    -0.00381024     0.00873015
            748      -0.035856    -0.00385309     0.00871858
            749       0.086252    -0.00373279     0.00870776
            750      -0.176622     -0.0039633      0.0086992
            751      -0.345282    -0.00441779     0.00869949
            752        0.43491    -0.00383358     0.00870753
            753       0.018112    -0.00380443     0.00869601
            754       0.077628    -0.00369643     0.00868514
            755      -0.430204    -0.00426134     0.00869201
            756       0.155984    -0.00404938     0.00868309
            757        0.00155    -0.00404198     0.00867161
            758       0.102378    -0.00390159      0.0086613
            759      -0.100524    -0.00402889     0.00865082
            760       -0.13009    -0.00419476     0.00864102
            761       0.406674    -0.00365485     0.00864653
            762       0.404656    -0.00311901     0.00865179
            763       0.171102    -0.00289067     0.00864346
            764      -0.047414    -0.00294895     0.00863233
            765       0.269622    -0.00259265      0.0086284
            766       0.083708    -0.00247998     0.00861787
            767       0.033016    -0.00243371     0.00860675
            768        0.49748    -0.00178278     0.00862015
            769      -0.059086    -0.00185729     0.00860925
            770      -0.000326     -0.0018553     0.00859806
            771       0.332562    -0.00142156     0.00859785
            772       0.211416    -0.00114586     0.00859113
            773       0.164188   -0.000931977     0.00858268
            774      -0.051798   -0.000997695     0.00857183
            775       0.370852   -0.000517889      0.0085742
            776      -0.210576   -0.000788582     0.00856742
            777        0.07612   -0.000689601     0.00855696
            778       0.437604   -0.000126242      0.0085645
            779      -0.216792   -0.000404375     0.00855802
            780       -0.06407   -0.000485997     0.00854743
            781       0.086882   -0.000374131     0.00853722
            782      -0.246622   -0.000689026     0.00853211
            783       -0.31832    -0.00109468     0.00853085
            784       0.075014   -0.000997607     0.00852052
            785       0.142464   -0.000814854     0.00851162
            786        -0.0402   -0.000864962     0.00850093
            787      -0.082578    -0.00096879     0.00849076
            788        0.18924   -0.000727409     0.00848341
            789      -0.039304   -0.000776302     0.00847279
            790        0.48841   -0.000157078     0.00848469
            791      -0.029594   -0.000194293     0.00847403
            792       0.135262   -2.32626e-05     0.00846506
            793       0.515614    0.000626974     0.00847934
            794      -0.213774    0.000356947     0.00847296
            795       0.236546     0.00065404     0.00846751
            796       0.349806     0.00109267     0.00846823
            797      -0.034614     0.00104787     0.00845772
            798      -0.119828    0.000896398     0.00844847
            799      -0.194092    0.000652358     0.00844142
            800      -0.433994     0.00010905     0.00844835
            801      -0.159062   -8.96654e-05     0.00844014
            802      -0.507018   -0.000721746     0.00845327
            803      -0.224184    -0.00100003     0.00844732
            804       0.166864   -0.000791244     0.00843939
            805       0.140418   -0.000615829     0.00843073
            806        0.20903   -0.000355722     0.00842428
            807       0.545984    0.000321279     0.00844102
            808       0.051474    0.000384587     0.00843081
            809      -0.036494    0.000339001      0.0084205
            810       0.003454    0.000342847      0.0084101
            811       0.155786    0.000534515     0.00840191
            812       0.006778    0.000542204     0.00839156
            813      -0.292732    0.000181474     0.00838899
            814      -0.101204    5.69214e-05     0.00837961
            815       0.405652    0.000554584      0.0083841
            816       0.354634    0.000988505     0.00838506
            817       -0.00828     0.00097716     0.00837479
            818       0.009692    0.000987814     0.00836456
            819        0.25821     0.00130188     0.00836024
            820      -0.273888    0.000966285     0.00835678
            821       0.240114     0.00125757     0.00835167
            822       0.172646     0.00146608     0.00834411
            823       0.259288     0.00177935     0.00833985
            824       0.291458      0.0021309     0.00833714
            825      -0.183898     0.00190541     0.00833008
            826       0.124486     0.00205381     0.00832132
            827       -0.25926     0.00173783     0.00831725
            828       0.206286     0.00198487     0.00831087
            829       0.100724     0.00210398      0.0083017
            830       0.347744     0.00252041     0.00830214
            831        0.03667     0.00256151     0.00829224
            832      -0.576416     0.00186562     0.00831145
            833      -0.003722     0.00185891     0.00830147
            834      -0.295636      0.0015022     0.00829918
            835       0.093036     0.00161183     0.00828996
            836      -0.252128     0.00130831      0.0082856
            837       0.218316     0.00156758     0.00827976
            838      -0.002826     0.00156233     0.00826987
            839      -0.158936     0.00137104     0.00826222
            840      -0.200352     0.00113089     0.00825588
            841       0.020162     0.00115352     0.00824608
            842      -0.065286     0.00107461     0.00823666
            843       -0.01358     0.00105723     0.00822691
            844       0.084256     0.00115581     0.00821774
            845      -0.179198    0.000942369     0.00821079
            846      -0.277642    0.000613073     0.00820768
            847       0.062786    0.000686477     0.00819832
            848      -0.315112    0.000314073     0.00819711
            849       0.142158    0.000481145     0.00818915
            850      -0.082102    0.000383988     0.00818009
            851      -0.135924    0.000223814     0.00817204
            852       0.242044    0.000507641     0.00816738
            853       0.242906    0.000791812     0.00816274
            854      -0.087638    0.000688265     0.00815384
            855       0.442862     0.00120543      0.0081607
            856       0.232102     0.00147517     0.00815562
            857       0.316846     0.00184316     0.00815441
            858           0.38      0.0022839     0.00815681
            859      -0.263128     0.00197492     0.00815317
            860       0.053514     0.00203485      0.0081439
            861        0.45009     0.00255524     0.00815107
            862      -0.033922     0.00251293     0.00814172
            863      -0.301436     0.00216073      0.0081399
            864      -0.101556     0.00204068     0.00813136
            865        0.02108     0.00206269     0.00812198
            866      -0.207876     0.00182027     0.00811622
            867       -0.03409     0.00177885     0.00810696
            868      -0.062902     0.00170433     0.00809796
            869      -0.078532       0.001612     0.00808916
            870        0.11067     0.00173736     0.00808083
            871      -0.640778    0.000999681     0.00810518
            872       0.043132       0.001048     0.00809603
            873       0.077382     0.00113544     0.00808722
            874      -0.252264    0.000845506     0.00808316
            875      -0.137462     0.00068744     0.00807547
            876        0.16326    0.000873025     0.00806838
            877        0.57385     0.00152636     0.00808561
            878       0.239968     0.00179794     0.00808096
            879      -0.221598     0.00154379     0.00807576
            880       0.096884     0.00165213     0.00806731
            881       -0.12688     0.00150624     0.00805947
            882       0.093946     0.00161104     0.00805101
            883      -0.069812     0.00153016     0.00804229
            884       0.068848     0.00160631     0.00803355
            885       0.188052     0.00181698     0.00802723
            886      -0.227612     0.00155803     0.00802235
            887        0.50023     0.00212023       0.008033
            888      -0.177034     0.00191848     0.00802648
            889      -0.080236     0.00182607     0.00801798
            890      -0.144766     0.00166136     0.00801066
            891       0.097804     0.00176926     0.00800239
            892       0.158466     0.00194493     0.00799534
            893       0.235916     0.00220694     0.00799068
            894      -0.020728     0.00218128     0.00798178
            895       0.248746     0.00245678     0.00797762
            896       -0.01936     0.00243243     0.00796874
            897      -0.159038     0.00225241     0.00796189
            898      -0.340864     0.00187033     0.00796219
            899       0.103748     0.00198365     0.00795414
            900      -0.158154     0.00180572     0.00794729
            901      -0.131494     0.00165777     0.00793984
            902      -0.311904     0.00131014     0.00793865
            903      -0.020684     0.00128579     0.00792989
            904        0.11796     0.00141485     0.00792216
            905      -0.427688    0.000940703      0.0079276
            906       0.062754     0.00100893     0.00791914
            907       0.436904     0.00148952     0.00792499
            908       0.023516     0.00151378     0.00791629
            909      -0.131774     0.00136715     0.00790894
            910       0.234868     0.00162374     0.00790441
            911       0.026606     0.00165116     0.00789577
            912      -0.098196     0.00154168     0.00788787
            913       0.175434     0.00173214     0.00788153
            914      -0.046698     0.00167916     0.00787308
            915        0.31349     0.00201993     0.00787185
            916       0.112744     0.00214081     0.00786418
            917       0.416262     0.00259242     0.00786857
            918        0.06017     0.00265514     0.00786024
            919         0.3033     0.00298228      0.0078585
            920       0.277834     0.00328103     0.00785563
            921       0.253388     0.00355259      0.0078518
            922       0.101548     0.00365888       0.007844
            923      -0.169384      0.0034714     0.00783774
            924       0.197494     0.00368138     0.00783206
            925      -0.250784     0.00340628     0.00782843
            926        0.07914     0.00348807      0.0078204
            927       0.107364     0.00360013     0.00781276
            928      -0.390526     0.00317542     0.00781588
            929        -0.3003     0.00284875      0.0078143
            930       0.373532     0.00324734     0.00781606
            931      -0.156692     0.00307554     0.00780955
            932      -0.023914     0.00304658     0.00780122
            933       0.185974     0.00324265     0.00779532
            934       0.535472     0.00381249     0.00780779
            935        0.05242     0.00386447     0.00779961
            936      -0.340006     0.00349709     0.00779993
            937        0.06035     0.00355777     0.00779184
            938       0.053672     0.00361119     0.00778371
            939      -0.659146     0.00290538     0.00780738
            940        0.08931      0.0029973     0.00779961
            941       0.398432     0.00341753     0.00780265
            942      -0.489794     0.00289395     0.00781192
            943       0.044652     0.00293823     0.00780376
            944       0.249266     0.00319917     0.00779986
            945       0.073806     0.00327389     0.00779196
            946      -0.014384     0.00325522     0.00778374
            947      -0.172988     0.00306912     0.00777774
            948        7.4e-05     0.00306596     0.00776953
            949       0.147454      0.0032181     0.00776283
            950       -0.24398     0.00295789     0.00775902
            951        0.42269     0.00339925     0.00776341
            952      -0.090884     0.00330022     0.00775589
            953       0.011594     0.00330892     0.00774775
            954       0.538226     0.00386963     0.00775991
            955        0.21049     0.00408599      0.0077548
            956      -0.022868     0.00405779     0.00774673
            957       -0.05545     0.00399561     0.00773888
            958      -0.029288     0.00396087     0.00773088
            959      -0.317138     0.00362604     0.00773007
            960        0.61786     0.00426587     0.00774847
            961      -0.142594     0.00411305     0.00774191
            962       0.017116     0.00412656     0.00773387
            963      -0.482884     0.00362084     0.00774237
            964        0.14458     0.00376706     0.00773572
            965      -0.361634     0.00338841     0.00773697
            966       0.051474     0.00343819     0.00772912
            967       0.343436     0.00378979     0.00772912
            968       0.350654     0.00414812     0.00772944
            969      -0.043392     0.00409906     0.00772162
            970       0.039376     0.00413543     0.00771374
            971      -0.344612     0.00377626     0.00771416
            972       0.031548     0.00380484     0.00770627
            973      -0.197792     0.00359764     0.00770113
            974      -0.210912     0.00337741     0.00769637
            975      -0.326014     0.00303957      0.0076959
            976       0.529818      0.0035793     0.00770693
            977      -0.193878      0.0033772     0.00770169
            978      -0.263764     0.00310405     0.00769866
            979      -0.103656       0.002995     0.00769156
            980      -0.130456     0.00285882     0.00768492
            981      -0.012816     0.00284284      0.0076771
            982       0.235344     0.00307961     0.00767293
            983      -0.102162     0.00297255     0.00766587
            984       0.016782     0.00298658     0.00765808
            985       0.483258     0.00347416     0.00766583
            986       0.072758     0.00354443     0.00765837
            987      -0.471474     0.00306316     0.00766573
            988        0.16791     0.00323001     0.00765979
            989        0.06778     0.00329527     0.00765231
            990      -0.227636     0.00306201     0.00764814
            991      -0.304678     0.00275148     0.00764673
            992       0.199452     0.00294976     0.00764159
            993      -0.135474     0.00281036     0.00763516
            994      -0.465256     0.00233947       0.007642
            995        0.26036     0.00259879     0.00763872
            996      -0.217814     0.00237749     0.00763425
            997       0.022806     0.00239798     0.00762662
            998       0.267474     0.00266359      0.0076236
            999      -0.263222     0.00239744     0.00762061
           1000      -0.256192     0.00213885     0.00761738
