            0.5           1000          20000              0
              1        558.224        558.224              0
              2        128.188        343.206        215.018
              3        338.319        341.577        124.151
              4        195.341        305.018        95.0965
              5        215.911        287.197        75.7866
              6        520.834        326.136        73.1119
              7        488.116        349.276        65.9816
              8        920.641        420.697        91.4663
              9        755.644        457.913         88.837
             10        1175.71        529.693        107.079
             11        177.326        497.659        102.016
             12        297.647        480.992        94.6076
             13        1174.16        534.312        102.062
             14         254.34        514.314         96.584
             15        257.042        497.162         91.536
             16        784.626        515.129        87.4887
             17        1182.53        554.388         91.077
             18        1886.22        628.378        113.349
             19        186.472         605.12        109.711
             20        516.594        600.694        104.175
             21        1109.42        624.919        102.009
             22        106.324        601.346        100.077
             23        258.894        586.457        96.7792
             24        269.747        573.261         93.594
             25         866.84        585.004         90.537
             26        156.213        568.512        88.5347
             27        149.515        552.994        86.5944
             28         490.35        550.756        83.4745
             29        932.938        563.935        81.6156
             30        384.425        557.951        79.0749
             31        174.673        545.588        77.4745
             32        142.478         532.99        76.0647
             33        792.799        540.863        74.1429
             34        165.043         529.81        72.7735
             35        168.459        519.486        71.4139
             36         1417.2        544.422        73.7458
             37        65.6607        531.483        72.8828
             38        1603.97        559.706        76.3472
             39        288.391        552.749        74.6885
             40        157.577         542.87        73.4647
             41        332.165        537.731        71.8345
             42        50.2208        526.123        71.0578
             43        2198.65        565.019         79.544
             44        147.099        555.521        78.2935
             45        760.353        560.073        76.6691
             46         286.57        554.127        75.2192
             47        776.304        558.854         73.753
             48        1639.07        581.359        75.6262
             49        588.302        581.501        74.0668
             50        2916.02        628.191        86.2928
             51        200.408        619.803        84.9988
             52          301.5        613.682        83.5726
             53        2789.63        654.737        91.6864
             54        109.639        644.643        90.5369
             55        163.601        635.897        89.3049
             56        566.768        634.662        87.7044
             57        179.782        626.682        86.5208
             58        640.169        626.915        85.0163
             59         187.76        619.471        83.8937
             60        186.079        612.248        82.7993
             61        233.291        606.036        81.6673
             62        911.028        610.955        80.4897
             63         754.21        613.229        79.2344
             64        212.077        606.961        78.2381
             65        2022.28        628.735        80.0435
             66        260.759         623.16        79.0183
             67        168.812        616.378        78.1249
             68         1183.9        624.724        77.4186
             69         139.36         617.69        76.6119
             70        753.242        619.626        75.5344
             71        595.969        619.293        74.4637
             72        152.844        612.815        73.7074
             73        384.768        609.691        72.7578
             74        210.963        604.303        71.9699
             75        119.073        597.833        71.2979
             76        447.157         595.85        70.3815
             77        320.777        592.278        69.5532
             78        669.636         593.27        68.6629
             79        191.255        588.181        67.9789
             80        282.414        584.359        67.2325
             81        257.833        580.328        66.5195
             82        982.754        585.235        65.8864
             83        218.404        580.816        65.2376
             84        230.754        576.648        64.5908
             85        245.172        572.748        63.9455
             86        268.468         569.21        63.2965
             87        146.792        564.355        62.7528
             88        491.424        563.526        62.0412
             89        671.433        564.739        61.3521
             90        368.132        562.554        60.7059
             91        980.581        567.148        60.2106
             92        284.947         564.08        59.6315
             93        446.168        562.812        59.0004
             94        331.666        560.353        58.4211
             95        127.482        555.797        57.9822
             96        54.1793        550.572        57.6125
             97        195.426         546.91        57.1329
             98        609.452        547.549        56.5505
             99        304.401        545.093        56.0302
            100        501.111        544.653        55.4689
            101        934.216         548.51        55.0522
            102        219.724        545.286         54.605
            103        273.975        542.652        54.1364
            104        350.348        540.803        53.6452
            105        219.863        537.747        53.2197
            106        323.288        535.723         52.754
            107        868.982        538.838        52.3514
            108        226.604        535.947        51.9449
            109        169.192        532.582         51.576
            110        714.773        534.239        51.1318
            111        227.284        531.473        50.7445
            112        188.921        528.415        50.3823
            113        1280.05        535.066        50.3755
            114        238.922        532.469        49.9992
            115        154.393        529.181        49.6715
            116        644.362        530.174        49.2514
            117        474.034        529.694         48.831
            118        121.441        526.234        48.5389
            119        138.572        522.977        48.2394
            120        2068.38        535.855        49.5389
            121        842.479        538.389        49.1931
            122        639.543        539.218        48.7953
            123         275.53        537.074        48.4444
            124        67.7264        533.289         48.201
            125        124.388        530.018        47.9256
            126        271.657        527.968        47.5879
            127        87.8375        524.502        47.3387
            128        197.499        521.947        47.0369
            129        1536.98        529.816        47.3295
            130        835.966        532.171         47.023
            131        229.757        529.862        46.7197
            132        548.013            530        46.3646
            133        246.359        527.867        46.0641
            134        442.037        527.227        45.7235
            135        610.387        527.843        45.3877
            136        1575.83        535.548         45.707
            137         551.12        535.662        45.3723
            138        2268.16        548.216        46.7592
            139        1003.66        551.493        46.5371
            140        240.654        549.273        46.2568
            141        289.227        547.428        45.9646
            142        79.4884        544.133        45.7585
            143        261.291        542.155        45.4804
            144        87.9886        539.001        45.2735
            145        162.222        536.403        45.0352
            146        132.017        533.633        44.8114
            147        156.226        531.066        44.5795
            148        38.9866        527.741        44.4019
            149        332.728        526.432        44.1223
            150        168.221        524.044        43.8922
            151         91.474        521.179        43.6945
            152        278.079         519.58        43.4356
            153         131.64        517.044        43.2252
            154        583.045        517.473        42.9457
            155         1788.1         525.67        43.4481
            156        185.315        523.489        43.2238
            157        215.324        521.526        42.9924
            158        215.971        519.592        42.7632
            159        83.1655        516.847         42.582
            160        265.087        515.274        42.3442
            161         94.206        512.658        42.1616
            162        260.869        511.104        41.9294
            163        977.857        513.968        41.7696
            164        417.307        513.378        41.5183
            165        89.6658         510.81        41.3457
            166        735.285        512.162        41.1182
            167        199.442         510.29        40.9141
            168        764.468        511.803        40.6979
            169        259.925        510.312        40.4839
            170        1959.24        518.836        41.1376
            171        321.027        517.679        40.9127
            172        153.055        515.559        40.7293
            173        2152.03        525.018        41.5834
            174        137.572        522.791        41.4037
            175        84.5716        520.287        41.2425
            176        143.271        518.145        41.0634
            177         436.47        517.684        40.8333
            178        45.9388        515.034        40.6897
            179        2009.33        523.382        41.3139
            180         185.25        521.503        41.1267
            181        1479.73        526.797        41.2401
            182        188.238        524.937         41.055
            183        172.094        523.009        40.8756
            184        695.235        523.945        40.6636
            185         944.79         526.22        40.5071
            186        201.938        524.476        40.3264
            187        412.849        523.879        40.1147
            188        274.558        522.553        39.9227
            189        116.388        520.404        39.7691
            190        92.8537        518.154        39.6231
            191        127.429        516.108        39.4682
            192        2902.69        528.538        41.1827
            193        88.2188        526.257        41.0323
            194        209.631        524.625        40.8528
            195        95.7656        522.425        40.7023
            196        275.159        521.164        40.5137
            197         199.68        519.532        40.3406
            198        1203.95        522.989        40.2849
            199        2329.05        532.064        41.0966
            200        365.617        531.232         40.899
            201        139.739        529.284        40.7416
            202         70.104        527.011        40.6031
            203        2730.79        537.867        41.8357
            204        818.269        539.242        41.6528
            205        96.4186        537.082        41.5054
            206        588.166         537.33        41.3041
            207        619.447        537.726         41.106
            208        245.515        536.321         40.932
            209        120.251        534.331        40.7843
            210        242.342         532.94        40.6135
            211        422.582        532.417        40.4239
            212        142.351        530.577        40.2748
            213        2169.09         538.27        40.8168
            214          176.4        536.579        40.6607
            215        618.206        536.959         40.473
            216        115.056        535.005        40.3325
            217         1198.2        538.061        40.2623
            218        545.582        538.096        40.0772
            219        438.229         537.64        39.8964
            220        2001.45        544.294        40.2682
            221        1626.11        549.189        40.3833
            222         200.02        547.616        40.2318
            223        580.927        547.765        40.0512
            224        75.4206        545.657        39.9278
            225        260.713         544.39        39.7701
            226        508.684        544.232         39.594
            227        487.135        543.981          39.42
            228        780.815        545.019        39.2605
            229        525.694        544.935        39.0888
            230        330.719        544.004        38.9296
            231        406.563        543.409        38.7653
            232        88.9311         541.45        38.6475
            233        223.979        540.087        38.5054
            234         167.31        538.494        38.3735
            235         140.48          536.8        38.2474
            236        233.832        535.517        38.1066
            237        351.345         534.74        37.9535
            238        260.291        533.586        37.8113
            239        182.339        532.117        37.6814
            240        529.414        532.105        37.5241
            241        162.685        530.573        37.3995
            242        983.123        532.443        37.2915
            243        233.065        531.211        37.1582
            244        277.446        530.171        37.0202
            245          997.1        532.076         36.918
            246        271.481        531.017        36.7829
            247        455.534        530.712        36.6349
            248        285.769        529.724        36.5003
            249        715.532         530.47         36.361
            250        350.686        529.751        36.2224
            251        152.816        528.249        36.1091
            252        919.843        529.803        35.9991
            253        125.476        528.205        35.8921
            254        1503.02        532.043        35.9559
            255         536.65        532.061        35.8146
            256        857.785        533.333        35.6971
            257        391.584        532.782        35.5622
            258        29.6025        530.831        35.4778
            259        151.797        529.368        35.3708
            260        818.345        530.479         35.252
            261         81.673         528.76        35.1588
            262        199.357        527.503        35.0469
            263        231.745        526.378        34.9315
            264        515.392        526.336         34.799
            265        812.906        527.418        34.6843
            266        1019.86        529.269        34.6032
            267        1841.38        534.183        34.8218
            268        175.623        532.845        34.7175
            269        808.555         533.87        34.6033
            270        158.154        532.479         34.503
            271         1184.9        534.886        34.4597
            272        207.333        533.682        34.3538
            273        2213.42        539.835        34.7764
            274        121.435        538.308        34.6829
            275        216.041        537.136        34.5764
            276        946.401        538.619        34.4828
            277        667.574        539.084        34.3612
            278        1528.14        542.642        34.4218
            279        1972.22        547.766        34.6788
            280        1134.07         549.86        34.6181
            281         96.913        548.248        34.5323
            282        272.572        547.271        34.4235
            283        90.5041        545.657        34.3396
            284        66.1241        543.968        34.2601
            285        1477.42        547.243        34.2965
            286        313.677        546.427        34.1861
            287        1154.89        548.547        34.1327
            288        862.422        549.637        34.0314
            289        428.044        549.216        33.9161
            290        131.826        547.777        33.8295
            291        1548.63        551.216        33.8881
            292        2786.62        558.871        34.6286
            293        2882.97        566.803        35.4101
            294        184.961        565.505        35.3133
            295        287.571        564.563         35.206
            296        441.528        564.147        35.0894
            297        222.482        562.997        34.9899
            298        182.495         561.72        34.8957
            299        218.584        560.572        34.7977
            300        208.272        559.398        34.7014
            301        718.871        559.928          34.59
            302        129.726        558.503        34.5047
            303        133.418          557.1        34.4192
            304        1239.76        559.346        34.3792
            305        248.245        558.326        34.2815
            306        1518.97        561.465        34.3132
            307         2208.2        566.829        34.6193
            308        219.404        565.701        34.5252
            309        1221.97        567.825        34.4787
            310        1347.38         570.34        34.4592
            311        260.934        569.345        34.3626
            312        256.394        568.342         34.267
            313        195.506         567.15        34.1781
            314        153.384        565.833        34.0945
            315        156.571        564.533         34.011
            316         81.345        563.004        33.9376
            317        132.932        561.648        33.8576
            318        877.501        562.641        33.7656
            319        1343.58        565.089        33.7485
            320        358.357        564.443         33.649
            321        506.367        564.262        33.5445
            322        324.107        563.516        33.4485
            323        232.634        562.492        33.3605
            324        132.971        561.166        33.2838
            325        1823.82        565.051        33.4079
            326        171.007        563.843        33.3272
            327        1383.41        566.349        33.3195
            328        448.461        565.989        33.2197
            329        311.595        565.216        33.1276
            330        160.297        563.989        33.0499
            331        103.748        562.599        32.9792
            332        949.048        563.763        32.9003
            333        273.166         562.89         32.813
            334         325.06        562.178        32.7223
            335        36.4409        560.609        32.6622
            336        146.262        559.375        32.5882
            337        327.031        558.686        32.4987
            338        976.178        559.921        32.4259
            339        1394.39        562.383        32.4237
            340        53.5591        560.886        32.3628
            341        252.293        559.981        32.2805
            342        168.851        558.838        32.2063
            343        2685.95        565.039        32.7056
            344        69.9794          563.6        32.6421
            345        122.662        562.322        32.5724
            346        621.266        562.492        32.4786
            347        1562.71        565.375        32.5129
            348        208.059        564.348        32.4356
            349        269.544        563.503        32.3535
            350         489.86        563.293        32.2616
            351        167.252        562.164        32.1894
            352        125.273        560.923        32.1218
            353        275.708        560.115        32.0409
            354        473.654        559.871        31.9511
            355         1259.8        561.843         31.922
            356        404.598        561.401        31.8352
            357        151.444        560.253        31.7667
            358         716.49        560.689        31.6808
            359        126.479         559.48        31.6156
            360        292.989        558.739        31.5364
            361        215.657        557.789        31.4632
            362        855.823        558.612         31.387
            363        107.938        557.371         31.325
            364        107.415        556.135        31.2633
            365        1753.75        559.416        31.3497
            366        385.792        558.941        31.2675
            367        536.994        558.882        31.1823
            368        111.732        557.666        31.1212
            369        480.917        557.459        31.0374
            370         855.61        558.264        30.9639
            371        107.403        557.049        30.9042
            372        111.169         555.85        30.8443
            373        124.987        554.695        30.7832
            374        851.552        555.489         30.711
            375         227.55        554.615        30.6415
            376        132.035        553.491        30.5806
            377        191.175         552.53        30.5145
            378        260.815        551.758        30.4434
            379        130.611        550.647        30.3833
            380        777.612        551.244        30.3092
            381        2250.92        555.705        30.5569
            382        970.031         556.79        30.4961
            383         2484.9        561.824        30.8302
            384        215.151        560.921         30.763
            385        137.592        559.822        30.7027
            386        970.987        560.887        30.6416
            387        574.209        560.921        30.5623
            388        60.8897        559.632        30.5107
            389        1299.79        561.535        30.4916
            390        1096.58        562.907        30.4442
            391        1732.56        565.898        30.5133
            392        1014.24        567.042        30.4568
            393        170.833        566.034        30.3959
            394        2790.46         571.68        30.8399
            395        191.034        570.716        30.7768
            396        349.445        570.157         30.704
            397        1332.33        572.077        30.6867
            398        2469.48        576.845        30.9785
            399         412.04        576.432        30.9036
            400        283.933          575.7        30.8349
            401        109.639        574.538        30.7798
            402        198.484        573.603        30.7174
            403        411.176          573.2        30.6438
            404        342.315        572.628        30.5732
            405        86.6624        571.428        30.5212
            406        311.144        570.787        30.4527
            407        151.247        569.756        30.3952
            408        497.655        569.579        30.3211
            409        2239.65        573.663        30.5213
            410        810.912        574.241        30.4523
            411        89.5118        573.062         30.401
            412        408.003        572.661        30.3297
            413        329.093        572.072         30.262
            414        162.948        571.083        30.2049
            415        144.051        570.054        30.1496
            416        145.113        569.033        30.0944
            417         219.57        568.195        30.0338
            418        149.014        567.192        29.9787
            419        181.192        566.271        29.9212
            420        262.337        565.547        29.8587
            421        144.058        564.546        29.8045
            422        397.664        564.151        29.7364
            423        850.179        564.827        29.6737
            424        224.494        564.024        29.6146
            425        174.219        563.107         29.559
            426        594.393         563.18        29.4896
            427        52.7223        561.985        29.4448
            428        609.426        562.096        29.3761
            429        255.688        561.382        29.3163
            430        380.902        560.962         29.251
            431        796.979        561.509        29.1882
            432        289.216        560.879        29.1274
            433        849.447        561.546        29.0677
            434         411.63          561.2        29.0027
            435        843.603        561.849        28.9432
            436        889.543        562.601        28.8865
            437        308.586         562.02        28.8262
            438        243.745        561.293        28.7695
            439        2132.43        564.872        28.9261
            440        138.118        563.902        28.8766
            441        819.673        564.482        28.8169
            442        219.658        563.702        28.7622
            443        311.658        563.133        28.7029
            444        1860.36        566.055        28.7868
            445        492.213        565.889        28.7225
            446        145.633        564.946        28.6735
            447         197.53        564.124        28.6211
            448        534.917        564.059        28.5572
            449        1385.01        565.888        28.5522
            450        981.886        566.812        28.5036
            451        157.591        565.905        28.4548
            452        970.979        566.801        28.4059
            453        2574.51        571.233        28.6876
            454        195.271        570.405        28.6363
            455        260.164        569.723        28.5814
            456        366.683        569.278        28.5222
            457        141.263        568.341        28.4751
            458        309.405        567.776        28.4185
            459        177.521        566.925        28.3692
            460        246.727        566.229        28.3161
            461        223.084        565.485        28.2644
            462         283.83        564.875        28.2097
            463        128.415        563.933        28.1645
            464        184.865        563.116        28.1156
            465        174.703         562.28        28.0675
            466           1305        563.874        28.0525
            467        387.913        563.497        27.9949
            468        1190.84        564.838        27.9672
            469        540.535        564.786        27.9075
            470        507.616        564.665        27.8484
            471        119.089        563.718        27.8053
            472         88.243        562.711        27.7646
            473        128.395        561.793         27.721
            474         236.47        561.107         27.671
            475        88.1259        560.111        27.6306
            476        809.378        560.634        27.5775
            477        269.633        560.024        27.5264
            478        1287.27        561.546        27.5108
            479        178.057        560.745         27.465
            480        163.946        559.919        27.4202
            481        1616.67        562.116        27.4512
            482        50.4193        561.054        27.4147
            483        197.458        560.301        27.3683
            484        147.253        559.448         27.325
            485        1547.39        561.485        27.3446
            486        821.042        562.019        27.2935
            487        679.949        562.261        27.2385
            488        1367.96        563.912        27.2327
            489        132.028        563.029        27.1913
            490        296.204        562.484        27.1412
            491        535.827         562.43        27.0859
            492        869.602        563.054         27.038
            493        201.676        562.321        26.9931
            494         877.67         562.96        26.9459
            495        197.799        562.222        26.9016
            496        1061.76        563.229        26.8662
            497        167.314        562.432        26.8239
            498        1451.21        564.217        26.8294
            499        2275.47        567.647        26.9943
            500        137.959        566.787        26.9539
            501        220.036        566.095         26.909
            502        124.623        565.216        26.8697
            503        80.0554        564.251        26.8336
            504        391.005        563.907        26.7825
            505        242.357        563.271         26.737
            506        48.3991        562.253        26.7035
            507        702.812         562.53        26.6522
            508        156.208         561.73        26.6117
            509        323.322        561.262        26.5635
            510        1966.59        564.018        26.6542
            511        817.066        564.513        26.6066
            512        216.679        563.833        26.5633
            513        328.992        563.376        26.5154
            514        418.354        563.094        26.4653
            515        1135.93        564.206        26.4372
            516        157.566        563.418        26.3977
            517        90.6745        562.503        26.3625
            518        120.853        561.651        26.3253
            519        827.636        562.163        26.2796
            520        936.514        562.883        26.2389
            521        85.7234        561.967        26.2045
            522        1176.21        563.144        26.1807
            523        286.921        562.616        26.1359
            524        174.117        561.875        26.0965
            525        136.315        561.064        26.0594
            526        860.991        561.634         26.016
            527        270.264        561.081        25.9725
            528        237.746        560.469        25.9305
            529        198.426        559.784        25.8905
            530        137.303        558.987        25.8539
            531        685.381        559.225        25.8062
            532        1266.04        560.554        25.7919
            533         280.46        560.028        25.7488
            534        108.367        559.183        25.7145
            535        263.297         558.63        25.6723
            536        267.206        558.086        25.6302
            537         1154.7        559.197        25.6065
            538        403.353        558.907        25.5605
            539        383.219        558.581        25.5151
            540         288.14         558.08        25.4728
            541        105.291        557.244        25.4394
            542        163.373        556.517        25.4028
            543        696.146        556.774        25.3573
            544        426.623        556.535        25.3118
            545        1144.56        557.614        25.2883
            546        352.558        557.238        25.2448
            547        778.969        557.643        25.2018
            548        236.874        557.058        25.1626
            549        372.161        556.721         25.119
            550        268.489        556.197        25.0787
            551        214.373        555.577        25.0409
            552        163.097        554.866        25.0056
            553        327.078        554.454        24.9637
            554         220.53        553.851        24.9259
            555        319.612        553.429        24.8845
            556        94.2573        552.603        24.8535
            557        117.591        551.822        24.8211
            558        106.013        551.023        24.7894
            559        160.831        550.325        24.7549
            560        1189.75        551.467         24.737
            561        350.199        551.108        24.6955
            562        159.499        550.412        24.6614
            563        760.873        550.785        24.6204
            564        294.575        550.331        24.5809
            565        488.908        550.222        24.5376
            566        408.605        549.972        24.4954
            567        143.949        549.256        24.4627
            568        2475.25        552.647        24.6539
            569        304.355        552.211        24.6144
            570        119.207        551.451        24.5829
            571         1575.2        553.244        24.6052
            572        148.547        552.536        24.5724
            573        58.7572        551.675        24.5446
            574        301.451        551.239        24.5056
            575        338.876        550.869        24.4658
            576        728.066        551.177        24.4252
            577        439.027        550.983        24.3836
            578        235.958        550.438        24.3475
            579        219.474        549.866        24.3121
            580        877.721        550.431        24.2767
            581        861.329        550.966        24.2408
            582        180.953        550.331        24.2075
            583        89.3463         549.54        24.1789
            584        586.527        549.603        24.1375
            585        2436.69        552.829        24.3112
            586        1935.97        555.189        24.3842
            587        1452.65        556.718        24.3906
            588        86.4541        555.918        24.3622
            589        445.099         555.73        24.3215
            590        153.562        555.049        24.2898
            591        77.1574         554.24        24.2622
            592        275.116        553.769        24.2257
            593        1301.14        555.029        24.2177
            594        596.255        555.098        24.1769
            595        1540.59        556.755         24.193
            596        148.696         556.07        24.1621
            597        463.273        555.914        24.1221
            598        2914.63        559.859        24.4026
            599        94.4142        559.082        24.3742
            600        1386.84        560.461        24.3727
            601        349.527         560.11        24.3346
            602        428.877        559.892        24.2951
            603        703.121         560.13         24.256
            604        86.9043        559.346        24.2284
            605        237.743        558.815        24.1942
            606        1055.34        559.634        24.1681
            607        244.757        559.115        24.1339
            608        239.784         558.59        24.0999
            609        110.557        557.855        24.0715
            610        317.329         557.46        24.0352
            611        102.113        556.715        24.0074
            612        193.497        556.122        23.9755
            613        500.981        556.032        23.9366
            614        443.643        555.849        23.8982
            615        434.374        555.651        23.8602
            616        2406.74        558.656        24.0102
            617         308.57        558.251        23.9747
            618        357.945        557.927         23.938
            619        1098.46          558.8        23.9153
            620        590.838        558.852        23.8767
            621        257.432        558.366        23.8432
            622         422.41        558.148        23.8058
            623        178.184        557.538        23.7754
            624         674.11        557.724         23.738
            625        335.748        557.369        23.7027
            626        689.945        557.581        23.6657
            627        97.0868        556.847        23.6394
            628        295.966        556.431        23.6053
            629        955.322        557.065        23.5763
            630        414.583        556.839          23.54
            631        1181.34        557.829        23.5234
            632        1147.37        558.762        23.5047
            633        457.104        558.601        23.4681
            634        525.819        558.549        23.4311
            635        151.934        557.909        23.4029
            636        1670.26        559.658        23.4315
            637        63.8781         558.88        23.4076
            638        198.532        558.315        23.3777
            639        189.545        557.738        23.3482
            640         193.16        557.168        23.3187
            641        132.848        556.506        23.2917
            642        166.085        555.898        23.2633
            643        842.506        556.344        23.2314
            644        194.142        555.781        23.2021
            645        1327.34        556.978         23.197
            646        1215.52        557.997        23.1835
            647        171.394          557.4        23.1553
            648        756.052        557.706        23.1216
            649        361.925        557.404        23.0879
            650        449.637        557.239         23.053
            651        60.0292        556.475        23.0302
            652        50.5988        555.699        23.0079
            653        798.521        556.071        22.9757
            654        298.411        555.677        22.9439
            655        351.142        555.365         22.911
            656        72.0389        554.628        22.8879
            657         337.52        554.297        22.8554
            658        190.623        553.745        22.8273
            659        162.573        553.151        22.8004
            660        83.9686         552.44        22.7769
            661        546.528        552.431        22.7424
            662        220.973        551.931        22.7136
            663        193.292         551.39        22.6857
            664        306.065         551.02        22.6546
            665        81.2762        550.314        22.6315
            666        87.3348        549.619        22.6082
            667        1472.03        551.002        22.6166
            668        734.766        551.277        22.5844
            669        46.3362        550.522        22.5632
            670        987.327        551.174        22.5389
            671        115.299        550.524        22.5147
            672        200.208        550.003        22.4872
            673        766.613        550.325        22.4561
            674        327.636        549.994        22.4252
            675        252.304        549.553        22.3963
            676        152.121        548.965        22.3708
            677        208.731        548.463        22.3434
            678        90.4604        547.787        22.3207
            679        121.417        547.159        22.2966
            680        331.155        546.842        22.2661
            681         40.002        546.098        22.2458
            682        719.805        546.352        22.2146
            683         549.08        546.356        22.1821
            684        1783.22        548.164        22.2233
            685        931.089        548.724        22.1979
            686        971.497         549.34        22.1741
            687        2333.11        551.936        22.2935
            688        676.169        552.117        22.2618
            689        421.218        551.927        22.2303
            690        2088.95        554.154        22.3095
            691         953.38        554.732        22.2847
            692        156.087        554.156        22.2599
            693        1327.35        555.272        22.2558
            694         252.59        554.836         22.228
            695        1204.23         555.77        22.2156
            696        343.712        555.465        22.1858
            697        152.118        554.887        22.1615
            698        38.6443        554.147         22.142
            699        161.274        553.585        22.1175
            700        507.172        553.519         22.086
            701        1111.23        554.314        22.0688
            702        1821.76         556.12        22.1112
            703        448.407        555.967        22.0802
            704        156.816          555.4        22.0561
            705        498.465        555.319         22.025
            706        856.175        555.745        21.9979
            707         555.52        555.745        21.9667
            708        106.576         555.11        21.9449
            709        1512.09         556.46        21.9554
            710        280.102        556.071        21.9279
            711        169.146        555.527        21.9038
            712        153.609        554.962        21.8803
            713        110.392        554.339        21.8585
            714        1558.55        555.745        21.8731
            715        185.044        555.227        21.8487
            716        1379.05        556.377        21.8485
            717        187.146        555.862         21.824
            718        2109.57        558.026        21.9008
            719        127.503        557.427        21.8785
            720        85.7653        556.772        21.8579
            721        210.025        556.291        21.8329
            722        190.033        555.784        21.8085
            723        398.032        555.566        21.7794
            724        248.914        555.142        21.7534
            725        90.1225        554.501        21.7329
            726        421.565        554.318        21.7037
            727        110.997        553.708        21.6824
            728         1389.3        554.856         21.683
            729        1000.99        555.468        21.6619
            730        151.989        554.915        21.6393
            731        148.845         554.36        21.6168
            732         1093.5        555.096        21.5998
            733        337.212        554.799        21.5723
            734        219.468        554.342        21.5478
            735        107.205        553.734         21.527
            736        139.539        553.171        21.5051
            737        98.2666        552.554        21.4848
            738        220.251        552.103        21.4604
            739        278.586        551.733        21.4345
            740        237.777        551.309        21.4097
            741        759.946        551.591        21.3827
            742        146.839        551.045        21.3608
            743        2024.09        553.028         21.424
            744        222.827        552.584        21.3998
            745        286.148        552.226         21.374
            746        136.924        551.669        21.3526
            747        630.761        551.775        21.3243
            748        378.757        551.544         21.297
            749        225.023        551.108         21.273
            750         140.61        550.561        21.2517
            751        1211.73        551.441        21.2416
            752        124.038        550.873         21.221
            753           1883        552.642        21.2665
            754        791.911        552.959        21.2406
            755        306.259        552.632         21.215
            756        145.473        552.094        21.1937
            757        1684.99         553.59        21.2186
            758        1437.63        554.757        21.2226
            759        239.116        554.341        21.1987
            760        890.902        554.784        21.1754
            761        273.665        554.414        21.1508
            762        153.268        553.888        21.1296
            763        146.607        553.354        21.1086
            764        172.978        552.856        21.0869
            765        217.226        552.417        21.0639
            766         2310.7        554.713        21.1612
            767        1663.82        556.159         21.183
            768        369.878        555.916        21.1568
            769         1957.2        557.739        21.2077
            770        673.529        557.889        21.1807
            771        80.0082        557.269        21.1623
            772        998.611        557.841        21.1426
            773        716.976        558.047        21.1162
            774        429.576        557.881        21.0896
            775        1390.05        558.954        21.0897
            776        249.164        558.555        21.0663
            777        108.434        557.976        21.0471
            778        949.171        558.479        21.0261
            779        133.314        557.933        21.0061
            780        310.177        557.615        20.9816
            781        118.406        557.053        20.9623
            782        65.3464        556.424        20.9449
            783         148.27        555.903        20.9246
            784        65.3681        555.277        20.9073
            785        163.174        554.778        20.8866
            786        119.174        554.224        20.8674
            787        846.155        554.594        20.8441
            788        126.577        554.051        20.8247
            789        177.579        553.574        20.8038
            790        1183.52        554.372        20.7927
            791        1748.14        555.881        20.8212
            792         232.18        555.472        20.7989
            793        204.299        555.029        20.7774
            794        172.533        554.547        20.7568
            795        1846.18        556.172        20.7942
            796        223.429        555.754        20.7723
            797        155.132        555.251        20.7523
            798        75.4988         554.65         20.735
            799        254.518        554.275        20.7125
            800        2939.34        557.256        20.9003
            801        137.782        556.732        20.8807
            802        160.358        556.238        20.8605
            803        353.878        555.986        20.8361
            804         587.39        556.025        20.8102
            805        242.035        555.635         20.788
            806        1389.75         556.67        20.7879
            807        1219.98        557.492        20.7784
            808        338.704        557.221        20.7545
            809        709.165        557.409        20.7296
            810        674.274        557.553        20.7045
            811        1294.45        558.462        20.6989
            812        453.349        558.332        20.6738
            813        170.294        557.855        20.6539
            814        637.014        557.952        20.6288
            815        200.014        557.513        20.6081
            816        1437.36        558.591        20.6111
            817         1351.7        559.562        20.6087
            818        435.432         559.41         20.584
            819        1401.49        560.439        20.5846
            820        109.832        559.889        20.5668
            821        203.002        559.454        20.5463
            822        246.788        559.074        20.5249
            823        93.8597        558.509        20.5077
            824        3076.67        561.565        20.7095
            825         3747.1        565.426        21.0417
            826         643.85        565.521        21.0164
            827        226.505        565.111         20.995
            828        219.575        564.694        20.9738
            829        269.526        564.338        20.9515
            830        1643.24        565.638        20.9666
            831        134.935        565.119        20.9477
            832        297.266        564.797         20.925
            833        258.502         564.43        20.9031
            834        757.155        564.661        20.8793
            835         536.87        564.627        20.8543
            836        1214.47        565.405        20.8439
            837        300.094        565.088        20.8214
            838        1225.19        565.875        20.8114
            839        413.141        565.693        20.7874
            840        552.705        565.678        20.7626
            841        215.312        565.261        20.7421
            842        762.703        565.496        20.7188
            843        1677.34        566.815        20.7362
            844        3072.88        569.784        20.9234
            845        828.515         570.09        20.9008
            846        531.204        570.044        20.8762
            847        1628.67        571.294        20.8889
            848        741.125        571.494        20.8652
            849        519.475        571.433        20.8407
            850        535.683        571.391        20.8163
            851        960.316        571.848        20.7968
            852        2089.03        573.629        20.8486
            853        321.253        573.333        20.8262
            854        153.248        572.841        20.8076
            855         215.06        572.423        20.7875
            856        768.179        572.651        20.7644
            857        120.635        572.124        20.7469
            858        157.496        571.641        20.7283
            859        1369.27        572.569         20.725
            860        340.828          572.3        20.7027
            861        991.961        572.787        20.6843
            862        149.942        572.297        20.6662
            863        646.012        572.382        20.6424
            864        1265.38        573.184        20.6341
            865        864.017         573.52        20.6129
            866        145.662        573.026         20.595
            867        548.997        572.998        20.5713
            868        395.127        572.794        20.5486
            869         215.52        572.382        20.5291
            870        339.887        572.115        20.5072
            871        192.236        571.679        20.4883
            872         127.08        571.169        20.4711
            873        391.087        570.963        20.4487
            874         88.503        570.411        20.4327
            875        247.464        570.042        20.4127
            876        257.085        569.685        20.3925
            877        187.406        569.249        20.3739
            878        385.077        569.039        20.3518
            879         1089.5        569.631        20.3372
            880        217.682        569.231        20.3181
            881        42.1397        568.633        20.3038
            882        849.049        568.951        20.2833
            883        98.4627        568.418        20.2673
            884        51.9598        567.834        20.2528
            885        393.516        567.637        20.2308
            886        381.479        567.427        20.2091
            887        115.815        566.917        20.1927
            888         195.56        566.499        20.1743
            889        88.2188        565.961        20.1588
            890        181.063        565.529        20.1407
            891        348.977        565.286        20.1196
            892        957.896        565.726        20.1018
            893        602.525        565.767        20.0794
            894        176.067        565.331        20.0616
            895        409.669        565.157        20.0399
            896        105.407        564.644        20.0241
            897        139.653         564.17        20.0074
            898        237.006        563.806        19.9884
            899        225.335         563.43        19.9697
            900        1202.47         564.14        19.9602
            901        166.982        563.699        19.9429
            902        100.309        563.185        19.9274
            903        171.045        562.751          19.91
            904        122.726        562.264         19.894
            905         360.49        562.041        19.8732
            906         673.54        562.164        19.8517
            907        132.849        561.691        19.8354
            908        183.793        561.275        19.8179
            909        207.013        560.885        19.7999
            910        316.262        560.616          19.78
            911        566.251        560.622        19.7583
            912        317.053        560.355        19.7384
            913        528.039         560.32        19.7168
            914        108.535        559.825        19.7014
            915        50.0721        559.268        19.6878
            916        128.545        558.798        19.6719
            917        564.471        558.804        19.6504
            918        400.684        558.632        19.6298
            919        1682.82        559.855        19.6465
            920        1928.22        561.343        19.6814
            921         2596.8        563.553        19.7839
            922         706.05        563.707         19.763
            923        683.169        563.837         19.742
            924        188.767        563.431        19.7248
            925        216.228        563.055         19.707
            926        242.402        562.709        19.6888
            927        239.991        562.361        19.6706
            928        123.408        561.888        19.6551
            929        158.987        561.454        19.6387
            930         130.12        560.991        19.6231
            931         145.63        560.544        19.6071
            932         277.13         560.24        19.5884
            933         915.88        560.622        19.5711
            934        181.844        560.216        19.5543
            935        161.562         559.79        19.5381
            936        200.312        559.406        19.5209
            937        260.114        559.086        19.5027
            938        375.221         558.89        19.4829
            939        181.931        558.489        19.4663
            940        1195.34        559.166        19.4574
            941        133.709        558.714        19.4419
            942        1503.58        559.717        19.4472
            943         103.54        559.233        19.4326
            944         212.82        558.866        19.4154
            945        314.808        558.608        19.3966
            946        257.515         558.29        19.3787
            947        227.187         557.94        19.3614
            948        1513.83        558.949        19.3672
            949        871.158        559.277        19.3496
            950        405.777        559.116        19.3299
            951        53.7117        558.584        19.3169
            952        248.828        558.259        19.2993
            953        896.969        558.615        19.2823
            954        214.573        558.254        19.2655
            955        214.333        557.894        19.2486
            956         2273.5        559.688        19.3121
            957        929.355        560.075        19.2957
            958        405.695        559.913        19.2763
            959        118.495        559.453        19.2616
            960        129.796        559.006        19.2468
            961        471.948        558.915         19.227
            962        689.372        559.051        19.2074
            963        1738.85        560.276        19.2266
            964        116.859        559.816        19.2121
            965        243.156        559.488         19.195
            966        278.011        559.196        19.1773
            967        514.924         559.15        19.1575
            968        1167.58        559.779        19.1481
            969         798.71        560.026        19.1299
            970         226.09        559.681        19.1132
            971        152.362        559.262        19.0982
            972        725.271        559.433        19.0793
            973        222.911        559.087        19.0628
            974        1892.07        560.455        19.0923
            975        167.732        560.053         19.077
            976        188.978        559.672        19.0612
            977        652.934        559.768        19.0419
            978        306.344        559.509        19.0242
            979        200.219        559.142        19.0083
            980        245.757        558.822        18.9916
            981        1250.62        559.527        18.9853
            982        251.108        559.213        18.9686
            983        198.082        558.846        18.9528
            984        471.575        558.757        18.9338
            985        138.104         558.33        18.9194
            986        1155.05        558.935        18.9099
            987        78.5426        558.448         18.897
            988        115.511            558        18.8831
            989        1492.96        558.945        18.8877
            990        761.248         559.15        18.8697
            991        1266.92        559.864        18.8642
            992        109.713         559.41        18.8506
            993        887.731        559.741        18.8346
            994        218.055        559.397        18.8187
            995         130.11        558.966        18.8048
            996        686.779        559.094        18.7863
            997        217.495        558.751        18.7706
            998        3775.62        561.975        19.0268
            999        1678.71        563.092        19.0406
           1000        810.989         563.34        19.0231
