            0.5           1000          20000              0
              1          200.6          200.6              0
              2        301.763        251.182        50.5812
              3        971.983        491.449        242.035
              4         840.88        578.806        192.151
              5        894.268        641.899        161.659
              6        880.171        681.611        137.839
              7        699.354        684.146        116.523
              8        327.743        639.595        110.308
              9         368.99        609.528        101.823
             10        353.609        583.936        94.6008
             11        476.681        574.186        86.1233
             12        213.419        544.122        84.1716
             13        377.176         531.28        78.4844
             14        183.135        506.412        76.7999
             15          701.5        519.418        72.6701
             16        217.756        500.564        70.5429
             17        188.357        482.199        68.7614
             18        1011.78         511.62        71.1926
             19        138.048        491.959        70.1531
             20        318.178         483.27        67.1179
             21        158.723        467.815        65.6858
             22        614.771        474.495        62.9842
             23        275.757        465.854        60.8006
             24        110.977        451.068        60.0608
             25        746.754        462.895        58.8099
             26        1751.05         512.44        75.1479
             27        242.813        502.453        72.9974
             28        274.398        494.309         70.812
             29        222.296        484.929        68.9674
             30        294.276        478.574        66.9313
             31        1226.97        502.715        69.0912
             32        354.532        498.085        67.0574
             33        155.831        487.713        65.8159
             34        656.649        492.682        64.0438
             35        121.571        482.079        63.0845
             36        256.344        475.808         61.627
             37        153.061        467.086        60.5697
             38        544.866        469.132        58.9897
             39        707.715         475.25         57.782
             40        600.989        478.393        56.4066
             41        117.769        469.598        55.7123
             42        517.565         470.74        54.3816
             43        1801.25        501.682        61.4592
             44         409.76        499.593        60.0824
             45        246.654        493.972        59.0005
             46        925.427        503.351        58.4609
             47        818.107        510.048        57.5942
             48        123.477        501.995        56.9539
             49        159.664        495.008        56.2152
             50        791.939        500.947        55.3987
             51        531.384        501.544        54.3048
             52        231.154        496.344        53.5036
             53        484.858        496.127        52.4848
             54         552.44         497.17        51.5142
             55        997.949        506.275        51.3821
             56         717.07        510.039        50.5964
             57        207.077        504.724        49.9843
             58        302.195        501.232        49.2389
             59        226.673        496.579        48.6203
             60        122.106        490.338        48.2088
             61         1265.5        503.045        49.0854
             62          599.4        504.599        48.3122
             63        401.845        502.968        47.5671
             64        273.223        499.378        46.9554
             65        422.564        498.197        46.2425
             66        127.915        492.586        45.8807
             67        1658.89        509.994        48.4276
             68        230.451        505.883        47.8869
             69        270.369         502.47         47.311
             70         576.11        503.522        46.6421
             71        123.669        498.172        46.2907
             72        1088.02        506.364        46.3726
             73        270.859        503.138        45.8466
             74        603.218         504.49         45.243
             75        251.177        501.113        44.7633
             76        347.846        499.096        44.2164
             77        311.815        496.664        43.7061
             78        2539.97         522.86        50.4727
             79        160.209         518.27        50.0407
             80        631.457        519.685        49.4315
             81        365.079        517.776        48.8547
             82         482.51        517.346        48.2571
             83        599.032         518.33        47.6823
             84        594.667        519.239          47.12
             85        187.884         515.34        46.7253
             86        462.051        514.721        46.1829
             87         316.87        512.447        45.7056
             88        887.958        516.714        45.3843
             89        188.739        513.029        45.0225
             90        131.216        508.786        44.7211
             91        299.682        506.489        44.2866
             92        45.6906         501.48         44.088
             93        145.277         497.65        43.7793
             94        317.196         495.73        43.3535
             95        148.393        492.074        43.0503
             96        719.395        494.442        42.6653
             97           2645        516.612          47.69
             98        837.919        519.891        47.3145
             99        1392.82        528.709         47.657
            100         280.02        526.222        47.2435
            101        190.583        522.899        46.8913
            102        519.805        522.868        46.4293
            103        130.553        519.059        46.1339
            104        284.714        516.806        45.7436
            105        270.477         514.46        45.3666
            106        625.659        515.509        44.9488
            107        248.773        513.016        44.5965
            108        1053.81        518.024        44.4645
            109        515.338        517.999        44.0547
            110        431.353        517.211        43.6594
            111        563.986        517.633        43.2664
            112        236.409        515.122        42.9518
            113        606.517        515.931        42.5777
            114         671.24        517.293        42.2245
            115        131.163        513.935        41.9902
            116        154.777        510.839        41.7416
            117          319.9        509.207        41.4155
            118        1506.78        517.661        41.9242
            119        205.151        515.035        41.6533
            120        551.349        515.338        41.3058
            121         998.87        519.334        41.1575
            122        1066.67         523.82        41.0646
            123        1325.61        530.339        41.2477
            124        469.648        529.849        40.9166
            125         346.05        528.379        40.6146
            126         327.43        526.784        40.3225
            127        119.915         523.58        40.1318
            128        919.814        526.676        39.9372
            129        131.572        523.613        39.7446
            130        458.724        523.114        39.4408
            131         837.98        525.518        39.2123
            132        144.368         522.63        39.0211
            133        388.376        521.621        38.7398
            134        266.757        519.719        38.4966
            135        84.2947        516.493        38.3463
            136        751.477        518.221        38.1025
            137        1316.57        524.048        38.2696
            138        1034.49        527.747        38.1709
            139        798.895        529.698        37.9455
            140        535.069        529.736        37.6735
            141        162.963        527.135        37.4957
            142         191.58        524.772        37.3056
            143        1668.22        532.768         37.897
            144         287.28        531.063        37.6715
            145         613.34        531.631        37.4151
            146        372.664        530.542        37.1739
            147        203.154        528.315        36.9872
            148        235.794        526.338        36.7896
            149        450.925        525.832        36.5454
            150        1588.65        532.918        36.9859
            151        279.571         531.24        36.7785
            152          699.6        532.348        36.5525
            153        768.627        533.892        36.3456
            154        278.219        532.232         36.147
            155        1036.17        535.483        36.0599
            156        1845.62        543.881        36.7991
            157        184.187         541.59        36.6357
            158        769.489        543.033        36.4317
            159        290.491        541.444        36.2366
            160        260.997        539.691        36.0521
            161        321.566        538.337        35.8531
            162        292.179        536.817        35.6634
            163        522.615         536.73        35.4441
            164        197.075        534.659        35.2881
            165        478.885        534.321        35.0752
            166        1793.89        541.909        35.6795
            167        215.198        539.952        35.5191
            168        612.326        540.383        35.3097
            169        97.7225        537.764        35.1977
            170        255.165        536.102        35.0295
            171        525.241        536.038        34.8241
            172        142.053        533.747        34.6967
            173        806.446        535.324        34.5316
            174        224.953         533.54        34.3789
            175        707.349        534.533        34.1963
            176         580.14        534.792        34.0024
            177        546.079        534.856        33.8098
            178        193.585        532.939         33.674
            179        837.045        534.638        33.5284
            180        424.666        534.027        33.3472
            181        737.264         535.15        33.1815
            182        179.569        533.196        33.0564
            183        254.061        531.671        32.9107
            184          227.7        530.019         32.773
            185        274.748        528.639        32.6245
            186        108.994        526.383         32.527
            187         618.77        526.877        32.3564
            188        419.918        526.308        32.1888
            189         776.79        527.633        32.0455
            190        483.726        527.402        31.8772
            191        1365.67        531.791        32.0121
            192        717.948         532.76        31.8597
            193        254.074        531.316        31.7271
            194        518.207        531.249        31.5632
            195        531.754        531.251        31.4009
            196        588.929        531.546        31.2417
            197        212.062        529.924         31.125
            198        351.425        529.022        30.9805
            199        433.318        528.541        30.8282
            200        189.725        526.847        30.7204
            201        903.022        528.719        30.6244
            202        746.587        529.797        30.4915
            203         292.44        528.628        30.3635
            204        581.789        528.889        30.2154
            205        112.531        526.858        30.1361
            206         771.24        528.044         30.013
            207        178.036        526.353        29.9154
            208        190.541        524.739         29.815
            209        694.903        525.553        29.6832
            210        558.382        525.709        29.5419
            211        340.687        524.832        29.4146
            212        261.983        523.592        29.3018
            213         628.71        524.086        29.1681
            214        385.693        523.439        29.0387
            215         642.05        523.991        28.9086
            216        1817.56         529.98         29.391
            217        144.837        528.205         29.309
            218        2309.18        536.374        30.2966
            219        666.399        536.968        30.1637
            220        738.434        537.884        30.0403
            221        439.424        537.438        29.9074
            222        651.914        537.954        29.7768
            223        307.237        536.919         29.661
            224        198.544        535.409        29.5669
            225        900.276        537.031        29.4799
            226        456.359        536.674        29.3513
            227        1114.61         539.22        29.3324
            228        152.482        537.523        29.2527
            229        137.985        535.779        29.1769
            230         778.42        536.834        29.0689
            231         249.88        535.591        28.9694
            232        691.161        536.262        28.8521
            233        500.329        536.108        28.7284
            234        633.857        536.525        28.6084
            235        168.218        534.958        28.5295
            236        424.902        534.492        28.4122
            237        904.082        536.051         28.335
            238        104.743        534.239        28.2738
            239        1193.93        536.999        28.2903
            240        1843.38        542.443        28.6932
            241        933.878        544.067          28.62
            242        1806.84        549.285        28.9752
            243        117.908         547.51        28.9103
            244        101.279        545.681        28.8496
            245        1550.79        549.783         29.023
            246        1141.99        552.191        29.0049
            247        188.203        550.717        28.9248
            248        146.247        549.086         28.854
            249        256.976        547.913        28.7618
            250        1127.51        550.231        28.7402
            251        189.127        548.793        28.6616
            252        286.377        547.751        28.5666
            253        146.726        546.166        28.4976
            254        720.099        546.851        28.3935
            255        1772.93        551.659        28.6877
            256        580.413        551.771        28.5756
            257        285.364        550.735        28.4831
            258        217.168        549.442        28.4019
            259        127.682        547.814        28.3389
            260        336.424        547.001        28.2414
            261        78.1965        545.204        28.1902
            262        164.671        543.752          28.12
            263        706.571        544.371        28.0197
            264        822.097        545.423        27.9332
            265         1390.7        548.613        28.0098
            266         280.27        547.604        27.9225
            267        910.552        548.963        27.8509
            268        111.768        547.332        27.7947
            269        1844.34        552.154        28.1078
            270         402.81          551.6         28.009
            271        90.6058        549.899        27.9573
            272        208.463        548.644        27.8826
            273        313.627        547.783        27.7936
            274        238.153        546.653         27.715
            275        623.169        546.931        27.6154
            276        1206.99        549.323        27.6189
            277          516.9        549.206        27.5193
            278        186.835        547.902        27.4511
            279        695.032         548.43        27.3576
            280        161.424        547.048        27.2947
            281        181.191        545.746        27.2286
            282        1479.66        549.057        27.3332
            283        175.318        547.737        27.2685
            284        784.484         548.57        27.1851
            285        225.466        547.437        27.1132
            286        146.369        546.034        27.0546
            287        1089.58        547.928        27.0266
            288        604.377        548.124        26.9333
            289        744.806        548.805        26.8486
            290        1208.91        551.081        26.8525
            291        80.4664        549.464        26.8089
            292        238.873          548.4        26.7381
            293        500.571        548.237        26.6472
            294        203.658        547.065        26.5822
            295        239.117        546.021        26.5125
            296        156.826        544.706        26.4555
            297        563.961        544.771        26.3664
            298        517.861        544.681        26.2779
            299        109.045        543.224        26.2304
            300         221.28         542.15        26.1648
            301        432.031        541.785        26.0803
            302        440.618         541.45        25.9959
            303         385.82        540.936        25.9151
            304        160.215        539.684        25.8601
            305        215.308         538.62        25.7971
            306        300.544        537.842        25.7244
            307         189.88        536.709        25.6655
            308        1549.51        539.997        25.7925
            309        1104.35        541.823        25.7737
            310        1116.15        543.676        25.7571
            311        120.594        542.316        25.7102
            312        257.138        541.402         25.644
            313        975.723        542.789        25.5995
            314        364.156         542.22        25.5242
            315        183.816        541.083        25.4685
            316         280.24        540.257        25.4012
            317         1013.4         541.75        25.3649
            318        169.223        540.578        25.3121
            319        240.529        539.638        25.2502
            320        288.843        538.854        25.1833
            321        171.883        537.711        25.1308
            322        897.835        538.829        25.0775
            323        413.917        538.442        25.0028
            324        448.028        538.163        24.9271
            325        915.149        539.323        24.8773
            326        445.852        539.036        24.8025
            327        841.588        539.962        24.7439
            328        1289.15        542.246        24.7738
            329        638.934         542.54        24.7002
            330        128.187        541.284        24.6572
            331        166.405        540.152        24.6087
            332        594.319        540.315         24.535
            333        193.789        539.274        24.4833
            334        138.014        538.073        24.4394
            335        209.297        537.091        24.3861
            336        311.288        536.419        24.3227
            337         558.54        536.485        24.2505
            338        307.388        535.807        24.1882
            339        464.328        535.596        24.1176
            340        208.643        534.635        24.0658
            341        247.294        533.792        24.0099
            342        457.428        533.569        23.9407
            343        141.114        532.425        23.8982
            344        161.235        531.345         23.853
            345        828.864        532.208        23.7994
            346        763.972        532.878          23.74
            347        1226.74        534.877        23.7558
            348        346.815        534.337        23.6936
            349        204.942        533.393        23.6444
            350        990.569        534.699        23.6129
            351          356.9        534.193         23.551
            352        2852.85         540.78        24.3903
            353        2374.03        545.973        24.8694
            354        504.163        545.855        24.7994
            355         459.59        545.612        24.7306
            356        566.409         545.67        24.6611
            357        173.478        544.628         24.614
            358        200.052        543.665         24.564
            359        249.682        542.846        24.5092
            360        1271.19         544.87        24.5246
            361        581.866        544.972        24.4568
            362        1796.63         548.43         24.633
            363        153.438        547.342        24.5892
            364        582.082        547.437        24.5217
            365        139.523         546.32        24.4799
            366        264.069        545.548        24.4251
            367        124.323        544.401        24.3855
            368        815.568        545.137        24.3303
            369        1367.21        547.365        24.3664
            370        151.348        546.295         24.324
            371        427.161        545.974        24.2605
            372        127.213        544.848        24.2213
            373        485.924         544.69        24.1568
            374        849.816        545.506         24.106
            375        180.191        544.532        24.0613
            376        289.798        543.854        24.0068
            377        115.042        542.717          23.97
            378        150.304        541.679        23.9291
            379        150.282        540.646        23.8882
            380        178.128        539.692        23.8443
            381         1436.7        542.046        23.8979
            382         280.65        541.362        23.8451
            383        1784.13        544.607        24.0031
            384        285.312        543.932          23.95
            385        246.642         543.16        23.9002
            386        138.265        542.111        23.8613
            387        292.979        541.467        23.8082
            388        613.454        541.652        23.7475
            389        556.858        541.691        23.6864
            390        796.699        542.345        23.6347
            391        822.386        543.062         23.585
            392         1953.7         546.66        23.7984
            393         337.07        546.127        23.7438
            394        1109.02        547.556        23.7265
            395         487.68        547.404        23.6668
            396        239.245        546.626        23.6198
            397        232.567        545.835        23.5735
            398        191.938        544.945         23.531
            399        245.229        544.194         23.484
            400         151.74        543.213        23.4457
            401        150.941        542.235        23.4077
            402        1003.93        543.383        23.3776
            403        749.844        543.896        23.3251
            404        80.1795        542.748        23.2956
            405        171.703        541.832        23.2561
            406        402.066        541.488        23.2013
            407        187.112        540.617        23.1606
            408        361.925        540.179        23.1079
            409        411.846        539.865        23.0535
            410         235.02        539.122        23.0092
            411         72.854        537.987        22.9811
            412        105.079        536.936        22.9494
            413        158.264        536.019        22.9121
            414         881.63        536.854        22.8719
            415        147.798        535.917         22.836
            416        272.459        535.283        22.7898
            417        168.609        534.404        22.7521
            418        760.747        534.946        22.7041
            419        284.658        534.348        22.6577
            420         149.41        533.432        22.6223
            421        961.975         534.45        22.5914
            422        400.546        534.132          22.54
            423        729.964        534.595        22.4915
            424        239.159        533.899        22.4492
            425        636.424         534.14        22.3976
            426         280.05        533.543        22.3529
            427        155.088        532.657        22.3181
            428        1240.63        534.311        22.3272
            429        1079.14        535.581        22.3113
            430         1326.8        537.421        22.3353
            431        409.485        537.124        22.2854
            432        1222.15         538.71        22.2902
            433        974.156        539.716        22.2614
            434        1401.91        541.702        22.2987
            435        97.9979        540.682        22.2708
            436        382.642         540.32        22.2226
            437        501.658        540.231        22.1719
            438        157.747        539.358        22.1384
            439        279.446        538.766        22.0959
            440        1050.97         539.93        22.0763
            441        1276.51          541.6        22.0894
            442        156.732         540.73        22.0566
            443        165.362        539.882         22.023
            444        442.257        539.662        21.9745
            445        116.394        538.711        21.9457
            446        221.484            538        21.9079
            447        516.623        537.952        21.8589
            448        225.121        537.254        21.8213
            449        143.644        536.377        21.7903
            450        342.886        535.947         21.746
            451        148.146        535.087        21.7148
            452        1328.31        536.842        21.7376
            453        158.295        536.007        21.7057
            454        320.178        535.531        21.6631
            455        783.003        536.075        21.6222
            456        633.439        536.289        21.5758
            457        666.303        536.573        21.5304
            458        120.896        535.666        21.5025
            459        1248.32        537.218        21.5117
            460        221.942        536.533        21.4759
            461        431.511        536.305        21.4304
            462        723.649        536.711        21.3878
            463        825.353        537.334        21.3507
            464        321.924         536.87        21.3097
            465        591.525        536.987        21.2642
            466        818.914        537.592        21.2271
            467        667.711        537.871        21.1834
            468        367.244        537.506        21.1413
            469        260.228        536.915        21.1044
            470        553.289         536.95        21.0595
            471        379.533        536.616        21.0174
            472        2019.95        539.758         21.207
            473        227.248        539.098        21.1724
            474         231.15        538.448        21.1377
            475        674.707        538.735        21.0951
            476        280.504        538.192        21.0577
            477        275.509        537.642        21.0207
            478        927.435        538.457        20.9925
            479        796.512        538.996        20.9556
            480        938.061        539.827        20.9284
            481        1425.14        541.668        20.9658
            482        1635.19        543.937        21.0449
            483        875.381        544.623        21.0125
            484        344.159        544.209        20.9731
            485        535.988        544.192        20.9298
            486        273.003        543.634        20.8942
            487        221.412        542.972        20.8617
            488        173.855        542.216        20.8327
            489        469.527        542.067        20.7906
            490        219.201        541.408        20.7585
            491        723.763        541.779        20.7196
            492        116.559        540.915        20.6954
            493        1290.37        542.435        20.7093
            494        795.137        542.947        20.6737
            495        527.912        542.917        20.6319
            496        184.192        542.193        20.6029
            497         1166.8         543.45        20.5998
            498        211.288        542.783        20.5692
            499        162.741        542.021        20.5421
            500        954.459        542.846        20.5175
            501        994.109        543.747        20.4964
            502        92.4994        542.848        20.4752
            503        354.559        542.474        20.4379
            504        328.404        542.049        20.4017
            505        773.104        542.507        20.3664
            506        286.291            542        20.3325
            507        503.002        541.923        20.2925
            508          617.2        542.071         20.253
            509         170.67        541.342        20.2264
            510        364.251        540.995        20.1896
            511        152.199        540.234        20.1644
            512        114.668        539.403        20.1422
            513        281.469          538.9        20.1092
            514        744.946        539.301         20.074
            515        485.608        539.196        20.0353
            516        1099.69        540.283        20.0259
            517        923.358        541.024        20.0008
            518        738.835        541.405        19.9658
            519        309.927        540.959        19.9323
            520        97.3635        540.106        19.9122
            521        557.101        540.139         19.874
            522         331.62         539.74        19.8399
            523         159.16        539.012        19.8153
            524        416.193        538.777        19.7789
            525         322.24        538.365        19.7455
            526         104.59         537.54        19.7251
            527         388.82        537.258        19.6897
            528        1527.22        539.133        19.7416
            529        659.582        539.361        19.7056
            530        257.474        538.829        19.6755
            531        116.645        538.034        19.6545
            532        283.679        537.556        19.6234
            533        280.383        537.073        19.5925
            534        1117.58         538.16        19.5859
            535        1722.77        540.375        19.6743
            536        182.412        539.707        19.6489
            537        760.683        540.118        19.6166
            538        151.421        539.396        19.5934
            539        261.236         538.88        19.5638
            540        1147.72        540.007        19.5601
            541        202.024        539.382        19.5339
            542        268.865        538.883        19.5042
            543        265.598         538.38        19.4748
            544        241.592        537.834        19.4466
            545        766.319        538.254        19.4154
            546          824.4        538.778        19.3869
            547        1786.21        541.058        19.4853
            548        274.546        540.572        19.4558
            549        777.836        541.004        19.4252
            550        755.887        541.395        19.3937
            551        756.226        541.785        19.3624
            552        713.373        542.095        19.3298
            553         153.22        541.392        19.3077
            554        614.773        541.525        19.2732
            555        517.203        541.481        19.2385
            556         230.62        540.922         19.212
            557        204.498        540.318         19.187
            558        170.536        539.655        19.1641
            559        1273.49        540.968        19.1747
            560        113.804        540.205        19.1557
            561        107.331        539.433         19.137
            562        1364.94        540.902        19.1593
            563        290.345        540.457        19.1305
            564        835.611        540.981        19.1037
            565        878.432        541.578        19.0792
            566        563.599        541.617        19.0455
            567        210.682        541.033        19.0208
            568        1061.78         541.95        19.0094
            569        181.663        541.317        18.9866
            570        691.536         541.58        18.9551
            571         1001.7        542.386         18.939
            572        795.161        542.828         18.911
            573        443.936        542.655        18.8788
            574        178.449        542.021        18.8565
            575        3232.82        546.701        19.3967
            576        708.327        546.981         19.365
            577        281.117         546.52        19.3369
            578        97.6862        545.744         19.319
            579        134.596        545.034        19.2987
            580        136.916         544.33        19.2782
            581        1661.31        546.253        19.3408
            582        1088.49        547.184          19.33
            583         713.88         547.47         19.299
            584        930.199        548.126         19.277
            585        1255.09        549.334         19.282
            586        331.063        548.962        19.2526
            587        245.859        548.445        19.2267
            588         691.64        548.689        19.1956
            589        284.229         548.24        19.1682
            590        148.634        547.562        19.1477
            591        192.524        546.962        19.1247
            592        187.877        546.355         19.102
            593         1097.1        547.284        19.0923
            594        972.478            548        19.0736
            595        1638.81        549.833        19.1296
            596         189.62        549.229         19.107
            597        275.557         548.77        19.0805
            598        1274.87        549.984        19.0872
            599        418.915        549.766        19.0566
            600        113.208        549.038        19.0387
            601        596.719        549.117        19.0072
            602        639.115        549.267        18.9761
            603        191.445        548.673        18.9539
            604        742.375        548.994        18.9252
            605        270.829        548.534        18.8995
            606        134.452        547.851        18.8807
            607        215.002        547.303        18.8575
            608        367.138        547.006        18.8288
            609        1366.02        548.351        18.8459
            610        399.059        548.107        18.8166
            611        1517.05        549.692        18.8526
            612        517.789         549.64        18.8218
            613        399.969        549.396        18.7927
            614        272.669        548.945        18.7675
            615        500.527        548.867        18.7371
            616        1658.28        550.668        18.7932
            617        421.462        550.458        18.7638
            618        727.748        550.745        18.7356
            619        700.028        550.986        18.7069
            620        145.733        550.333        18.6881
            621        156.315        549.698        18.6688
            622         695.27        549.932        18.6402
            623        107.603        549.222        18.6238
            624        153.653        548.588        18.6048
            625        651.804        548.753        18.5757
            626        1253.37        549.879        18.5801
            627        1065.42        550.701        18.5687
            628        862.014        551.197        18.5457
            629        219.789         550.67        18.5237
            630        523.489        550.627        18.4943
            631        78.0457        549.878        18.4802
            632        1539.22        551.443        18.5172
            633        618.071        551.549        18.4882
            634        762.622        551.882        18.4621
            635        551.358        551.881         18.433
            636        496.439        551.794        18.4042
            637        349.286        551.476         18.378
            638        1225.66        552.532        18.3796
            639         1106.2        553.399        18.3712
            640        313.915        553.025        18.3463
            641         538.93        553.003        18.3177
            642        503.431        552.925        18.2893
            643        1303.62        554.093        18.2981
            644        1296.01        555.245         18.306
            645        286.198        554.828        18.2823
            646        291.126         554.42        18.2586
            647        804.721        554.807        18.2344
            648         1211.7         555.82        18.2345
            649        1186.39        556.792        18.2323
            650        130.217        556.136         18.216
            651        111.071        555.452        18.2008
            652        217.221        554.933        18.1803
            653        709.447         555.17         18.154
            654        855.922         555.63         18.132
            655        568.455        555.649        18.1044
            656        317.663        555.286        18.0804
            657         209.43         554.76        18.0605
            658        1168.03        555.692        18.0571
            659         285.27        555.282        18.0344
            660        804.825         555.66         18.011
            661        220.916        555.153        17.9908
            662        690.117        555.357        17.9648
            663         220.07        554.852        17.9448
            664        348.516        554.541        17.9205
            665        69.8517        553.812        17.9083
            666        154.377        553.212        17.8915
            667        375.015        552.945        17.8666
            668        734.985        553.218        17.8419
            669        248.226        552.762        17.8211
            670        412.913        552.553        17.7957
            671        87.8382         551.86        17.7826
            672        548.467        551.855        17.7562
            673        1214.19        552.839        17.7571
            674        272.198        552.423        17.7356
            675         204.85        551.908        17.7168
            676        577.736        551.946        17.6906
            677        946.612        552.529         17.674
            678        694.276        552.738        17.6492
            679        99.0015         552.07        17.6358
            680        811.294        552.451         17.614
            681        1745.44        554.203        17.6752
            682        1155.21        555.084        17.6712
            683        1034.27        555.786        17.6593
            684        333.945        555.462        17.6364
            685        390.637        555.221        17.6123
            686        515.278        555.163        17.5867
            687        271.655         554.75        17.5659
            688        70.2347        554.046        17.5545
            689         884.24        554.525        17.5356
            690        264.821        554.105        17.5152
            691        599.254        554.171        17.4899
            692        373.373        553.909        17.4666
            693        226.717        553.437        17.4477
            694         436.03        553.268        17.4234
            695        393.635        553.038        17.3998
            696        1066.31        553.776        17.3905
            697        1202.81        554.707        17.3904
            698        964.215        555.294        17.3754
            699        174.877        554.749        17.3591
            700        1437.57        556.011        17.3801
            701        531.841        555.976        17.3553
            702         326.24        555.649        17.3336
            703        2136.82        557.898        17.4545
            704        597.293        557.954        17.4298
            705        259.402        557.531        17.4102
            706        193.674        557.015        17.3931
            707        178.714         556.48        17.3768
            708         371.44        556.219        17.3542
            709        328.176        555.897        17.3327
            710        2503.99        558.641        17.5244
            711        612.049        558.716        17.4999
            712        372.625        558.455        17.4772
            713        594.959        558.506        17.4528
            714         1028.5        559.164        17.4407
            715        223.311        558.694        17.4227
            716        349.958        558.403        17.4007
            717        568.389        558.417        17.3765
            718        157.847        557.859        17.3612
            719        121.449        557.252        17.3477
            720        1409.44        558.435        17.3639
            721        428.762        558.256        17.3408
            722        1263.97        559.233        17.3443
            723        230.591        558.779        17.3263
            724        1283.96         559.78        17.3313
            725        313.512         559.44        17.3107
            726        947.659        559.975        17.2951
            727        565.953        559.983        17.2713
            728        236.367        559.539        17.2533
            729        1390.16        560.678        17.2672
            730        509.577        560.608        17.2437
            731        490.195        560.512        17.2204
            732        225.055        560.054        17.2029
            733        1072.65        560.753        17.1937
            734        176.696         560.23        17.1782
            735        256.184        559.816        17.1598
            736        864.722         560.23        17.1415
            737        1183.89        561.077        17.1391
            738        215.233        560.608        17.1223
            739         127.94        560.022        17.1091
            740        300.447        559.672        17.0896
            741        106.675         559.06        17.0775
            742         887.79        559.503        17.0602
            743        114.589        558.905        17.0477
            744         411.19        558.706        17.0259
            745        190.334        558.212        17.0103
            746        1791.69        559.865        17.0677
            747         121.51        559.278         17.055
            748        500.044        559.199        17.0323
            749        216.149        558.741        17.0157
            750        986.291        559.311        17.0026
            751        219.173        558.858         16.986
            752         342.54        558.571        16.9658
            753        244.047        558.153        16.9484
            754        67.9653        557.503        16.9384
            755        184.385        557.009        16.9232
            756        671.782         557.16        16.9015
            757        1640.72        558.592        16.9397
            758        159.169        558.065        16.9255
            759        256.476        557.667        16.9079
            760        443.592        557.517        16.8863
            761        120.308        556.943        16.8739
            762        420.752        556.764        16.8527
            763        406.997        556.568        16.8317
            764        382.426         556.34        16.8112
            765        999.175        556.919        16.7992
            766        376.738        556.684        16.7789
            767        304.233        556.354        16.7602
            768        93.8993        555.752        16.7492
            769        159.789        555.237        16.7354
            770        786.511        555.538        16.7163
            771        1298.25        556.501        16.7224
            772        1245.96        557.394        16.7246
            773        2182.66        559.497        16.8347
            774        191.941        559.022        16.8197
            775        165.272        558.514        16.8056
            776        180.481        558.027         16.791
            777        884.598        558.447        16.7747
            778        152.319        557.925        16.7612
            779        864.912        558.319        16.7443
            780        284.577        557.968        16.7265
            781        1126.53        558.696         16.721
            782        170.824          558.2        16.7069
            783        228.486        557.779        16.6909
            784        604.679        557.839        16.6697
            785        173.454        557.349        16.6557
            786        530.702        557.315        16.6345
            787        532.133        557.283        16.6134
            788         1348.9        558.288        16.6227
            789        1448.26        559.416        16.6399
            790        110.069        558.847        16.6285
            791        109.865        558.279        16.6172
            792        671.642        558.422        16.5968
            793        177.677        557.942        16.5828
            794        1017.31        558.521         16.572
            795        174.804        558.038        16.5582
            796        282.752        557.692         16.541
            797        641.085        557.797        16.5205
            798        753.303        558.042        16.5016
            799        779.056        558.319        16.4833
            800        1059.67        558.945        16.4746
            801        1609.14        560.256        16.5062
            802        224.051        559.837        16.4909
            803        207.431        559.398        16.4762
            804        210.219        558.964        16.4614
            805        160.415        558.469        16.4484
            806        436.724        558.318        16.4287
            807        1095.95        558.984        16.4219
            808        378.457        558.761         16.403
            809        215.852        558.337        16.3882
            810          469.1        558.227        16.3684
            811        2294.07        560.367        16.4877
            812        149.433        559.861        16.4751
            813        301.522        559.543        16.4579
            814        139.646        559.027        16.4458
            815        690.263        559.188        16.4264
            816        1468.14        560.302         16.444
            817        922.812        560.746        16.4299
            818        2064.85        562.585        16.5125
            819        518.727        562.531        16.4924
            820        451.254        562.395        16.4728
            821        159.242        561.904        16.4601
            822        1213.18        562.697        16.4591
            823        865.767        563.065        16.4432
            824         1159.3        563.789        16.4392
            825         402.95        563.594        16.4204
            826        452.113        563.459        16.4011
            827        1702.24        564.836         16.439
            828        737.995        565.045        16.4205
            829        434.095        564.887        16.4014
            830        344.763        564.622        16.3838
            831        453.655        564.488        16.3646
            832        211.265        564.063        16.3504
            833        1466.02        565.146        16.3666
            834        871.184        565.513        16.3511
            835        226.273        565.107        16.3366
            836        176.508        564.642        16.3237
            837        278.478          564.3        16.3077
            838        201.712        563.868         16.294
            839        104.184         563.32        16.2838
            840        209.493        562.898        16.2698
            841        210.677         562.48        16.2559
            842        428.636        562.321        16.2373
            843        2118.07        564.166        16.3227
            844        633.341        564.248        16.3036
            845        1238.23        565.046        16.3038
            846        881.187        565.419        16.2888
            847        513.223        565.358        16.2697
            848        240.781        564.975         16.255
            849        958.864        565.439        16.2425
            850        1350.63        566.363        16.2496
            851        394.377        566.161        16.2318
            852        1105.78        566.794        16.2251
            853        815.635        567.086        16.2087
            854        232.503        566.694        16.1944
            855        354.238        566.445        16.1774
            856        561.154        566.439        16.1585
            857        195.767        566.007        16.1454
            858        1261.46        566.817        16.1469
            859        917.712        567.226        16.1333
            860        326.408        566.946         16.117
            861        215.565        566.538        16.1034
            862        210.756        566.125          16.09
            863        161.962        565.657        16.0782
            864         367.27        565.427        16.0612
            865        143.657        564.939          16.05
            866        713.922        565.111        16.0324
            867        101.976        564.577        16.0228
            868        415.274        564.405        16.0053
            869        547.614        564.386        15.9868
            870        1030.21        564.921        15.9774
            871        471.261        564.814        15.9594
            872        672.285        564.937        15.9416
            873        116.263        564.423        15.9316
            874        166.423        563.968        15.9199
            875        752.136        564.183        15.9031
            876        1074.84        564.766        15.8957
            877          190.7        564.339        15.8833
            878        232.092        563.961        15.8697
            879        1023.84        564.484        15.8602
            880        194.309        564.063        15.8478
            881        615.109        564.121        15.8299
            882        195.043        563.703        15.8175
            883        592.257        563.735        15.7996
            884        713.023        563.904        15.7826
            885        166.452        563.455        15.7712
            886        215.082        563.062        15.7583
            887        229.286        562.685         15.745
            888        100.038        562.164        15.7359
            889        735.712         562.36        15.7194
            890        159.718        561.907        15.7082
            891         418.69        561.746        15.6914
            892        1054.19        562.299        15.6835
            893        210.557        561.905        15.6709
            894        128.708         561.42        15.6608
            895        347.264        561.181        15.6452
            896         295.06        560.884        15.6305
            897        144.824         560.42          15.62
            898        545.004        560.403        15.6026
            899        1208.69        561.124        15.6019
            900        694.308        561.272        15.5852
            901        278.785        560.958        15.5711
            902        489.892         560.88         15.554
            903        1669.47        562.107        15.5852
            904        889.708         562.47        15.5722
            905        96.7884        561.955        15.5635
            906        513.049        561.901        15.5464
            907         522.54        561.858        15.5293
            908        134.683        561.387        15.5193
            909        550.251        561.375        15.5022
            910         892.73        561.739        15.4895
            911        283.046        561.433        15.4755
            912        279.318        561.124        15.4616
            913        221.535        560.752        15.4491
            914        158.893        560.312        15.4385
            915        187.187        559.904         15.427
            916        142.276        559.449        15.4169
            917           1512        560.487        15.4351
            918        439.158        560.355        15.4188
            919        818.191        560.636        15.4046
            920         571.58        560.648        15.3878
            921        940.693         561.06        15.3766
            922        362.698        560.845        15.3615
            923         226.27        560.483        15.3491
            924        1505.26        561.505        15.3665
            925        245.344        561.163        15.3537
            926        771.039         561.39        15.3388
            927        255.212         561.06        15.3258
            928         399.14        560.885        15.3103
            929        1032.08        561.392        15.3022
            930        136.642        560.936        15.2925
            931        173.547         560.52        15.2818
            932        151.231         560.08        15.2717
            933        620.894        560.146        15.2554
            934        534.659        560.118        15.2391
            935        425.455        559.974        15.2235
            936        919.516        560.358        15.2121
            937         474.18        560.266        15.1961
            938        1065.04        560.805        15.1894
            939        235.935        560.459        15.1772
            940        571.287         560.47        15.1611
            941        943.927        560.878        15.1504
            942        502.047        560.815        15.1345
            943         144.73        560.374        15.1248
            944        140.152        559.929        15.1154
            945        309.348        559.664        15.1017
            946        895.658        560.019        15.0899
            947        407.736        559.858        15.0748
            948        1966.59        561.342        15.1318
            949        1144.97        561.957        15.1284
            950         1044.9        562.465         15.121
            951        1106.58        563.037        15.1159
            952        345.693        562.809        15.1018
            953        281.041        562.513        15.0888
            954        216.557        562.151        15.0773
            955        202.108        561.774        15.0663
            956         853.61        562.079        15.0536
            957        967.967        562.503        15.0438
            958        123.491        562.045        15.0351
            959        330.404        561.803        15.0214
            960        654.791          561.9         15.006
            961        243.142        561.569        14.9941
            962         776.23        561.792        14.9801
            963        159.869        561.374        14.9704
            964        669.115        561.486        14.9553
            965         894.04        561.831        14.9437
            966        161.751        561.417         14.934
            967        837.772        561.702        14.9213
            968         292.02        561.424        14.9085
            969        1707.08        562.606        14.9399
            970        73.3009        562.102         14.933
            971        336.041        561.869        14.9195
            972        152.663        561.448        14.9101
            973        955.633        561.853        14.9002
            974        227.724         561.51        14.8889
            975        287.483        561.229        14.8763
            976        640.915         561.31        14.8612
            977        154.424        560.894        14.8519
            978        181.858        560.506        14.8417
            979        1566.83        561.534        14.8621
            980        540.281        561.513         14.847
            981        750.903        561.706        14.8331
            982        431.478        561.573        14.8186
            983        211.629        561.217        14.8078
            984         708.29        561.367        14.7935
            985        463.554        561.267        14.7788
            986        446.415        561.151        14.7642
            987        250.943        560.836        14.7526
            988        597.291        560.873        14.7377
            989        840.855        561.156        14.7255
            990        331.168        560.924        14.7125
            991        95.9866        560.455        14.7051
            992        261.579        560.154        14.6934
            993        733.085        560.328        14.6796
            994        387.389        560.154        14.6659
            995        296.166        559.889        14.6535
            996        446.747        559.775        14.6393
            997        205.937         559.42        14.6289
            998        869.684        559.731        14.6175
            999        208.392        559.379        14.6071
           1000        169.443        558.989        14.5977
