0 0.122649 0.169918
1 0.181236 0.0823031
2 0.242081 0.193738
3 0.298616 0.172341
4 0.462386 0.00791554
5 0.570725 0.0855483
6 0.645848 0.223191
7 0.609482 0.23892
8 0.611215 0.260441
9 0.840888 0.320812
10 0.806001 0.466681
11 0.836697 0.617816
12 0.667421 0.761679
13 0.643112 0.758748
14 0.656387 0.794738
15 0.70543 0.872143
16 0.330575 0.953747
17 0.238894 0.947084
18 0.121514 0.888571
19 0.0985951 0.774231
20 0.325739 0.679508
21 0.30914 0.496849
22 0.204638 0.470706
23 0.312395 0.418159
24 0.4785 0.487275
25 0.490531 0.441826
26 0.60179 0.408124
27 0.452231 0.275218
28 0.393371 0.305099
29 0.34904 0.304287
30 0.26377 0.278258
31 0.209379 0.281683
32 0.132066 0.390263
33 0.0445765 0.382106
34 0.122649 0.169918
