0 1.63536 1.0057
1 1.62692 0.939584
2 1.66874 0.981765
3 1.7273 0.977378
4 1.76908 0.94631
5 1.79012 0.91562
6 1.79972 0.86805
7 1.87305 0.841876
8 1.89517 0.840709
9 1.9013 0.831507
10 1.89302 0.816694
11 1.92367 0.79749
12 1.87482 0.798271
13 1.85427 0.826364
14 1.83661 0.868814
15 1.82352 0.887372
16 1.80657 0.890489
17 1.71719 0.901703
18 1.69299 0.873339
19 1.66024 0.904312
20 1.63777 0.876703
21 1.66582 0.824954
22 1.58154 0.819001
23 1.51665 0.786182
24 1.5079 0.844895
25 1.57682 0.876184
26 1.53287 0.897462
27 1.45387 0.858561
28 1.31213 0.852763
29 1.30926 0.877216
30 1.2926 0.948024
31 1.18513 0.987016
32 1.02113 0.897506
33 1.05128 0.887257
34 1.18877 0.859095
35 1.1865 0.757722
36 1.11352 0.809523
37 0.996495 0.749867
38 0.994307 0.786472
39 0.386462 1.19891
40 0.795517 0.553241
41 1.38259 0.753618
42 1.39022 0.796446
43 1.4717 0.889277
44 1.43984 0.95134
45 1.4357 1.0424
46 1.53085 0.964354
47 1.56762 1.00699
48 1.55007 1.03922
49 1.67061 1.03955
50 1.63536 1.0057
