0 1.63536 1.0057
1 1.67061 1.03955
2 1.7273 0.977378
3 1.76908 0.94631
4 1.79012 0.91562
5 1.80657 0.890489
6 1.82352 0.887372
7 1.83661 0.868814
8 1.87305 0.841876
9 1.89517 0.840709
10 1.9013 0.831507
11 1.89302 0.816694
12 1.92367 0.79749
13 1.87482 0.798271
14 1.85427 0.826364
15 1.79972 0.86805
16 1.71719 0.901703
17 1.69299 0.873339
18 1.66024 0.904312
19 1.63777 0.876703
20 1.66582 0.824954
21 1.58154 0.819001
22 1.57682 0.876184
23 1.53287 0.897462
24 1.4717 0.889277
25 1.45387 0.858561
26 1.5079 0.844895
27 1.51665 0.786182
28 1.38259 0.753618
29 1.39022 0.796446
30 1.31213 0.852763
31 1.30926 0.877216
32 1.18877 0.859095
33 1.1865 0.757722
34 1.11352 0.809523
35 0.994307 0.786472
36 0.996495 0.749867
37 0.795517 0.553241
38 0.386462 1.19891
39 1.02113 0.897506
40 1.05128 0.887257
41 1.18513 0.987016
42 1.2926 0.948024
43 1.43984 0.95134
44 1.4357 1.0424
45 1.55007 1.03922
46 1.56762 1.00699
47 1.53085 0.964354
48 1.62692 0.939584
49 1.66874 0.981765
50 1.63536 1.0057
