              2      -0.462904    0.000364451
        1.98485         -0.466    0.000356348
         1.9697      -0.468503    0.000316913
        1.95455      -0.471925     0.00025554
        1.93939      -0.475132    0.000335921
        1.92424      -0.478478    0.000288081
        1.90909      -0.481353    0.000274257
        1.89394      -0.484726    0.000323994
        1.87879      -0.488572    0.000251735
        1.86364      -0.491886    0.000310429
        1.84848      -0.494673     0.00032599
        1.83333      -0.498184    0.000303994
        1.81818      -0.501585    0.000314882
        1.80303       -0.50502    0.000270511
        1.78788      -0.508645    0.000343496
        1.77273      -0.511496    0.000232267
        1.75758      -0.516045    0.000228542
        1.74242      -0.518818    0.000393211
        1.72727      -0.522627    0.000327144
        1.71212      -0.527258    0.000381322
        1.69697      -0.530637    0.000304602
        1.68182      -0.534465    0.000350958
        1.66667      -0.538602     0.00035948
        1.65152      -0.542502    0.000312168
        1.63636      -0.546763    0.000198429
        1.62121      -0.550045    0.000296674
        1.60606      -0.554107    0.000301438
        1.59091      -0.559206    0.000282287
        1.57576      -0.562706    0.000322773
        1.56061       -0.56703     0.00030805
        1.54545      -0.571267    0.000409447
         1.5303      -0.575664    0.000332529
        1.51515      -0.579946    0.000420428
            1.5      -0.584139     0.00033894
        1.48485       -0.58884    0.000385138
         1.4697      -0.593217    0.000312008
        1.45455      -0.597811    0.000395278
        1.43939      -0.603023    0.000376604
        1.42424      -0.607474    0.000428343
        1.40909      -0.612128    0.000221773
        1.39394      -0.617646    0.000384121
        1.37879      -0.622229    0.000397872
        1.36364      -0.627426    0.000266717
        1.34848       -0.63251    0.000360668
        1.33333      -0.637126    0.000347347
        1.31818      -0.642863    0.000343123
        1.30303       -0.64802    0.000294444
        1.28788      -0.652646    0.000309389
        1.27273      -0.658561    0.000307384
        1.25758      -0.664161     0.00043916
        1.24242      -0.670278    0.000379391
        1.22727      -0.675013    0.000483276
        1.21212      -0.680539    0.000287656
        1.19697      -0.687172    0.000442206
        1.18182      -0.691871    0.000386773
        1.16667      -0.698042    0.000366642
        1.15152      -0.703553    0.000388348
        1.13636      -0.710601    0.000422502
        1.12121      -0.716387     0.00040808
        1.10606      -0.722225    0.000431699
        1.09091      -0.728938      0.0004006
        1.07576      -0.735867    0.000384281
        1.06061      -0.740902     0.00041481
        1.04545      -0.747519    0.000459256
         1.0303      -0.753968    0.000508124
        1.01515      -0.760598    0.000552223
              1      -0.766662    0.000511606
       0.984848      -0.774076    0.000435252
       0.969697       -0.78089    0.000408638
       0.954545      -0.788303    0.000676969
       0.939394      -0.794965    0.000575562
       0.924242      -0.802117    0.000484892
       0.909091       -0.80827    0.000617546
       0.893939      -0.814923    0.000869491
       0.878788      -0.821388    0.000672215
       0.863636      -0.829781    0.000479378
       0.848485      -0.837485     0.00051498
       0.833333      -0.844132    0.000638216
       0.818182      -0.851152    0.000485744
        0.80303      -0.858685    0.000822645
       0.787879       -0.86647     0.00090335
       0.772727      -0.875251     0.00103779
       0.757576      -0.883865    0.000918251
       0.742424      -0.890597     0.00105864
       0.727273      -0.897651    0.000892764
       0.712121      -0.907748     0.00107636
        0.69697      -0.913931     0.00137047
       0.681818      -0.922146     0.00135867
       0.666667       -0.92884     0.00109444
       0.651515      -0.938947    0.000907879
       0.636364      -0.944806     0.00135048
       0.621212      -0.951972     0.00120511
       0.606061      -0.959862     0.00184767
       0.590909      -0.968714     0.00130677
       0.575758      -0.974756    0.000823647
       0.560606      -0.982174    0.000965925
       0.545455      -0.987456     0.00133101
       0.530303      -0.995156    0.000717176
       0.515152      -0.997995    0.000846528
            0.5       -1.00194     0.00123108
