              2      -0.462284    0.000289018
        1.98485         -0.465     0.00028754
         1.9697       -0.46823     0.00026864
        1.95455      -0.471379    0.000300709
        1.93939      -0.474193    0.000225558
        1.92424      -0.477562    0.000312329
        1.90909      -0.480816    0.000223852
        1.89394      -0.483744    0.000304767
        1.87879      -0.487078    0.000224959
        1.86364      -0.489985    0.000310188
        1.84848      -0.493761    0.000250367
        1.83333      -0.497167    0.000282523
        1.81818      -0.500739    0.000358592
        1.80303      -0.503966    0.000275341
        1.78788      -0.507326    0.000276599
        1.77273      -0.510725    0.000299982
        1.75758      -0.514813    0.000280139
        1.74242      -0.517719    0.000201078
        1.72727      -0.521795    0.000331893
        1.71212       -0.52579    0.000233417
        1.69697      -0.529642    0.000268131
        1.68182      -0.532886    0.000307198
        1.66667       -0.53747    0.000292863
        1.65152      -0.541014    0.000294531
        1.63636      -0.544658    0.000256175
        1.62121      -0.548948     0.00033645
        1.60606      -0.553238    0.000252567
        1.59091      -0.557222    0.000262135
        1.57576      -0.561367    0.000261473
        1.56061      -0.565142    0.000360384
        1.54545      -0.569479    0.000329891
         1.5303      -0.574044    0.000340914
        1.51515      -0.578222    0.000220752
            1.5      -0.582608    0.000375391
        1.48485      -0.587323    0.000329026
         1.4697      -0.591855    0.000265479
        1.45455      -0.596396    0.000303127
        1.43939      -0.600631    0.000288893
        1.42424      -0.605751    0.000243371
        1.40909      -0.610294    0.000261244
        1.39394      -0.615273    0.000321604
        1.37879      -0.620849    0.000356996
        1.36364      -0.625221    0.000311758
        1.34848      -0.630066    0.000336763
        1.33333      -0.634761    0.000299599
        1.31818      -0.640129    0.000271948
        1.30303      -0.645579    0.000227955
        1.28788      -0.650882    0.000288388
        1.27273      -0.655193    0.000259434
        1.25758       -0.66134     0.00027135
        1.24242      -0.666976    0.000307332
        1.22727      -0.672008    0.000387589
        1.21212      -0.677733    0.000343584
        1.19697      -0.683725    0.000432495
        1.18182      -0.688926    0.000314837
        1.16667      -0.694852    0.000266947
        1.15152      -0.700641      0.0003841
        1.13636      -0.706909    0.000366749
        1.12121       -0.71225    0.000325001
        1.10606      -0.718067     0.00032795
        1.09091      -0.723829    0.000408216
        1.07576      -0.730373    0.000361921
        1.06061      -0.736428    0.000363045
        1.04545      -0.743088    0.000389404
         1.0303      -0.748712     0.00048663
        1.01515      -0.754857    0.000439179
              1      -0.761384    0.000413179
       0.984848      -0.767637    0.000400125
       0.969697      -0.774354    0.000388565
       0.954545      -0.781009    0.000497097
       0.939394      -0.787421    0.000309764
       0.924242      -0.794012    0.000412621
       0.909091      -0.800879    0.000488866
       0.893939      -0.807575    0.000479525
       0.878788      -0.813722    0.000388613
       0.863636      -0.820608    0.000443311
       0.848485      -0.827128     0.00050376
       0.833333      -0.833537    0.000303665
       0.818182      -0.840651    0.000291724
        0.80303      -0.846674    0.000319604
       0.787879      -0.853061    0.000382851
       0.772727      -0.860509    0.000547182
       0.757576      -0.867607    0.000418462
       0.742424      -0.873415    0.000567722
       0.727273      -0.880522    0.000544201
       0.712121      -0.887998    0.000640627
        0.69697      -0.893542    0.000669695
       0.681818      -0.901004    0.000581338
       0.666667       -0.90704    0.000669328
       0.651515      -0.912445    0.000641575
       0.636364       -0.92082    0.000619212
       0.621212      -0.925625    0.000804075
       0.606061      -0.932076    0.000721287
       0.590909      -0.938703    0.000853405
       0.575758        -0.9434    0.000878068
       0.560606      -0.950904    0.000551902
       0.545455      -0.957564    0.000806269
       0.530303      -0.962245     0.00101462
       0.515152      -0.968364    0.000758657
            0.5      -0.974038     0.00101134
