              2      -0.462047    0.000366299
        1.98485      -0.465113    0.000297126
         1.9697      -0.467667    0.000312151
        1.95455      -0.470982    0.000272748
        1.93939      -0.474143    0.000330706
        1.92424      -0.477735    0.000275466
        1.90909      -0.480526    0.000271969
        1.89394      -0.483846     0.00031047
        1.87879      -0.487508    0.000211273
        1.86364      -0.490998    0.000307203
        1.84848      -0.493613    0.000293021
        1.83333      -0.497083    0.000297759
        1.81818      -0.500576    0.000324756
        1.80303      -0.504177    0.000255635
        1.78788       -0.50761    0.000345169
        1.77273      -0.510365    0.000259723
        1.75758      -0.515078    0.000222974
        1.74242      -0.517716    0.000378327
        1.72727      -0.521562    0.000310416
        1.71212      -0.526111    0.000355027
        1.69697      -0.529379    0.000305437
        1.68182      -0.533417    0.000340637
        1.66667       -0.53737    0.000377215
        1.65152      -0.541218    0.000330164
        1.63636       -0.54544    0.000231266
        1.62121       -0.54893     0.00031053
        1.60606      -0.552618     0.00029454
        1.59091       -0.55767     0.00028949
        1.57576      -0.561009    0.000295507
        1.56061      -0.565636    0.000256904
        1.54545      -0.569863    0.000398182
         1.5303      -0.574019    0.000299553
        1.51515      -0.578741    0.000387077
            1.5      -0.582346    0.000328623
        1.48485      -0.587145    0.000355746
         1.4697      -0.591395    0.000315124
        1.45455      -0.596045    0.000354112
        1.43939      -0.600944    0.000392099
        1.42424      -0.605622    0.000373634
        1.40909       -0.61033    0.000192415
        1.39394      -0.615244    0.000364353
        1.37879      -0.620056    0.000351424
        1.36364      -0.625369    0.000282652
        1.34848      -0.630058    0.000306148
        1.33333      -0.635191    0.000332933
        1.31818      -0.640281    0.000337627
        1.30303      -0.645173    0.000225825
        1.28788      -0.649985    0.000282284
        1.27273      -0.655688    0.000360301
        1.25758      -0.661342    0.000421452
        1.24242      -0.667226     0.00036661
        1.22727      -0.672251    0.000387411
        1.21212      -0.677689    0.000315849
        1.19697       -0.68365    0.000446776
        1.18182      -0.688621    0.000299688
        1.16667      -0.694876    0.000409716
        1.15152      -0.700268    0.000347008
        1.13636      -0.706554     0.00042496
        1.12121      -0.712204    0.000355966
        1.10606      -0.717735    0.000383323
        1.09091      -0.724597     0.00029138
        1.07576      -0.731267    0.000289206
        1.06061      -0.735968    0.000399823
        1.04545      -0.742941    0.000445535
         1.0303      -0.748754     0.00042048
        1.01515      -0.755331    0.000336777
              1      -0.761217     0.00049057
       0.984848      -0.767971     0.00037251
       0.969697       -0.77479    0.000485337
       0.954545      -0.780635    0.000472125
       0.939394      -0.787746    0.000518012
       0.924242      -0.793413     0.00041735
       0.909091       -0.80056    0.000491908
       0.893939      -0.806459    0.000657216
       0.878788      -0.812871    0.000484607
       0.863636      -0.820569    0.000338344
       0.848485      -0.826582    0.000523948
       0.833333      -0.834373    0.000647526
       0.818182      -0.839742    0.000618518
        0.80303      -0.846052    0.000452668
       0.787879      -0.854138    0.000521762
       0.772727      -0.860563    0.000731632
       0.757576       -0.86649    0.000726906
       0.742424      -0.873202    0.000602649
       0.727273      -0.881275    0.000597977
       0.712121      -0.887669    0.000707435
        0.69697      -0.893901    0.000731965
       0.681818      -0.899762    0.000817746
       0.666667      -0.906501    0.000873887
       0.651515      -0.913321    0.000903623
       0.636364      -0.918144    0.000736398
       0.621212      -0.927399    0.000788602
       0.606061      -0.933315    0.000915487
       0.590909      -0.938256     0.00109195
       0.575758      -0.943588    0.000789038
       0.560606      -0.950162    0.000947582
       0.545455       -0.95652    0.000975556
       0.530303       -0.95956    0.000919722
       0.515152      -0.968999    0.000956922
            0.5      -0.973705     0.00075942
