              2      -0.463229    0.000291981
        1.98485      -0.465594    0.000293486
         1.9697      -0.468976    0.000298547
        1.95455      -0.472461    0.000275626
        1.93939      -0.475246    0.000227421
        1.92424      -0.478455    0.000230574
        1.90909      -0.481814    0.000215711
        1.89394      -0.484652    0.000262203
        1.87879      -0.487882    0.000247232
        1.86364      -0.491153    0.000225143
        1.84848      -0.494327    0.000277214
        1.83333      -0.497897     0.00030381
        1.81818       -0.50205    0.000313065
        1.80303      -0.505044    0.000327933
        1.78788      -0.508462    0.000304061
        1.77273      -0.511999    0.000316008
        1.75758      -0.515984    0.000289415
        1.74242      -0.519041    0.000231899
        1.72727      -0.523237     0.00028019
        1.71212       -0.52722    0.000299304
        1.69697      -0.530565    0.000317334
        1.68182      -0.534644    0.000256349
        1.66667      -0.538608    0.000303535
        1.65152      -0.542229    0.000270806
        1.63636      -0.546146    0.000219768
        1.62121      -0.550295    0.000390263
        1.60606      -0.554273    0.000300889
        1.59091      -0.558519    0.000318461
        1.57576      -0.562474     0.00037418
        1.56061      -0.566924    0.000309723
        1.54545      -0.571199    0.000395877
         1.5303      -0.575471    0.000407373
        1.51515      -0.579785    0.000175215
            1.5      -0.584429    0.000342622
        1.48485      -0.589124    0.000213822
         1.4697      -0.593699    0.000291496
        1.45455       -0.59796    0.000305256
        1.43939      -0.602684    0.000323236
        1.42424      -0.607667    0.000247096
        1.40909      -0.612425    0.000246463
        1.39394      -0.617476    0.000359075
        1.37879       -0.62265    0.000344048
        1.36364      -0.627118    0.000343139
        1.34848      -0.631905    0.000344628
        1.33333      -0.637168    0.000251408
        1.31818      -0.643009      0.0002768
        1.30303      -0.648151    0.000190481
        1.28788      -0.653662    0.000372758
        1.27273       -0.65779      0.0003325
        1.25758      -0.664227    0.000439199
        1.24242      -0.669877    0.000304682
        1.22727      -0.674927    0.000331828
        1.21212      -0.680569    0.000377241
        1.19697      -0.686739    0.000316277
        1.18182       -0.69229    0.000299545
        1.16667      -0.698694    0.000307069
        1.15152      -0.704356    0.000391102
        1.13636      -0.710285    0.000345486
        1.12121      -0.716619    0.000412762
        1.10606      -0.722026    0.000409727
        1.09091      -0.728709    0.000500442
        1.07576      -0.735477    0.000374103
        1.06061      -0.740905    0.000423114
        1.04545      -0.747737    0.000359026
         1.0303      -0.753895    0.000479501
        1.01515      -0.760619    0.000443222
              1      -0.766928    0.000514881
       0.984848      -0.774209    0.000467163
       0.969697      -0.781435    0.000511469
       0.954545      -0.788305    0.000612648
       0.939394      -0.794641    0.000450937
       0.924242      -0.802028    0.000548197
       0.909091      -0.808498    0.000528965
       0.893939      -0.815418    0.000344361
       0.878788       -0.82311    0.000467865
       0.863636      -0.830458    0.000313341
       0.848485      -0.837116    0.000549683
       0.833333      -0.844175    0.000499499
       0.818182      -0.852787    0.000311124
        0.80303      -0.859907    0.000735633
       0.787879       -0.86744    0.000644639
       0.772727      -0.873884    0.000614447
       0.757576      -0.883051    0.000554332
       0.742424      -0.889465    0.000751333
       0.727273      -0.897572    0.000774931
       0.712121        -0.9078    0.000804528
        0.69697      -0.915111    0.000880496
       0.681818        -0.9228    0.000945861
       0.666667      -0.931583     0.00082774
       0.651515      -0.938608     0.00084897
       0.636364      -0.949098    0.000732403
       0.621212      -0.953121     0.00121138
       0.606061      -0.960663     0.00120406
       0.590909      -0.968211     0.00100973
       0.575758      -0.975331    0.000972603
       0.560606      -0.980794     0.00112073
       0.545455      -0.989902    0.000872097
       0.530303       -0.99347    0.000888399
       0.515152       -1.00053    0.000665565
            0.5       -1.00397    0.000875829
