              2       0.196572    0.000399282
        1.98485       0.198337    0.000404519
         1.9697       0.201338    0.000517281
        1.95455       0.202671    0.000536817
        1.93939       0.205822    0.000578309
        1.92424       0.208242    0.000708456
        1.90909       0.211222     0.00056772
        1.89394       0.213342    0.000519024
        1.87879       0.216393    0.000719719
        1.86364       0.219153    0.000469808
        1.84848        0.22163    0.000535324
        1.83333       0.223903    0.000633808
        1.81818       0.227046    0.000607704
        1.80303       0.229614    0.000567737
        1.78788       0.232545    0.000402387
        1.77273        0.23434    0.000632319
        1.75758       0.237375    0.000686993
        1.74242       0.240608    0.000562048
        1.72727       0.244171    0.000797056
        1.71212       0.246901    0.000563967
        1.69697       0.251509    0.000656697
        1.68182        0.25368     0.00050847
        1.66667       0.254935     0.00068261
        1.65152       0.259603    0.000661215
        1.63636       0.262577    0.000881661
        1.62121        0.26643    0.000981573
        1.60606       0.269304    0.000615216
        1.59091       0.272559    0.000851885
        1.57576       0.277859    0.000640586
        1.56061       0.278904    0.000714504
        1.54545       0.282102    0.000707284
         1.5303       0.285816    0.000925993
        1.51515       0.289561    0.000850162
            1.5       0.292765    0.000741469
        1.48485       0.297154    0.000956191
         1.4697       0.301299    0.000703437
        1.45455       0.304952     0.00094431
        1.43939       0.306946     0.00110273
        1.42424       0.312653    0.000791173
        1.40909       0.315824      0.0008791
        1.39394       0.319764     0.00114642
        1.37879       0.324192    0.000779526
        1.36364       0.326816    0.000681583
        1.34848       0.331445      0.0014052
        1.33333       0.335198    0.000858355
        1.31818       0.339791     0.00105855
        1.30303       0.343027     0.00095878
        1.28788       0.345662     0.00101462
        1.27273       0.351394    0.000891536
        1.25758       0.358288     0.00120976
        1.24242       0.359597     0.00141506
        1.22727       0.363073     0.00112175
        1.21212       0.366092      0.0010608
        1.19697       0.372613      0.0014346
        1.18182       0.376645     0.00133604
        1.16667       0.382108     0.00109399
        1.15152       0.385316     0.00107783
        1.13636       0.389411     0.00129179
        1.12121       0.389633     0.00121857
        1.10606       0.397575     0.00148712
        1.09091       0.400289     0.00139871
        1.07576       0.404531     0.00156869
        1.06061       0.406108     0.00144906
        1.04545       0.409604     0.00143199
         1.0303       0.412614     0.00147403
        1.01515       0.419719     0.00203441
              1       0.420456     0.00178436
       0.984848       0.421647     0.00121937
       0.969697       0.424012     0.00173812
       0.954545       0.429058     0.00181491
       0.939394       0.432948     0.00204677
       0.924242       0.433197     0.00153703
       0.909091       0.435582     0.00171991
       0.893939       0.436287     0.00229868
       0.878788       0.434173     0.00179128
       0.863636       0.439185     0.00237782
       0.848485       0.438916     0.00258723
       0.833333       0.437987     0.00249599
       0.818182       0.441302     0.00280817
        0.80303       0.436624      0.0027255
       0.787879       0.440704     0.00305578
       0.772727       0.443251     0.00279046
       0.757576       0.437393      0.0028502
       0.742424       0.433406     0.00285691
       0.727273         0.4349     0.00303629
       0.712121       0.433549     0.00441384
        0.69697       0.425276     0.00338872
       0.681818        0.42999     0.00370327
       0.666667       0.434012     0.00374148
       0.651515       0.431849     0.00367951
       0.636364       0.427166      0.0044748
       0.621212       0.422236     0.00345174
       0.606061       0.421778     0.00378413
       0.590909       0.416042     0.00274372
       0.575758        0.41117     0.00383435
       0.560606       0.406571     0.00357682
       0.545455       0.392403     0.00425851
       0.530303       0.380058     0.00438122
       0.515152       0.357439     0.00501031
            0.5       0.325469     0.00797358
