              2       0.197136    0.000624092
        1.98485       0.199629    0.000639408
         1.9697       0.201075     0.00052714
        1.95455       0.203528    0.000376871
        1.93939       0.205962    0.000497051
        1.92424       0.208372    0.000371462
        1.90909       0.211435    0.000482627
        1.89394       0.213575    0.000450049
        1.87879       0.216557      0.0006402
        1.86364       0.219334    0.000656694
        1.84848       0.221097    0.000732997
        1.83333       0.223671    0.000472197
        1.81818       0.226711    0.000730535
        1.80303       0.228775    0.000463093
        1.78788       0.232177    0.000726154
        1.77273       0.236132    0.000542894
        1.75758       0.238579    0.000728698
        1.74242       0.240548    0.000657833
        1.72727       0.243457    0.000675119
        1.71212       0.247013    0.000541676
        1.69697        0.24919    0.000678486
        1.68182       0.253198     0.00073861
        1.66667       0.257013    0.000810124
        1.65152       0.259452    0.000747934
        1.63636        0.26345    0.000736876
        1.62121       0.266145    0.000685259
        1.60606       0.268381    0.000595566
        1.59091        0.27532    0.000709025
        1.57576        0.27669     0.00072967
        1.56061       0.280739    0.000765068
        1.54545       0.282778    0.000662794
         1.5303       0.285627    0.000713386
        1.51515       0.289592    0.000893769
            1.5       0.293244    0.000798966
        1.48485        0.29691    0.000868576
         1.4697       0.300612    0.000619443
        1.45455       0.305447    0.000686147
        1.43939       0.307408    0.000894587
        1.42424       0.311823    0.000747251
        1.40909       0.315095    0.000794993
        1.39394       0.319881     0.00075097
        1.37879       0.322962    0.000883959
        1.36364        0.32477     0.00118624
        1.34848       0.330425      0.0012808
        1.33333       0.334501    0.000905712
        1.31818       0.340353    0.000892397
        1.30303       0.344851     0.00128589
        1.28788         0.3464     0.00102404
        1.27273       0.353026     0.00116922
        1.25758       0.356099     0.00136923
        1.24242       0.357913     0.00116756
        1.22727       0.364788     0.00124079
        1.21212       0.368263     0.00120735
        1.19697       0.370816     0.00149177
        1.18182       0.374784     0.00101613
        1.16667       0.377722     0.00124095
        1.15152       0.384143     0.00135534
        1.13636       0.387666     0.00129007
        1.12121       0.393908     0.00193838
        1.10606       0.396126     0.00145391
        1.09091        0.40021     0.00133996
        1.07576       0.403498      0.0022003
        1.06061       0.408719     0.00146547
        1.04545       0.410252     0.00165185
         1.0303       0.413094     0.00208614
        1.01515       0.413259     0.00245362
              1       0.418818     0.00187025
       0.984848       0.424117     0.00159473
       0.969697       0.428524     0.00201757
       0.954545       0.427147     0.00188955
       0.939394       0.432581     0.00140762
       0.924242       0.432375     0.00199485
       0.909091       0.434962     0.00215875
       0.893939        0.43258     0.00246453
       0.878788       0.443361     0.00254936
       0.863636       0.438639     0.00287685
       0.848485       0.443008     0.00301632
       0.833333        0.44355     0.00287165
       0.818182       0.436048     0.00214494
        0.80303       0.434099      0.0033143
       0.787879       0.440648     0.00284515
       0.772727       0.440888     0.00264871
       0.757576       0.438362     0.00294761
       0.742424       0.439379     0.00429907
       0.727273        0.43789     0.00316866
       0.712121       0.438961     0.00466645
        0.69697       0.431026     0.00494574
       0.681818       0.430145     0.00597978
       0.666667       0.430497      0.0045877
       0.651515       0.431082     0.00453685
       0.636364       0.424783     0.00463933
       0.621212       0.424927     0.00392011
       0.606061       0.418196     0.00504207
       0.590909       0.420925     0.00529705
       0.575758        0.41625     0.00467387
       0.560606       0.408316     0.00471954
       0.545455       0.396022     0.00497321
       0.530303       0.393932     0.00641043
       0.515152       0.350419     0.00700765
            0.5         0.3311     0.00625192
