              2       0.198109    0.000486686
        1.98485       0.199761    0.000466816
         1.9697       0.202566    0.000385647
        1.95455       0.204005    0.000550345
        1.93939       0.207207     0.00055979
        1.92424       0.210274    0.000578138
        1.90909       0.212065    0.000573055
        1.89394       0.215115    0.000607741
        1.87879       0.217616    0.000528191
        1.86364       0.220191    0.000394673
        1.84848       0.222772    0.000520708
        1.83333       0.225264    0.000550298
        1.81818       0.229195    0.000619099
        1.80303       0.230782    0.000616743
        1.78788        0.23408     0.00046948
        1.77273       0.236259    0.000485106
        1.75758       0.240015     0.00055414
        1.74242       0.242518    0.000755638
        1.72727       0.245717    0.000705118
        1.71212       0.249217    0.000608684
        1.69697       0.252087    0.000472024
        1.68182       0.255585    0.000581646
        1.66667        0.25833    0.000651664
        1.65152        0.26131    0.000653372
        1.63636       0.265577    0.000971856
        1.62121        0.26885    0.000681627
        1.60606       0.271693    0.000698598
        1.59091       0.273892    0.000886634
        1.57576       0.280597    0.000669468
        1.56061       0.282068    0.000636073
        1.54545       0.285291    0.000694097
         1.5303        0.28838    0.000951412
        1.51515       0.292823     0.00098731
            1.5       0.295604    0.000975641
        1.48485       0.299993    0.000721075
         1.4697       0.305618    0.000791022
        1.45455       0.307345    0.000929099
        1.43939       0.311065    0.000992789
        1.42424       0.316094    0.000930274
        1.40909       0.319772     0.00066222
        1.39394       0.322084    0.000914836
        1.37879       0.327706    0.000927839
        1.36364       0.332044    0.000671296
        1.34848       0.335944     0.00161272
        1.33333       0.341617    0.000922883
        1.31818       0.347152     0.00127316
        1.30303       0.348497      0.0012937
        1.28788        0.35289    0.000896979
        1.27273       0.358027     0.00108854
        1.25758       0.365054    0.000917556
        1.24242       0.367932      0.0012338
        1.22727        0.37069     0.00118706
        1.21212       0.377068     0.00153244
        1.19697       0.380985     0.00123217
        1.18182       0.385612     0.00130744
        1.16667       0.390788     0.00124934
        1.15152       0.395616     0.00133708
        1.13636       0.397317     0.00137566
        1.12121       0.399754     0.00124149
        1.10606       0.408953     0.00156977
        1.09091       0.414153     0.00149203
        1.07576       0.416113     0.00201695
        1.06061       0.420837     0.00163529
        1.04545       0.426205     0.00139377
         1.0303       0.428888     0.00178351
        1.01515       0.435574     0.00190343
              1       0.439073      0.0016268
       0.984848       0.441102       0.002314
       0.969697       0.448718     0.00169594
       0.954545       0.452338     0.00234053
       0.939394       0.458707     0.00168279
       0.924242       0.458777     0.00232576
       0.909091        0.46892     0.00260146
       0.893939       0.466564     0.00213298
       0.878788       0.477179     0.00313952
       0.863636       0.477507     0.00234885
       0.848485       0.486152     0.00229416
       0.833333       0.487383     0.00265092
       0.818182       0.491764     0.00340662
        0.80303       0.498362     0.00274042
       0.787879       0.501377     0.00330945
       0.772727       0.502011     0.00384799
       0.757576       0.512287     0.00391342
       0.742424       0.510701     0.00413745
       0.727273       0.521443     0.00425953
       0.712121       0.527946     0.00316021
        0.69697       0.522565     0.00272739
       0.681818       0.527832     0.00292765
       0.666667       0.533129     0.00433941
       0.651515       0.528678     0.00484548
       0.636364       0.510815     0.00320327
       0.621212       0.502478     0.00546373
       0.606061       0.490878     0.00562767
       0.590909       0.470618     0.00493937
       0.575758       0.455049     0.00607849
       0.560606       0.433035     0.00739227
       0.545455       0.376844      0.0089444
       0.530303       0.360117     0.00905548
       0.515152       0.293036     0.00781107
            0.5       0.253417      0.0118975
