              2       0.198297    0.000621914
        1.98485       0.200481    0.000604835
         1.9697       0.202043    0.000543396
        1.95455        0.20465    0.000362132
        1.93939       0.207052    0.000544664
        1.92424       0.209715    0.000368652
        1.90909       0.212684    0.000496359
        1.89394       0.214849    0.000427866
        1.87879       0.217991    0.000595395
        1.86364       0.220779    0.000686263
        1.84848       0.222448    0.000718782
        1.83333       0.224665    0.000480194
        1.81818       0.227892    0.000703398
        1.80303       0.230236    0.000451326
        1.78788       0.234013    0.000809824
        1.77273       0.237126    0.000457848
        1.75758       0.239759    0.000695223
        1.74242       0.242187    0.000645671
        1.72727       0.245024    0.000608497
        1.71212       0.248225    0.000667202
        1.69697       0.251009    0.000766318
        1.68182        0.25452    0.000660861
        1.66667       0.259248    0.000896787
        1.65152       0.261067    0.000782433
        1.63636       0.265276    0.000816829
        1.62121       0.268275    0.000594676
        1.60606        0.27177    0.000660184
        1.59091       0.277556    0.000632792
        1.57576       0.279094    0.000759064
        1.56061       0.283193    0.000841888
        1.54545       0.285383    0.000720201
         1.5303       0.289069     0.00074535
        1.51515       0.292477    0.000936074
            1.5       0.296388    0.000972807
        1.48485       0.299889    0.000932445
         1.4697       0.304053    0.000756655
        1.45455       0.308196     0.00075319
        1.43939       0.311164    0.000826651
        1.42424       0.314805    0.000910074
        1.40909       0.319161    0.000839612
        1.39394       0.324072    0.000934716
        1.37879       0.327011    0.000863893
        1.36364       0.328577      0.0010408
        1.34848       0.334825     0.00133792
        1.33333       0.339978    0.000914199
        1.31818       0.345514     0.00136008
        1.30303       0.350582     0.00144741
        1.28788       0.352192    0.000926892
        1.27273       0.358326     0.00117473
        1.25758       0.362714     0.00136567
        1.24242       0.365484     0.00141235
        1.22727       0.372307     0.00128334
        1.21212       0.375815     0.00159537
        1.19697       0.380161     0.00179381
        1.18182       0.382131     0.00132991
        1.16667       0.387547     0.00124579
        1.15152       0.394425     0.00138014
        1.13636       0.400979     0.00114256
        1.12121       0.405526     0.00175253
        1.10606       0.407365     0.00185709
        1.09091       0.413278      0.0017592
        1.07576       0.417715     0.00244978
        1.06061       0.424089     0.00164792
        1.04545       0.427114     0.00230382
         1.0303        0.43056     0.00201716
        1.01515       0.430669     0.00212441
              1        0.43784     0.00200122
       0.984848       0.446739     0.00249022
       0.969697       0.452238     0.00331315
       0.954545       0.456084     0.00214502
       0.939394       0.459178      0.0027067
       0.924242       0.463501     0.00202511
       0.909091       0.466907     0.00340636
       0.893939       0.466756      0.0031429
       0.878788       0.480825     0.00260076
       0.863636       0.479905     0.00310819
       0.848485       0.490197     0.00344107
       0.833333       0.485061     0.00336575
       0.818182       0.487577     0.00354823
        0.80303       0.491218       0.004932
       0.787879       0.497173     0.00421957
       0.772727       0.506573     0.00525939
       0.757576        0.50902     0.00464245
       0.742424       0.522214     0.00381384
       0.727273       0.521383     0.00404394
       0.712121       0.521437      0.0049488
        0.69697         0.5187     0.00497754
       0.681818       0.525436      0.0050418
       0.666667       0.520912     0.00590442
       0.651515       0.527834     0.00565253
       0.636364       0.518284     0.00543743
       0.621212       0.503014     0.00469348
       0.606061       0.488691     0.00692651
       0.590909       0.478963     0.00672501
       0.575758       0.456697     0.00598975
       0.560606       0.429649     0.00861818
       0.545455       0.391873        0.01187
       0.530303       0.341376     0.00710583
       0.515152       0.315167      0.0109999
            0.5       0.279063      0.0165554
