              2        1.35186     0.00797194
        1.98485        1.37753      0.0079981
         1.9697        1.39962     0.00548152
        1.95455        1.43831     0.00586828
        1.93939        1.44657     0.00481804
        1.92424        1.46332      0.0063844
        1.90909        1.48398     0.00712882
        1.89394        1.51387     0.00632831
        1.87879        1.54275     0.00702272
        1.86364        1.57136     0.00660662
        1.84848        1.59308     0.00680017
        1.83333        1.62228     0.00762883
        1.81818        1.64831     0.00761421
        1.80303        1.69226     0.00617526
        1.78788        1.70327     0.00650671
        1.77273        1.72699     0.00986635
        1.75758        1.77868      0.0085907
        1.74242         1.8049      0.0115576
        1.72727        1.83485     0.00855907
        1.71212        1.88911     0.00755477
        1.69697        1.91206      0.0087607
        1.68182        1.95996      0.0133438
        1.66667        1.98823     0.00999645
        1.65152         2.0177     0.00738824
        1.63636        2.08218     0.00998976
        1.62121        2.10734     0.00887398
        1.60606        2.16019       0.010745
        1.59091        2.20022      0.0130272
        1.57576        2.25666     0.00935135
        1.56061         2.3073      0.0165126
        1.54545        2.36628      0.0144638
         1.5303        2.40261      0.0132047
        1.51515        2.45253      0.0162814
            1.5        2.54224      0.0160139
        1.48485        2.57844      0.0139195
         1.4697        2.63174      0.0123879
        1.45455        2.71718      0.0169351
        1.43939         2.7487      0.0165989
        1.42424        2.82289      0.0156825
        1.40909        2.90941       0.013552
        1.39394        2.99081      0.0187839
        1.37879        3.09434      0.0219406
        1.36364        3.12528      0.0247687
        1.34848         3.2239      0.0224665
        1.33333        3.35799      0.0226279
        1.31818         3.4376      0.0124372
        1.30303        3.54062      0.0249343
        1.28788        3.65694      0.0220588
        1.27273        3.71603      0.0200623
        1.25758        3.86335       0.039124
        1.24242         3.9978      0.0218133
        1.22727        4.08964      0.0332316
        1.21212        4.28427      0.0312454
        1.19697        4.39125       0.043145
        1.18182        4.48614      0.0434199
        1.16667        4.65057      0.0434543
        1.15152        4.87166      0.0373395
        1.13636        5.03386      0.0490774
        1.12121         5.2626      0.0528884
        1.10606        5.30668      0.0638467
        1.09091        5.57789      0.0425903
        1.07576        5.86038      0.0453879
        1.06061        6.07342      0.0480602
        1.04545        6.28165      0.0583557
         1.0303        6.54644      0.0667842
        1.01515        6.91046      0.0412199
              1        7.12011      0.0544875
       0.984848        7.55483      0.0763584
       0.969697        7.66768       0.079596
       0.954545        8.30208      0.0810778
       0.939394        8.53411       0.108008
       0.924242        8.80411       0.119291
       0.909091        9.40514      0.0975625
       0.893939        9.83812       0.150195
       0.878788         10.317        0.15965
       0.863636        10.7006       0.156684
       0.848485           11.5       0.194068
       0.833333        12.0055       0.146736
       0.818182        12.5979       0.193805
        0.80303        12.9009       0.174614
       0.787879        14.0322       0.215416
       0.772727        14.2913       0.254826
       0.757576        15.2017       0.294201
       0.742424        15.9843       0.354226
       0.727273        16.8258       0.400358
       0.712121        16.9044       0.541565
        0.69697        18.3839       0.461762
       0.681818        17.6576       0.662074
       0.666667        18.7305       0.890331
       0.651515        19.2206       0.818954
       0.636364        19.1883        1.11324
       0.621212        19.7461        1.09588
       0.606061        20.3903        1.45307
       0.590909        18.0471        1.59477
       0.575758        15.5532       0.778168
       0.560606        15.0561        1.33919
       0.545455        17.7179        2.27532
       0.530303        11.2013        1.48708
       0.515152         16.193        2.70427
            0.5        12.1111        2.92486
