              2        1.35941     0.00485571
        1.98485        1.37294     0.00488649
         1.9697         1.3998     0.00548238
        1.95455        1.43222     0.00468219
        1.93939        1.44575     0.00402078
        1.92424        1.46408     0.00499521
        1.90909        1.48856     0.00407751
        1.89394        1.51866     0.00608975
        1.87879        1.54406     0.00606923
        1.86364        1.55911     0.00578353
        1.84848        1.60307     0.00564587
        1.83333        1.62377     0.00498459
        1.81818        1.65639     0.00637504
        1.80303        1.68221     0.00553283
        1.78788        1.71582     0.00728362
        1.77273        1.74256     0.00625435
        1.75758         1.7703     0.00873134
        1.74242        1.79221     0.00870697
        1.72727        1.84308     0.00705526
        1.71212        1.88395     0.00694589
        1.69697        1.91286     0.00786268
        1.68182        1.94959     0.00775887
        1.66667        1.98821     0.00934709
        1.65152        2.01485     0.00606627
        1.63636         2.0874      0.0057945
        1.62121        2.09769     0.00975714
        1.60606        2.14919     0.00956729
        1.59091            2.2     0.00901043
        1.57576        2.25224     0.00992058
        1.56061         2.3024      0.0128259
        1.54545        2.35602      0.0106834
         1.5303        2.39475      0.0120912
        1.51515        2.47708      0.0146985
            1.5        2.52343      0.0110362
        1.48485        2.57986      0.0104187
         1.4697        2.66009      0.0115487
        1.45455        2.70674      0.0148304
        1.43939         2.7759      0.0124031
        1.42424        2.83169      0.0112795
        1.40909        2.93681      0.0119124
        1.39394        3.00611      0.0164984
        1.37879        3.07586      0.0144019
        1.36364        3.17176      0.0213105
        1.34848        3.24244      0.0199932
        1.33333        3.36639      0.0179123
        1.31818        3.42687      0.0189358
        1.30303        3.52024      0.0158771
        1.28788        3.68038      0.0241674
        1.27273        3.73286      0.0202447
        1.25758        3.86163      0.0223604
        1.24242        3.96715      0.0173643
        1.22727        4.09552      0.0165505
        1.21212        4.23099      0.0255976
        1.19697         4.4223      0.0191715
        1.18182        4.55097       0.026675
        1.16667        4.69035       0.028151
        1.15152        4.88484      0.0399524
        1.13636        5.01962      0.0262481
        1.12121        5.18579      0.0313785
        1.10606        5.44157      0.0364013
        1.09091        5.60029      0.0453011
        1.07576        5.86401      0.0402441
        1.06061        5.98702      0.0381503
        1.04545        6.30519      0.0430582
         1.0303        6.52925      0.0432101
        1.01515        6.79409      0.0530677
              1        7.23017      0.0464741
       0.984848        7.46688      0.0483173
       0.969697        7.89489      0.0549679
       0.954545        8.10194      0.0803525
       0.939394        8.47154      0.0594718
       0.924242        8.93842      0.0781347
       0.909091        9.19648      0.0875215
       0.893939        9.80105      0.0931477
       0.878788        10.2669       0.081021
       0.863636        10.6425       0.109306
       0.848485        11.2527       0.101556
       0.833333        11.9442       0.166021
       0.818182        12.4154       0.216298
        0.80303        12.9652       0.147682
       0.787879        13.8917       0.233377
       0.772727        14.4176       0.191988
       0.757576        15.7276       0.230325
       0.742424        15.9755       0.274046
       0.727273        16.3693       0.362651
       0.712121        17.5479       0.427468
        0.69697        17.7987       0.333053
       0.681818        18.6144       0.411639
       0.666667        19.0807       0.544879
       0.651515        18.8427       0.481637
       0.636364         17.502       0.594104
       0.621212        19.2065       0.944211
       0.606061        18.8284       0.845879
       0.590909        18.4453        1.12158
       0.575758        16.6653        1.14502
       0.560606        17.2201        1.31988
       0.545455        12.5175       0.928841
       0.530303        11.0356        1.05968
       0.515152        9.89697        1.60718
            0.5        11.1565         1.9666
