              2      0.0273247     0.00141321
        1.98485      0.0282493     0.00122232
         1.9697      0.0277204       0.001002
        1.95455      0.0299341     0.00130461
        1.93939      0.0276969     0.00113468
        1.92424      0.0316495     0.00150193
        1.90909      0.0299035    0.000874909
        1.89394      0.0297773     0.00144316
        1.87879      0.0312156     0.00103995
        1.86364      0.0321137     0.00116292
        1.84848       0.031884     0.00123179
        1.83333      0.0328119     0.00105971
        1.81818      0.0332752     0.00132224
        1.80303      0.0334926     0.00134089
        1.78788      0.0342182     0.00125218
        1.77273      0.0324036    0.000982019
        1.75758      0.0341599     0.00156189
        1.74242      0.0364788     0.00133447
        1.72727      0.0366168     0.00147782
        1.71212      0.0362139     0.00153555
        1.69697      0.0384314     0.00136499
        1.68182      0.0351898     0.00149254
        1.66667      0.0406861     0.00111947
        1.65152      0.0415404     0.00130184
        1.63636      0.0396148     0.00124682
        1.62121       0.040118     0.00132217
        1.60606      0.0436717     0.00167435
        1.59091      0.0440723     0.00141299
        1.57576       0.045346     0.00115887
        1.56061      0.0447689     0.00179889
        1.54545      0.0455026     0.00145898
         1.5303      0.0499448     0.00132181
        1.51515      0.0468366     0.00196637
            1.5      0.0524255      0.0015015
        1.48485      0.0497409     0.00169752
         1.4697       0.053392      0.0016008
        1.45455      0.0543173     0.00194034
        1.43939      0.0577115     0.00125763
        1.42424      0.0557985     0.00242602
        1.40909      0.0601089     0.00231778
        1.39394      0.0630142      0.0030327
        1.37879      0.0645455     0.00143175
        1.36364      0.0626708     0.00179237
        1.34848      0.0668874     0.00210657
        1.33333      0.0670496      0.0021837
        1.31818      0.0715118     0.00232708
        1.30303       0.072648     0.00180842
        1.28788      0.0725204     0.00258972
        1.27273       0.075917     0.00209126
        1.25758      0.0757772     0.00234476
        1.24242      0.0809542     0.00231917
        1.22727      0.0815062     0.00269101
        1.21212      0.0794623     0.00217707
        1.19697      0.0921313     0.00293597
        1.18182      0.0908799     0.00363903
        1.16667      0.0909536     0.00338138
        1.15152      0.0920765     0.00326406
        1.13636       0.106579     0.00311451
        1.12121       0.106071     0.00319728
        1.10606       0.110987     0.00315467
        1.09091       0.113987     0.00364171
        1.07576       0.120345     0.00364812
        1.06061       0.124743     0.00312984
        1.04545       0.120322     0.00363379
         1.0303       0.132247      0.0048915
        1.01515         0.1316     0.00460486
              1       0.141217     0.00427031
       0.984848       0.149118      0.0050281
       0.969697       0.166051     0.00501694
       0.954545       0.167962     0.00527654
       0.939394       0.178068     0.00696221
       0.924242       0.194147     0.00706433
       0.909091       0.189775     0.00552632
       0.893939       0.196704     0.00621988
       0.878788       0.214637     0.00642527
       0.863636        0.23114     0.00457395
       0.848485       0.241935     0.00717336
       0.833333         0.2488     0.00639118
       0.818182        0.26382     0.00738551
        0.80303       0.281959     0.00995864
       0.787879       0.288621     0.00761327
       0.772727       0.327373      0.0116029
       0.757576       0.353521     0.00989976
       0.742424       0.372733      0.0103936
       0.727273       0.387256     0.00876492
       0.712121       0.435023      0.0119471
        0.69697       0.436808      0.0154605
       0.681818       0.486779      0.0155772
       0.666667       0.503313      0.0143305
       0.651515       0.549452       0.012504
       0.636364       0.574891      0.0165921
       0.621212       0.601902      0.0159157
       0.606061       0.628487      0.0227814
       0.590909       0.697188      0.0172072
       0.575758         0.7425     0.00822193
       0.560606       0.777576      0.0126018
       0.545455       0.778336      0.0201818
       0.530303       0.855692      0.0110008
       0.515152       0.834997      0.0182955
            0.5       0.873146       0.021441
