              2       4.72e-05     0.00133349
        1.98485      0.0005288     0.00126171
         1.9697     -0.0006369    0.000951119
        1.95455      0.0017212     0.00126037
        1.93939       -0.00075      0.0011105
        1.92424      0.0017305     0.00152882
        1.90909        4.6e-05     0.00083508
        1.89394     -0.0005739     0.00140125
        1.87879      0.0009265     0.00112889
        1.86364      0.0007213     0.00125245
        1.84848       0.000274     0.00117221
        1.83333     -0.0004073     0.00105364
        1.81818      0.0001795      0.0012941
        1.80303      0.0003423     0.00128968
        1.78788      -0.000415     0.00115909
        1.77273      -0.003099      0.0010971
        1.75758     -0.0013103     0.00149669
        1.74242      -2.33e-05     0.00124648
        1.72727      -3.46e-05      0.0014682
        1.71212     -0.0009682      0.0015704
        1.69697      0.0005342     0.00137962
        1.68182     -0.0031752     0.00152428
        1.66667      0.0012044      0.0011454
        1.65152      0.0008694     0.00150576
        1.63636     -0.0024724     0.00121491
        1.62121     -0.0017665     0.00138825
        1.60606      0.0007647     0.00149068
        1.59091     -0.0007919     0.00138892
        1.57576      0.0008517     0.00129671
        1.56061     -0.0014484     0.00170663
        1.54545     -0.0026361     0.00146762
         1.5303      0.0022089      0.0014516
        1.51515     -0.0015559     0.00202597
            1.5      0.0017834     0.00153428
        1.48485     -0.0016311     0.00167964
         1.4697      0.0003115     0.00160791
        1.45455     -0.0001037      0.0021549
        1.43939      0.0018874     0.00136834
        1.42424     -0.0009938     0.00255815
        1.40909      0.0012174     0.00232862
        1.39394      0.0023901     0.00267574
        1.37879      0.0034818     0.00157383
        1.36364     -0.0006197     0.00201099
        1.34848      0.0011543     0.00214848
        1.33333       0.000752     0.00208718
        1.31818      0.0029105     0.00229792
        1.30303      0.0016619      0.0019453
        1.28788     -0.0002463     0.00254751
        1.27273     -0.0002282     0.00210613
        1.25758     -0.0013344     0.00255588
        1.24242      0.0002848     0.00247257
        1.22727     -0.0005247     0.00237263
        1.21212     -0.0044796      0.0022574
        1.19697      0.0022363     0.00275552
        1.18182      0.0029564     0.00386442
        1.16667      -0.004295     0.00295021
        1.15152     -0.0060197     0.00300373
        1.13636      0.0040732     0.00321081
        1.12121      0.0005772     0.00368271
        1.10606     -0.0001385      0.0027983
        1.09091     -0.0030876     0.00307092
        1.07576      0.0029648     0.00393589
        1.06061      0.0020453     0.00344707
        1.04545      -0.006809     0.00408177
         1.0303       0.001231     0.00466017
        1.01515     -0.0079952     0.00451013
              1     -0.0094798     0.00459102
       0.984848     -0.0018961     0.00473031
       0.969697      0.0059033     0.00433388
       0.954545      -0.000149     0.00509846
       0.939394      0.0040422     0.00589632
       0.924242      0.0045814      0.0060163
       0.909091     -0.0042212     0.00573209
       0.893939     -0.0134264     0.00713442
       0.878788      0.0064564     0.00690006
       0.863636     -0.0044158     0.00606509
       0.848485     -0.0093451      0.0059578
       0.833333     -0.0117744     0.00967272
       0.818182      0.0004032     0.00726526
        0.80303     -0.0189267      0.0121704
       0.787879     -0.0116726      0.0108628
       0.772727      0.0073514      0.0125682
       0.757576      0.0049269      0.0113736
       0.742424       0.012792      0.0134487
       0.727273     -0.0144765      0.0144143
       0.712121      0.0070518      0.0173787
        0.69697     -0.0097045      0.0203452
       0.681818      0.0003762      0.0185506
       0.666667      0.0062613      0.0170677
       0.651515      0.0038078      0.0125918
       0.636364     -0.0255663      0.0296678
       0.621212     -0.0179782      0.0252623
       0.606061     -0.0430599      0.0338122
       0.590909     -0.0401927      0.0377816
       0.575758      0.0341827      0.0313987
       0.560606      0.0397686       0.048822
       0.545455     -0.0007692      0.0542267
       0.530303      0.0795389      0.0602301
       0.515152     -0.0307088      0.0709904
            0.5      0.0336569      0.0664096
