              2      0.0272728    0.000989018
        1.98485      0.0269543    0.000991891
         1.9697      0.0280518     0.00111592
        1.95455      0.0305032    0.000897539
        1.93939      0.0298945     0.00123671
        1.92424      0.0295131    0.000901698
        1.90909       0.031212    0.000985428
        1.89394      0.0291008      0.0008678
        1.87879      0.0329787    0.000614888
        1.86364       0.032535    0.000961606
        1.84848      0.0323971    0.000731507
        1.83333      0.0326082    0.000970952
        1.81818      0.0350656    0.000725856
        1.80303      0.0332139    0.000725453
        1.78788      0.0336358    0.000980663
        1.77273      0.0354229    0.000842409
        1.75758      0.0342243     0.00115588
        1.74242      0.0363433      0.0010031
        1.72727      0.0360702    0.000873065
        1.71212      0.0385407    0.000828499
        1.69697      0.0381301    0.000968163
        1.68182      0.0409924       0.001235
        1.66667       0.040838     0.00135417
        1.65152      0.0391571     0.00148067
        1.63636      0.0412533     0.00101349
        1.62121      0.0410945     0.00111815
        1.60606      0.0448632     0.00100613
        1.59091      0.0442036    0.000999217
        1.57576      0.0468876     0.00116544
        1.56061      0.0449789     0.00100083
        1.54545      0.0464095     0.00120549
         1.5303      0.0482719     0.00144765
        1.51515      0.0500053     0.00105174
            1.5      0.0508406     0.00143873
        1.48485      0.0498038      0.0016043
         1.4697      0.0516502      0.0013959
        1.45455      0.0543978     0.00141172
        1.43939      0.0536624    0.000839853
        1.42424      0.0564819     0.00154041
        1.40909      0.0554003     0.00178999
        1.39394      0.0596937     0.00174293
        1.37879      0.0615294     0.00161372
        1.36364      0.0607895      0.0012419
        1.34848      0.0652522     0.00180768
        1.33333      0.0671276     0.00116654
        1.31818      0.0684164     0.00205932
        1.30303      0.0696315     0.00144675
        1.28788      0.0712603     0.00185366
        1.27273      0.0762874     0.00209301
        1.25758      0.0771103      0.0021631
        1.24242       0.081602     0.00165815
        1.22727      0.0815949     0.00156037
        1.21212      0.0847596     0.00251302
        1.19697      0.0880216     0.00154222
        1.18182      0.0942703     0.00272343
        1.16667      0.0953537     0.00235046
        1.15152      0.0981692     0.00238939
        1.13636       0.100606     0.00273169
        1.12121         0.1047      0.0029186
        1.10606       0.106842     0.00266262
        1.09091       0.120345     0.00239937
        1.07576       0.119543     0.00259384
        1.06061       0.119857     0.00299685
        1.04545       0.131714     0.00330829
         1.0303       0.135388     0.00392947
        1.01515        0.13496     0.00272212
              1       0.138346     0.00378645
       0.984848       0.152353      0.0046245
       0.969697       0.162544     0.00426945
       0.954545       0.173185      0.0045207
       0.939394       0.180755     0.00541197
       0.924242       0.183477     0.00376471
       0.909091       0.196818     0.00558273
       0.893939       0.195652     0.00513411
       0.878788       0.218898     0.00487429
       0.863636       0.236212     0.00624501
       0.848485       0.245131     0.00524368
       0.833333       0.252277     0.00532044
       0.818182       0.278732     0.00537869
        0.80303        0.29544      0.0065164
       0.787879       0.304452     0.00663696
       0.772727       0.314654     0.00708277
       0.757576       0.339943     0.00522421
       0.742424       0.359417     0.00604554
       0.727273       0.393642     0.00891617
       0.712121       0.429222      0.0098393
        0.69697       0.456105     0.00677048
       0.681818       0.479216      0.0088094
       0.666667       0.523023      0.0101343
       0.651515       0.557568     0.00858781
       0.636364       0.619794     0.00878458
       0.621212       0.614007      0.0156604
       0.606061       0.650963      0.0133036
       0.590909       0.690181      0.0139495
       0.575758       0.736888      0.0126086
       0.560606       0.753652      0.0146396
       0.545455       0.827129     0.00762575
       0.530303       0.848168     0.00963389
       0.515152       0.884267      0.0108423
            0.5       0.889778      0.0138787
