              2        1.35273     0.00669061
        1.98485        1.38104     0.00413236
         1.9697         1.4039     0.00403284
        1.95455         1.4225     0.00584335
        1.93939         1.4463     0.00515454
        1.92424        1.46566     0.00724851
        1.90909        1.50131      0.0060647
        1.89394        1.51001      0.0061327
        1.87879        1.53987     0.00544348
        1.86364         1.5665     0.00584079
        1.84848        1.59465     0.00480081
        1.83333        1.62072     0.00518112
        1.81818          1.648     0.00605126
        1.80303        1.68663     0.00411387
        1.78788         1.7165     0.00642354
        1.77273        1.74714     0.00772893
        1.75758        1.77826     0.00478809
        1.74242        1.81052     0.00921102
        1.72727         1.8442     0.00706507
        1.71212        1.87459     0.00677408
        1.69697         1.9197     0.00920636
        1.68182        1.94205     0.00702172
        1.66667        2.00301     0.00802463
        1.65152        2.03729      0.0083614
        1.63636        2.07679     0.00928387
        1.62121        2.12366     0.00774856
        1.60606        2.15825      0.0084327
        1.59091          2.207     0.00816902
        1.57576        2.26282      0.0124088
        1.56061         2.2911      0.0100641
        1.54545        2.34433     0.00734527
         1.5303        2.41923      0.0107628
        1.51515        2.48266      0.0109587
            1.5        2.51968      0.0128146
        1.48485        2.57911      0.0103921
         1.4697        2.68006       0.011344
        1.45455        2.73241     0.00854628
        1.43939        2.76643      0.0108495
        1.42424        2.88214      0.0121863
        1.40909        2.89961      0.0146288
        1.39394        3.02568      0.0152858
        1.37879        3.11577      0.0160178
        1.36364        3.19093      0.0179327
        1.34848        3.25915      0.0174088
        1.33333        3.31954      0.0119323
        1.31818        3.44887      0.0126522
        1.30303         3.5556      0.0199003
        1.28788        3.67566      0.0249419
        1.27273        3.74158      0.0213764
        1.25758        3.92381      0.0158727
        1.24242        4.01852      0.0196093
        1.22727        4.17304      0.0244146
        1.21212        4.28998       0.020229
        1.19697        4.41745        0.02989
        1.18182         4.5824      0.0258304
        1.16667        4.82214       0.031835
        1.15152         4.9586      0.0343899
        1.13636        5.10765      0.0372697
        1.12121         5.2728      0.0273467
        1.10606        5.54006      0.0308027
        1.09091        5.73591      0.0375083
        1.07576        5.98858      0.0420401
        1.06061        6.17387      0.0414344
        1.04545         6.4869      0.0509956
         1.0303        6.68198      0.0506628
        1.01515        7.08128      0.0494733
              1        7.41128      0.0618839
       0.984848        7.72813      0.0569373
       0.969697         8.1628      0.0604226
       0.954545        8.50356      0.0736985
       0.939394        8.95556      0.0571188
       0.924242         9.3827      0.0680413
       0.909091        10.0585      0.0852478
       0.893939        10.6766       0.114596
       0.878788        10.8197       0.106416
       0.863636        11.6422       0.123104
       0.848485        12.5196       0.137523
       0.833333        13.0665      0.0991392
       0.818182        14.2312        0.15246
        0.80303         14.904       0.159632
       0.787879        15.8628       0.152203
       0.772727        17.3522       0.211372
       0.757576        18.3818       0.159385
       0.742424        19.4913       0.230151
       0.727273        21.5008       0.280379
       0.712121        23.3786       0.390278
        0.69697        24.5855       0.291756
       0.681818        27.4572       0.381105
       0.666667        29.9221       0.401527
       0.651515        31.9247       0.443231
       0.636364        35.6262       0.558125
       0.621212        37.9034       0.534097
       0.606061        41.5132       0.548432
       0.590909        45.0192       0.724476
       0.575758        48.2802       0.738349
       0.560606        54.6722       0.687036
       0.545455        60.3402       0.593122
       0.530303        60.1283        1.38685
       0.515152        65.4249        1.43761
            0.5        73.7197        2.20653
