              2      0.0008082     0.00096024
        1.98485     -0.0002182    0.000707405
         1.9697     -0.0007107    0.000604667
        1.95455      0.0017617    0.000780256
        1.93939      0.0012833    0.000744978
        1.92424     -0.0014624    0.000862654
        1.90909      0.0007054    0.000742787
        1.89394       6.27e-05    0.000941982
        1.87879      0.0005344    0.000973529
        1.86364      0.0004563     0.00106683
        1.84848     -0.0003156    0.000798936
        1.83333       4.31e-05     0.00100196
        1.81818      0.0004845     0.00102358
        1.80303     -0.0017111    0.000947774
        1.78788      0.0007547    0.000831833
        1.77273     -0.0002216     0.00104665
        1.75758      0.0008837     0.00122406
        1.74242     -0.0003829    0.000990271
        1.72727      0.0007607     0.00096371
        1.71212      0.0010525     0.00114474
        1.69697     -0.0006002    0.000820132
        1.68182     -0.0002572     0.00135789
        1.66667     -0.0024382     0.00103271
        1.65152      -0.001097     0.00102716
        1.63636     -0.0009182    0.000991575
        1.62121      0.0010548     0.00111603
        1.60606     -0.0009714     0.00110292
        1.59091     -0.0004693     0.00150317
        1.57576      -0.002251     0.00125844
        1.56061      0.0021939       0.001402
        1.54545      0.0028602     0.00126009
         1.5303     -0.0007845     0.00137547
        1.51515     -0.0001421     0.00152411
            1.5      0.0019556     0.00113898
        1.48485     -0.0001667     0.00149346
         1.4697     -0.0001716     0.00123634
        1.45455      0.0007502     0.00120692
        1.43939     -0.0025496     0.00155954
        1.42424     -0.0008523     0.00178972
        1.40909      0.0004369     0.00158263
        1.39394      0.0011851     0.00157839
        1.37879     -0.0010394     0.00131154
        1.36364     -0.0007568     0.00179383
        1.34848     -0.0004107     0.00161496
        1.33333         -3e-06     0.00185111
        1.31818      0.0007227     0.00184502
        1.30303      0.0032896     0.00214457
        1.28788       6.01e-05      0.0015075
        1.27273      0.0032994     0.00185597
        1.25758     -0.0032033     0.00196833
        1.24242       0.000784     0.00180311
        1.22727      0.0023176     0.00172595
        1.21212     -0.0003901     0.00187517
        1.19697     -0.0015757     0.00247128
        1.18182      0.0032524     0.00223477
        1.16667     -0.0013923     0.00229549
        1.15152     -0.0010853     0.00222396
        1.13636     -0.0012537     0.00218975
        1.12121     -0.0014967     0.00248116
        1.10606      0.0040136     0.00245877
        1.09091      0.0042326     0.00290612
        1.07576       0.004892     0.00210997
        1.06061      0.0045779     0.00225848
        1.04545     -0.0030389     0.00336642
         1.0303      -0.002667     0.00267924
        1.01515      0.0053261     0.00313195
              1     -0.0056342     0.00318174
       0.984848     -0.0012315     0.00316677
       0.969697     -0.0034794     0.00453269
       0.954545      0.0100839     0.00363463
       0.939394      0.0001537     0.00344961
       0.924242     -0.0055861     0.00318204
       0.909091       0.000737     0.00469944
       0.893939     -0.0045275      0.0035792
       0.878788      0.0017257     0.00361134
       0.863636     -0.0009487     0.00538117
       0.848485      0.0106219     0.00533505
       0.833333      0.0001803     0.00697995
       0.818182      0.0024898     0.00424461
        0.80303      0.0003799     0.00703258
       0.787879     -0.0170212     0.00519602
       0.772727     -0.0061315     0.00598135
       0.757576      0.0114338     0.00924109
       0.742424     -0.0008345     0.00752296
       0.727273      0.0123158      0.0103601
       0.712121      0.0011058     0.00979816
        0.69697     -0.0016627      0.0141512
       0.681818      0.0196429      0.0141366
       0.666667     -0.0041501        0.01363
       0.651515     -0.0037909      0.0107413
       0.636364      0.0184292      0.0181204
       0.621212       0.021126      0.0203202
       0.606061      0.0100931      0.0205242
       0.590909     -0.0072934      0.0312017
       0.575758       0.014016      0.0276038
       0.560606      0.0044834       0.027199
       0.545455      -0.013863      0.0239882
       0.530303      0.0248462      0.0575809
       0.515152      0.0610378      0.0594782
            0.5     -0.0144585      0.0522715
