              2        1.35033     0.00801505
        1.98485        1.37882     0.00732344
         1.9697         1.4033     0.00594088
        1.95455           1.44     0.00569015
        1.93939        1.44582      0.0054457
        1.92424        1.46776     0.00755341
        1.90909        1.48521     0.00692926
        1.89394        1.51732     0.00683601
        1.87879        1.54547     0.00572387
        1.86364        1.58055     0.00682911
        1.84848        1.59508     0.00809788
        1.83333        1.62669     0.00802322
        1.81818        1.65471     0.00809938
        1.80303        1.69321     0.00637805
        1.78788        1.70271      0.0065567
        1.77273        1.72781      0.0101694
        1.75758        1.78586     0.00691884
        1.74242        1.80953      0.0121826
        1.72727        1.83766     0.00869544
        1.71212        1.89505     0.00752041
        1.69697         1.9154     0.00955531
        1.68182        1.96585      0.0124664
        1.66667        1.99578     0.00939837
        1.65152        2.02833     0.00818923
        1.63636        2.08983      0.0112565
        1.62121        2.11129      0.0091501
        1.60606        2.16451      0.0120589
        1.59091        2.20545      0.0124692
        1.57576        2.26558      0.0106935
        1.56061        2.31717      0.0167628
        1.54545        2.36881      0.0148684
         1.5303        2.40553      0.0132111
        1.51515        2.47212      0.0148589
            1.5         2.5571      0.0166646
        1.48485        2.59602      0.0149524
         1.4697        2.63235      0.0117607
        1.45455        2.72458      0.0165464
        1.43939        2.75938      0.0168687
        1.42424        2.84465      0.0181374
        1.40909        2.92342      0.0147784
        1.39394        3.00802      0.0165086
        1.37879         3.1107      0.0211993
        1.36364        3.16149       0.021811
        1.34848        3.24573      0.0254202
        1.33333        3.39254      0.0217715
        1.31818        3.45556      0.0186164
        1.30303         3.5632      0.0252402
        1.28788        3.67651       0.022236
        1.27273        3.75202      0.0198896
        1.25758        3.91245      0.0397209
        1.24242        4.02824      0.0218319
        1.22727        4.14619      0.0332795
        1.21212        4.31184       0.027717
        1.19697        4.44001      0.0408321
        1.18182        4.55909      0.0310256
        1.16667        4.70387      0.0389363
        1.15152        4.95175      0.0394744
        1.13636        5.11526      0.0478983
        1.12121        5.29782      0.0473369
        1.10606        5.39654      0.0538416
        1.09091        5.67903       0.046862
        1.07576        5.99001      0.0496574
        1.06061        6.22633      0.0621926
        1.04545        6.41132      0.0647643
         1.0303        6.77322      0.0733654
        1.01515        7.04074      0.0471415
              1        7.35449      0.0706022
       0.984848        7.76122      0.0673862
       0.969697         8.1303       0.075596
       0.954545        8.63087      0.0723225
       0.939394         9.0368      0.0920114
       0.924242        9.28648      0.0724035
       0.909091        9.94271       0.121758
       0.893939        10.3429       0.160864
       0.878788        11.2004       0.151219
       0.863636        11.7621       0.146851
       0.848485        12.6049       0.194246
       0.833333        13.3374       0.156152
       0.818182        13.9743       0.176897
        0.80303        14.3661       0.244463
       0.787879         16.003       0.221266
       0.772727        17.0503       0.313889
       0.757576        18.1491         0.2217
       0.742424        19.3653       0.285907
       0.727273        21.7294       0.327697
       0.712121        23.3955       0.390642
        0.69697        24.7026       0.420765
       0.681818        26.5527       0.576999
       0.666667        29.4938        0.46927
       0.651515         32.414       0.575584
       0.636364        33.3676        0.56055
       0.621212        38.7814       0.663102
       0.606061        41.2945        1.03163
       0.590909        43.6074         1.2613
       0.575758        48.4486        0.60725
       0.560606         51.061            1.2
       0.545455        55.4156        1.53919
       0.530303        56.4504        1.73868
       0.515152        63.4498        2.74355
            0.5        69.9906        2.67042
