0 0.122649 0.169918
1 0.0527608 0.453507
2 0.0173017 0.583179
3 0.168325 0.572439
4 0.279233 0.545858
5 0.479138 0.49426
6 0.616809 0.580468
7 0.477115 0.571835
8 0.471797 0.584917
9 0.12096 0.680137
10 0.0646429 0.754654
11 0.22611 0.99461
12 0.371496 0.836567
13 0.493226 0.756047
14 0.577269 0.840005
15 0.656019 0.905484
16 0.765764 0.970267
17 0.918855 0.939875
18 0.931865 0.754052
19 0.985475 0.399022
20 0.729649 0.331166
21 0.686006 0.369351
22 0.651955 0.213852
23 0.67838 0.0982145
24 0.713423 0.111777
25 0.705029 0.0860072
26 0.813285 0.0179424
27 0.776048 0.0211376
28 0.501858 0.024284
29 0.272751 0.251365
30 0.257893 0.239268
31 0.233157 0.193293
32 0.133804 0.0534795
33 0.0839539 0.159259
34 0.122649 0.169918
