0 0.717473 0.696586
1 0.857503 0.514478
2 0.918643 0.395088
3 0.991194 0.132421
4 0.994097 0.108496
5 0.828785 -0.559567
6 0.517489 -0.85569
7 0.162934 -0.986637
8 0.0379884 -0.999278
9 0.029236 -0.999573
10 -0.127518 -0.991836
11 -0.278816 -0.960344
12 -0.556778 -0.830661
13 -0.742544 -0.669797
14 -0.861008 -0.508592
15 -0.866511 -0.499159
16 -0.874885 -0.48433
17 -0.898197 -0.439593
18 -0.899859 -0.436181
19 -0.958776 -0.284163
20 -0.99935 0.0360596
21 -0.999094 0.0425475
22 -0.991421 0.130705
23 -0.98968 0.143298
24 -0.98434 0.176281
25 -0.69137 0.722501
26 -0.488159 0.872755
27 -0.182645 0.983179
28 -0.0495759 0.99877
29 0.067379 0.997727
30 0.105631 0.994405
31 0.34881 0.937194
32 0.482205 0.876058
33 0.490951 0.871187
34 0.717473 0.696586
