-0.329538   -0.353075   0.350619
0.0192816   -0.17294   -0.246535
-0.40921   0.125027   -0.281949
0.308516   0.282981   -0.0167807
0.318009   -0.405714   -0.468324
0.00166931   -0.156987   0.418289
0.365578   0.349451   -0.348635
0.215385   -0.101791   -0.263677
0.0908431   0.334016   -0.12127
0.194203   0.467789   -0.339057
0.211148   0.10196   0.244711
-0.189373   -0.491395   -0.178798
0.46032   0.21907   0.491837
-0.150707   0.251096   0.146163
-0.497838   -0.473123   0.256591
-0.382146   0.0795775   0.386067
-0.147169   -0.437356   -0.403306
-0.122696   0.353371   -0.0772978
-0.177684   -0.275696   -0.310272
-0.181397   -0.282424   0.109156
0.495076   -0.486529   -0.148455
0.477325   0.0678065   0.0240052
-0.486   -0.0537559   -0.390776
0.411276   0.160581   0.196152
0.124739   -0.419005   -0.0817392
-0.109136   -0.0181808   -0.230939
0.00251265   0.369649   0.0756088
-0.228346   0.023852   0.0338433
0.342211   0.0422148   -0.327735
-0.0120931   -0.374859   0.0766885
-0.146658   0.474375   0.11258
0.384536   -0.222504   -0.190314
0.0215323   0.187334   -0.00967878
-0.288893   -0.43762   -0.0067629
-0.0398555   0.174451   -0.195546
-0.453706   0.314018   0.289988
-0.376814   -0.451443   -0.477789
-0.00620648   -0.414427   -0.218287
-0.349638   -0.158787   -0.0728283
0.326039   0.268894   0.348529
0.082976   -0.37435   0.418929
0.074965   -0.0689128   0.214806
0.458209   0.493176   0.062885
-0.316009   -0.0497798   -0.22947
0.412229   -0.251874   0.195658
0.180697   -0.245953   0.197625
-0.493401   -0.249766   0.442828
-0.389047   -0.250669   -0.36696
-0.177476   -0.0943284   -0.413417
-0.392408   0.36587   0.498293
-0.35739   -0.346192   -0.175042
-0.00153662   0.183987   0.326366
-0.359223   0.448006   0.126241
-0.10178   0.0178727   0.433911
0.305406   -0.0912066   0.241206
0.40991   -0.0325341   -0.159905
-0.19187   -0.225686   0.399921
0.45733   0.25283   -0.139161
0.368882   0.402506   0.211502
-0.0716109   -0.098595   0.0440191
0.0303207   -0.48844   -0.400042
-0.485097   0.272035   0.0661294
0.144504   0.0877009   -0.306191
0.386029   -0.223049   -0.396146
0.247729   -0.075831   -0.461875
-0.344068   0.188784   -0.0601845
0.407693   0.0370689   0.395538
-0.107547   -0.439789   0.336439
0.278892   -0.448193   0.329235
-0.317877   0.14302   0.170454
-0.232188   0.210721   0.372464
-0.201664   0.350015   -0.432173
-0.466514   -0.101028   0.225842
0.113484   0.00021856   0.402621
0.467722   -0.399306   -0.309648
0.191608   0.289662   0.154086
0.0159135   -0.0570238   -0.407992
-0.24601   0.131111   -0.456204
0.141461   -0.214129   -0.0500307
0.167944   0.200673   -0.475551
0.433908   0.434891   0.458836
-0.0276175   0.344226   -0.314605
-0.138661   -0.215336   -0.103127
0.238662   -0.358767   -0.243318
0.0841844   -0.0141013   -0.105205
0.243768   -0.219235   0.380318
-0.0146698   -0.281162   0.264011
-0.260737   -0.121579   0.18138
-0.35433   -0.112238   0.424275
-0.0308237   0.161014   -0.421189
0.102409   0.345759   0.355439
-0.380378   -0.330812   0.171919
0.261555   -0.458538   0.093981
-0.491249   -0.322381   -0.0130178
0.304971   -0.282364   0.0319988
0.0373077   -0.49775   0.227137
-0.39895   0.36715   -0.303344
0.475377   -0.121264   0.0301803
0.270121   0.106391   -0.112345
-0.261076   0.432648   0.338907
-0.0861947   0.37422   0.437252
-0.0780154   0.0443692   0.186474
0.131124   -0.261868   -0.397051
-0.227838   0.239789   -0.256661
0.245099   -0.0479408   0.0307103
0.288698   0.444411   -0.145246
0.206891   0.259567   -0.277813
-0.35003   0.382586   -0.101381
