0 0
1 0
1.4135 0.0110422
1.72532 0.021328
1.99999 0.0275876
2.23117 0.0371511
2.45031 0.0453018
2.64639 0.0556645
2.82839 0.064316
3.00284 0.0739418
3.16966 0.0786836
3.32727 0.0816504
3.46646 0.0966078
3.61439 0.106388
3.74821 0.115001
3.88318 0.124237
4.00845 0.125239
4.13251 0.128831
4.25173 0.138675
4.37761 0.15248
4.49892 0.160171
4.61169 0.171501
4.71556 0.181407
4.81038 0.19388
4.90483 0.200037
5.00812 0.212414
5.10997 0.215296
5.19956 0.221514
5.29904 0.221313
5.3945 0.228905
5.48419 0.247382
5.57148 0.261074
5.66206 0.277496
5.75635 0.293747
5.84659 0.298727
5.93005 0.309451
6.01663 0.30906
6.11051 0.315627
6.1867 0.325576
6.2653 0.346716
6.3459 0.348258
6.42342 0.344726
6.49786 0.345761
6.57022 0.350632
6.65111 0.352919
6.70475 0.353673
6.78195 0.356935
6.85886 0.35795
6.93663 0.361555
7.00608 0.359519
7.07767 0.373449
7.14168 0.382078
7.2102 0.393125
7.27751 0.401837
7.35199 0.423096
7.43651 0.435748
7.50589 0.45796
7.56528 0.468423
7.62849 0.471938
7.68737 0.475486
7.7444 0.475744
7.80478 0.487068
7.85844 0.503173
7.9253 0.520664
8.00064 0.550607
8.0703 0.559407
8.13414 0.566148
8.18348 0.556984
8.25637 0.560935
8.31122 0.574282
8.37508 0.573535
8.4371 0.571075
8.49805 0.5762
8.56466 0.577742
8.63293 0.596377
8.68878 0.616195
8.7307 0.624013
8.78525 0.605942
8.83483 0.628133
8.8858 0.633392
8.94011 0.628839
9.00646 0.648341
9.05412 0.661222
9.11403 0.670023
9.15718 0.672346
9.21122 0.691364
9.26353 0.702828
9.32515 0.707799
9.36976 0.710868
9.42463 0.708016
9.4783 0.73714
9.53131 0.745095
9.5871 0.780255
9.63767 0.793465
9.68707 0.810288
9.7447 0.814164
9.79938 0.847914
9.84796 0.852895
9.90167 0.865935
9.95587 0.861041
10.0053 0.873228
