0 0
1 0
1.41605 0.0108082
1.73494 0.018461
2.00395 0.0287255
2.24152 0.0353814
2.45589 0.045962
2.64983 0.0504931
2.83595 0.0586912
3.01387 0.0649544
3.18399 0.0818231
3.33739 0.0899316
3.47304 0.0985931
3.6096 0.108484
3.74612 0.115881
3.88049 0.131035
4.00664 0.137856
4.12393 0.142214
4.23736 0.150082
4.35344 0.165833
4.46802 0.169578
4.58205 0.179908
4.68032 0.195039
4.78314 0.192986
4.88964 0.206386
4.98672 0.211023
5.08653 0.222482
5.18355 0.230269
5.28946 0.235337
5.37654 0.239359
5.4754 0.248171
5.56961 0.243297
5.66329 0.252512
5.74736 0.272897
5.83124 0.274727
5.91821 0.286182
5.99341 0.297856
6.07095 0.307684
6.1557 0.308497
6.23949 0.321725
6.32169 0.339448
6.40359 0.33791
6.48051 0.344916
6.56049 0.355874
6.63179 0.372367
6.70946 0.381391
6.7887 0.387474
6.86051 0.398201
6.93756 0.40944
7.00471 0.414997
7.08171 0.424472
7.15099 0.427676
7.22011 0.429153
7.29249 0.424355
7.35806 0.448068
7.43149 0.470828
7.50293 0.471252
7.57335 0.486123
7.64285 0.474901
7.71216 0.479154
7.77509 0.482056
7.84451 0.503625
7.90889 0.499681
7.9646 0.516257
8.02222 0.517304
8.08563 0.528538
8.15339 0.52235
8.21374 0.526168
8.27105 0.515841
8.33302 0.506128
8.39502 0.503371
8.45435 0.518274
8.51657 0.526416
8.57653 0.533111
8.63028 0.538681
8.68527 0.546171
8.73841 0.561407
8.79985 0.56489
8.84564 0.565306
8.88893 0.583921
8.93978 0.591604
8.98599 0.58779
9.04451 0.612861
9.10721 0.608918
9.16377 0.605545
9.21835 0.617749
9.26484 0.637035
9.31632 0.647123
9.36698 0.658728
9.40882 0.654729
9.4598 0.656643
9.51335 0.673033
9.55617 0.693025
9.60811 0.699355
9.66177 0.726736
9.7203 0.732844
9.77702 0.749483
9.8274 0.74978
9.88035 0.743127
9.92894 0.764237
9.97665 0.738464
