1.00823 0
1.00429 0.00278651
1.00499 0.00194424
1.00189 0.00305696
1.00099 0.00257481
1.00189 0.00229715
1.0021 0.00197864
1.0005 0.002291
0.99944 0.00226642
0.99957 0.00204352
0.999462 0.00186062
1.00002 0.00178657
1.00002 0.00164916
0.99997 0.00153228
0.999938 0.00143046
0.999972 0.00134148
1.00007 0.001266
1.00039 0.0012347
1.00016 0.00119104
0.999948 0.00114934
1.00011 0.0011065
1.00033 0.00107625
0.999902 0.00110962
0.999758 0.00107266
0.999825 0.00103184
0.999664 0.00100459
0.999611 0.00096882
0.999497 0.000940883
0.999784 0.000951138
0.999816 0.00091997
0.999818 0.000890297
0.999726 0.000867247
0.999698 0.000841414
0.999675 0.000816987
0.999839 0.000809854
0.999806 0.000788001
0.999933 0.000776789
0.999904 0.000756894
0.999978 0.000741112
0.99987 0.000730327
0.999857 0.000712633
0.999885 0.000696197
0.999963 0.000684352
1.00003 0.000672369
1.00022 0.000682073
1.00008 0.00068067
1.00006 0.000666492
0.999961 0.000659926
0.999963 0.000646461
0.999895 0.000637082
0.999815 0.000629596
0.999709 0.00062626
0.999701 0.000614498
0.999723 0.000603512
0.999731 0.000592585
0.999837 0.000591384
0.999932 0.00058865
0.999878 0.000581013
0.999807 0.000575487
0.999949 0.000583285
1.00002 0.000578623
1.00012 0.000577318
1.00011 0.000568196
1.00015 0.000560417
1.00017 0.000552043
1.00021 0.000545266
1.00024 0.000537999
1.0003 0.000533131
1.00037 0.000529874
1.00042 0.000525018
1.00038 0.000519265
1.00034 0.000513598
1.00038 0.000508394
1.00022 0.000526793
1.00025 0.000520935
1.00016 0.00052244
1.00013 0.000516792
1.0002 0.000514763
1.00022 0.000508935
1.00025 0.000503481
1.00031 0.000500961
1.0003 0.000494978
1.0003 0.000489015
1.00038 0.00048897
1.00032 0.000486582
1.00032 0.000480928
1.00036 0.000476965
1.00044 0.000477475
1.0005 0.000475808
1.00039 0.00048133
1.00047 0.000481941
1.00052 0.000479052
1.00058 0.000478106
1.00048 0.000483375
1.00052 0.000479824
1.00048 0.000476781
1.00039 0.000478809
1.00039 0.000473923
1.00037 0.000469996
1.00031 0.000469241
