0.965078 0
0.980659 0.011017
0.98019 0.00735464
0.990612 0.0105779
0.994601 0.00918355
0.991287 0.00822923
0.991056 0.00705685
0.997096 0.008369
1.0005 0.00810019
0.999952 0.00730838
1.00032 0.00665319
0.998489 0.00634519
0.998582 0.00585777
0.999065 0.00545923
0.999029 0.0050954
0.998875 0.00477925
0.998418 0.00451994
0.997213 0.00442646
0.998048 0.00427144
0.998975 0.00415716
0.998278 0.00401715
0.997643 0.00388433
0.99933 0.00406498
0.999758 0.00391812
0.999735 0.00376146
1.00029 0.00365827
1.00068 0.00354347
1.00141 0.00348967
1.00046 0.00349463
1.00019 0.00338896
1.00021 0.00327973
1.0005 0.00318945
1.00064 0.00309609
1.0009 0.00301546
1.00016 0.00301775
1.0003 0.00293709
0.999886 0.0028865
0.999893 0.00281055
0.99971 0.0027444
1.00002 0.00269277
1.00002 0.00262709
1.00001 0.00256456
0.999748 0.00251802
0.999541 0.00246924
0.998852 0.00250883
0.9994 0.00251346
0.999317 0.00246134
0.999713 0.00244163
0.999628 0.00239328
0.999917 0.00236291
1.00021 0.00233451
1.00064 0.00232866
1.00071 0.00228583
1.00059 0.00224657
1.00057 0.00220579
1.00026 0.00218893
0.999941 0.00217326
1.00012 0.00214284
1.00043 0.00212913
0.999961 0.00214431
0.999633 0.00213417
0.999268 0.00213065
0.999346 0.00209825
0.999169 0.0020729
0.999099 0.00204219
0.998902 0.00202075
0.998748 0.00199646
0.998585 0.00197373
0.998305 0.00196483
0.998076 0.00195009
0.998256 0.00193087
0.99838 0.00190805
0.998225 0.00188824
0.998791 0.00194573
0.998673 0.00192333
0.998956 0.00191865
0.99904 0.00189559
0.998812 0.00188492
0.998693 0.00186481
0.998538 0.00184801
0.998299 0.00184057
0.998342 0.00181862
0.998416 0.00179823
0.998204 0.00178924
0.998369 0.00177576
0.998329 0.00175557
0.99817 0.00174257
0.99791 0.00174202
0.997691 0.00173621
0.99806 0.00175585
0.997816 0.00175344
0.997637 0.0017435
0.99743 0.00173704
0.997811 0.00175987
0.997688 0.00174564
0.997834 0.00173354
0.998174 0.00174873
0.998174 0.00173089
0.998249 0.00171501
0.998481 0.00171351
