0.997731 0
0.998661 0.000657843
0.998994 0.000515767
0.999982 0.000938878
0.999861 0.000758752
0.999641 0.000663603
0.999738 0.000575943
1.00013 0.000623279
1.00038 0.000600151
1.00055 0.000563827
1.0005 0.000514101
1.00036 0.000490035
1.00049 0.000469469
1.00059 0.000445237
1.00074 0.000440973
1.00065 0.000422903
1.00051 0.000419983
1.00041 0.000408762
1.00048 0.000393433
1.00046 0.000374136
1.00039 0.00036268
1.00025 0.000375329
1.00042 0.000397496
1.0004 0.000381587
1.0003 0.000378555
1.00028 0.000364344
1.00026 0.000351531
1.00024 0.000339757
1.00011 0.000350907
1.00014 0.000340262
1.00015 0.000329397
1.00011 0.000320884
1.00011 0.00031118
1.0001 0.000302231
1.0001 0.000293642
1.00016 0.00029126
1.00011 0.000288319
1.00007 0.000283032
1.00004 0.000277886
1.0001 0.000278099
1.00012 0.000272289
1.00012 0.000265807
1.00007 0.000264367
1.00005 0.000259368
1.00001 0.000256047
1.00001 0.000250511
1 0.000245253
0.999967 0.000242867
0.999977 0.000238117
0.999993 0.000233876
1.00002 0.000230862
1.00001 0.000226895
1.00001 0.000222702
1.00002 0.000218653
1.00001 0.000214983
0.999982 0.00021248
0.999984 0.000208759
0.999991 0.00020529
1.00001 0.000202389
0.999969 0.000202499
0.99996 0.000199356
0.999928 0.000198727
0.999908 0.00019659
0.999922 0.000194006
0.999913 0.000191241
0.999934 0.000189486
0.99994 0.000186771
0.999935 0.000184095
0.999923 0.000181829
0.999913 0.000179499
0.999931 0.000177846
0.999973 0.000180307
0.999972 0.000177838
1.00001 0.000180146
0.999987 0.000179754
1.00001 0.000178333
0.999992 0.000176476
0.999986 0.000174319
0.999979 0.000172272
0.999985 0.000170246
0.999977 0.00016837
0.999956 0.000167578
0.999936 0.000166726
0.999908 0.000167035
0.999932 0.000166751
0.999925 0.000164942
0.999928 0.00016306
0.999918 0.000161467
0.999932 0.000160213
0.999942 0.00015878
0.999923 0.000158218
0.999903 0.000157763
0.999872 0.000159145
0.999891 0.000158622
0.999873 0.000157939
0.999869 0.000156355
0.99988 0.000155108
0.999881 0.000153532
0.999901 0.000153348
0.999918 0.000152672
