              1       -7.53428       -7.53428              0
              2        -7.5142       -7.52424     0.00710175
              3       -7.53578       -7.52809      0.0056811
              4        -7.5131       -7.52434     0.00535573
              5       -7.52766         -7.525     0.00432566
              6       -7.51907       -7.52401     0.00371619
              7       -7.52225       -7.52376     0.00319383
              8       -7.53713       -7.52543     0.00320208
              9       -7.52334        -7.5252     0.00285475
             10       -7.52929       -7.52561     0.00259834
             11       -7.52168       -7.52525     0.00238655
             12       -7.52656       -7.52536     0.00219017
             13       -7.53135       -7.52582     0.00206951
             14       -7.52864       -7.52602     0.00193143
             15       -7.51986       -7.52561      0.0018459
             16       -7.53269       -7.52605     0.00178279
             17       -7.52181        -7.5258     0.00169534
             18       -7.52499       -7.52576     0.00160176
             19       -7.52941       -7.52595     0.00152892
             20       -7.53072       -7.52619     0.00147091
             21       -7.52061       -7.52592     0.00142467
             22       -7.52301       -7.52579     0.00136604
             23       -7.52802       -7.52589     0.00131007
             24        -7.5269       -7.52593     0.00125616
             25       -7.52489       -7.52589     0.00120661
             26       -7.52306       -7.52578     0.00116508
             27       -7.53245       -7.52603     0.00114786
             28       -7.53315       -7.52628     0.00113473
             29       -7.53665       -7.52664     0.00115057
             30       -7.52013       -7.52642     0.00113248
             31       -7.53411       -7.52667     0.00112274
             32       -7.52057       -7.52648     0.00110371
             33       -7.52253       -7.52636     0.00107674
             34       -7.52279       -7.52626     0.00105019
             35       -7.53919       -7.52662     0.00108328
             36       -7.51706       -7.52636     0.00108529
             37       -7.53003       -7.52646     0.00106049
             38       -7.51581       -7.52618     0.00106896
             39       -7.52446       -7.52613     0.00104245
             40       -7.53095       -7.52625     0.00102332
             41       -7.52755       -7.52629    0.000998851
             42        -7.5307       -7.52639    0.000980582
             43        -7.5281       -7.52643    0.000958586
             44       -7.52923       -7.52649    0.000938901
             45       -7.53217       -7.52662    0.000926457
             46       -7.52221       -7.52652    0.000911266
             47       -7.53449       -7.52669    0.000907516
             48       -7.52433       -7.52665    0.000889947
             49       -7.53818       -7.52688    0.000902389
             50       -7.53077       -7.52696    0.000887682
             51       -7.52702       -7.52696    0.000870277
             52        -7.5113       -7.52666    0.000904115
             53       -7.52171       -7.52656    0.000891867
             54       -7.52276       -7.52649    0.000878137
             55       -7.54205       -7.52678    0.000906601
             56       -7.52109       -7.52668    0.000896075
             57       -7.53339       -7.52679    0.000888052
             58       -7.52043       -7.52668    0.000879499
             59       -7.52434       -7.52664    0.000865488
             60       -7.52685       -7.52665     0.00085107
             61       -7.53918       -7.52685    0.000861565
             62       -7.53065       -7.52691    0.000849846
             63        -7.5282       -7.52693    0.000836601
             64       -7.52822       -7.52695    0.000823769
             65       -7.52669       -7.52695    0.000811106
             66        -7.5335       -7.52705    0.000804864
             67       -7.52799       -7.52706    0.000792972
             68       -7.52433       -7.52702    0.000782331
             69       -7.52799       -7.52704    0.000771118
             70        -7.5284       -7.52706    0.000760349
             71       -7.53876       -7.52722    0.000767308
             72        -7.5193       -7.52711    0.000764496
             73       -7.53522       -7.52722    0.000762054
             74       -7.51549       -7.52706    0.000768075
             75        -7.5218       -7.52699     0.00076103
             76       -7.53334       -7.52708    0.000755588
             77       -7.52462       -7.52705    0.000746446
             78        -7.5245       -7.52701     0.00073759
             79       -7.53675       -7.52714    0.000738473
             80       -7.53025       -7.52718    0.000730268
             81       -7.52833       -7.52719    0.000721392
             82       -7.52562       -7.52717    0.000712848
             83       -7.53116       -7.52722    0.000705877
             84       -7.53477       -7.52731    0.000703171
             85       -7.52477       -7.52728     0.00069553
             86       -7.52754       -7.52728    0.000687449
             87       -7.52851        -7.5273    0.000679693
             88       -7.52422       -7.52726    0.000672867
             89       -7.52446       -7.52723    0.000666042
             90       -7.53988       -7.52737    0.000673319
             91       -7.53265       -7.52743    0.000668417
             92       -7.52707       -7.52742    0.000661163
             93       -7.52214       -7.52737     0.00065649
             94       -7.53022        -7.5274     0.00065021
             95       -7.52857       -7.52741    0.000643483
             96       -7.52662        -7.5274    0.000636833
             97       -7.52377       -7.52736    0.000631367
             98         -7.523       -7.52732    0.000626496
             99        -7.5264       -7.52731    0.000620236
            100       -7.53358       -7.52737     0.00061719
              1       -8.07391       -8.07391              0
              2        -8.0759       -8.07491      0.0007029
              3       -8.06709        -8.0723     0.00217834
              4       -8.07003       -8.07173     0.00170604
              5        -8.0677       -8.07093     0.00154397
              6       -8.07489       -8.07159     0.00142102
              7       -8.07183       -8.07162     0.00121843
              8       -8.07512       -8.07206     0.00114198
              9       -8.06826       -8.07164     0.00109049
             10        -8.0732       -8.07179    0.000992632
             11       -8.07087       -8.07171    0.000905894
             12       -8.07711       -8.07216    0.000935449
             13       -8.06596       -8.07168    0.000977417
             14       -8.08421       -8.07258     0.00125198
             15        -8.0617       -8.07185     0.00136232
             16       -8.07179       -8.07185     0.00127718
             17       -8.07266        -8.0719     0.00120295
             18       -8.07193        -8.0719     0.00113612
             19        -8.0749       -8.07206     0.00108725
             20       -8.06676       -8.07179     0.00106461
             21       -8.07432       -8.07191     0.00102071
             22       -8.07413       -8.07201    0.000979271
             23       -8.07509       -8.07215     0.00094576
             24       -8.07108        -8.0721    0.000907389
             25       -8.07171       -8.07209    0.000871226
             26       -8.07785       -8.07231    0.000865451
             27       -8.06737       -8.07213    0.000852501
             28       -8.07766       -8.07232    0.000844625
             29       -8.06965       -8.07223    0.000820525
             30       -8.07499       -8.07232    0.000798307
             31       -8.07123       -8.07229    0.000773339
             32       -8.07104       -8.07225    0.000750158
             33       -8.07784       -8.07242    0.000746342
             34       -8.06806       -8.07229    0.000735325
             35       -8.07335       -8.07232    0.000714945
             36       -8.07119       -8.07229    0.000695769
             37       -8.07752       -8.07243     0.00069118
             38       -8.07501        -8.0725     0.00067631
             39       -8.06936       -8.07242    0.000663725
             40       -8.07038       -8.07237    0.000649087
             41       -8.07533       -8.07244    0.000637275
             42       -8.07185       -8.07242    0.000622255
             43       -8.07497       -8.07248    0.000610587
             44       -8.07315        -8.0725    0.000596897
             45        -8.0686       -8.07241    0.000589878
             46       -8.07157       -8.07239    0.000577335
             47       -8.07889       -8.07253    0.000581374
             48       -8.07065       -8.07249     0.00057059
             49       -8.07259        -8.0725    0.000558949
             50       -8.07129       -8.07247    0.000548286
             51       -8.07509       -8.07252    0.000539943
             52        -8.0704       -8.07248    0.000531102
             53       -8.07819       -8.07259    0.000531876
             54       -8.06415       -8.07243     0.00054451
             55       -8.07202       -8.07243    0.000534662
             56       -8.07467       -8.07247    0.000526621
             57       -8.06928       -8.07241    0.000520338
             58       -8.06929       -8.07236    0.000514134
             59       -8.07134       -8.07234    0.000505708
             60       -8.07165       -8.07233    0.000497409
             61       -8.07399       -8.07235    0.000490004
             62       -8.07148       -8.07234    0.000482306
             63       -8.07165       -8.07233    0.000474774
             64        -8.0695       -8.07229    0.000469406
             65       -8.07037       -8.07226    0.000463107
             66       -8.07134       -8.07224    0.000456299
             67       -8.07288       -8.07225    0.000449589
             68       -8.07121       -8.07224    0.000443237
             69        -8.0806       -8.07236    0.000453076
             70       -8.06507       -8.07225    0.000458423
             71        -8.0714       -8.07224    0.000452125
             72       -8.07662        -8.0723    0.000449911
             73        -8.0708       -8.07228    0.000444216
             74       -8.06963       -8.07225    0.000439652
             75       -8.07738       -8.07231    0.000439086
             76       -8.08014       -8.07242    0.000445219
             77       -8.06873       -8.07237     0.00044201
             78       -8.07209       -8.07237    0.000436358
             79       -8.07536        -8.0724    0.000432476
             80         -8.074       -8.07242    0.000427531
             81       -8.07239       -8.07242    0.000422253
             82       -8.06512       -8.07233    0.000426395
             83       -8.07679       -8.07239    0.000424625
             84       -8.06987       -8.07236    0.000420629
             85        -8.0731       -8.07237    0.000415771
             86       -8.07344       -8.07238    0.000411122
             87       -8.06738       -8.07232    0.000410393
             88       -8.08104       -8.07242    0.000417514
             89       -8.06711       -8.07236    0.000417071
             90       -8.07338       -8.07237    0.000412591
             91       -8.07031       -8.07235    0.000408678
             92       -8.06769        -8.0723     0.00040736
             93       -8.07284        -8.0723    0.000403021
             94       -8.07331       -8.07232    0.000398874
             95       -8.07685       -8.07236    0.000397518
             96       -8.07114       -8.07235    0.000393581
             97       -8.07405       -8.07237    0.000389912
             98       -8.06862       -8.07233    0.000387806
             99       -8.07533       -8.07236    0.000385071
            100       -8.06755       -8.07231     0.00038421
              1       -8.10332       -8.10332              0
              2       -8.10349       -8.10341    5.95549e-05
              3       -8.09842       -8.10174     0.00135655
              4       -8.10916        -8.1036     0.00190154
              5       -8.09946       -8.10277     0.00169185
              6       -8.10534        -8.1032     0.00146293
              7       -8.10696       -8.10374     0.00134875
              8       -8.09857       -8.10309     0.00132601
              9       -8.10538       -8.10334      0.0012029
             10        -8.1073       -8.10374     0.00114594
             11       -8.10096       -8.10349     0.00106927
             12       -8.10219       -8.10338    0.000985576
             13       -8.10537       -8.10353    0.000921562
             14       -8.10688       -8.10377    0.000886134
             15       -8.09823        -8.1034    0.000900737
             16        -8.1059       -8.10356    0.000857847
             17       -8.10719       -8.10377    0.000833563
             18       -8.10232       -8.10369    0.000791169
             19       -8.10234       -8.10362    0.000752729
             20       -8.10107       -8.10349    0.000725797
             21       -8.10227       -8.10343    0.000693563
             22       -8.10601       -8.10355    0.000671862
             23       -8.10654       -8.10368    0.000655097
             24       -8.10272       -8.10364    0.000629036
             25       -8.10404       -8.10366    0.000604077
             26       -8.10404       -8.10367     0.00058102
             27       -8.10427       -8.10369    0.000559916
             28       -8.09756       -8.10347    0.000581187
             29       -8.10594       -8.10356    0.000567351
             30       -8.10751       -8.10369    0.000563544
             31       -8.09657       -8.10346    0.000590319
             32       -8.10939       -8.10365    0.000600199
             33       -8.10712       -8.10375     0.00059118
             34       -8.09813       -8.10359    0.000596454
             35       -8.10203       -8.10354    0.000581065
             36       -8.10433       -8.10356    0.000565339
             37        -8.1038       -8.10357    0.000550097
             38       -8.10503       -8.10361    0.000536953
             39       -8.10225       -8.10357    0.000524313
             40       -8.09766       -8.10343    0.000531679
             41       -8.10978       -8.10358    0.000540807
             42       -8.10112       -8.10352      0.0005311
             43        -8.1071       -8.10361    0.000525232
             44       -8.10207       -8.10357    0.000514458
             45       -8.10927        -8.1037    0.000518367
             46       -8.10049       -8.10363    0.000511773
             47       -8.10239        -8.1036    0.000501564
             48       -8.10734       -8.10368    0.000497111
             49       -8.10242       -8.10365    0.000487629
             50       -8.10022       -8.10359    0.000482676
             51       -8.10526       -8.10362    0.000474334
             52       -8.10041       -8.10356    0.000469195
             53       -8.10702       -8.10362    0.000464867
             54       -8.09391       -8.10344     0.00048979
             55       -8.10456       -8.10346    0.000481305
             56       -8.10938       -8.10357    0.000484167
             57       -8.09877       -8.10348     0.00048293
             58        -8.1098       -8.10359    0.000486745
             59       -8.10095       -8.10355    0.000480557
             60       -8.10521       -8.10358    0.000473344
             61       -8.10998       -8.10368    0.000477093
             62       -8.09944       -8.10361    0.000474276
             63       -8.10564       -8.10364    0.000467841
             64       -8.09991       -8.10359     0.00046416
             65       -8.10344       -8.10358    0.000457025
             66       -8.10885       -8.10366    0.000457019
             67       -8.09963        -8.1036     0.00045414
             68       -8.10622       -8.10364    0.000449094
             69       -8.10304       -8.10363    0.000442672
             70       -8.10543       -8.10366    0.000437089
             71       -8.09755       -8.10357    0.000439325
             72       -8.10453       -8.10359    0.000433424
             73        -8.1064       -8.10362      0.0004292
             74       -8.09933       -8.10357    0.000427312
             75       -8.10406       -8.10357    0.000421664
             76        -8.0985       -8.10351    0.000421362
             77       -8.10399       -8.10351    0.000415937
             78       -8.09659       -8.10342    0.000419959
             79       -8.10644       -8.10346    0.000416373
             80       -8.10168       -8.10344    0.000411762
             81       -8.10528       -8.10346    0.000407303
             82       -8.10656        -8.1035     0.00040408
             83       -8.10081       -8.10347    0.000400509
             84       -8.11106       -8.10356    0.000405807
             85       -8.09593       -8.10347    0.000410834
             86       -8.10493       -8.10349     0.00040641
             87       -8.10545       -8.10351    0.000402364
             88       -8.10667       -8.10354    0.000399394
             89       -8.10592       -8.10357    0.000395799
             90       -8.10294       -8.10356    0.000391463
             91       -8.10535       -8.10358    0.000387655
             92        -8.1061       -8.10361    0.000384407
             93       -8.10212       -8.10359    0.000380607
             94       -8.10207       -8.10358    0.000376903
             95       -8.10126       -8.10355    0.000373726
             96       -8.10556       -8.10358    0.000370414
             97       -8.10669       -8.10361    0.000367982
             98        -8.1049       -8.10362    0.000364465
             99           -8.1       -8.10358    0.000362614
            100       -8.10822       -8.10363    0.000361938
