              1       0.802221       0.802221              0
              2       0.789527       0.795874     0.00448778
              3       0.802892       0.798213     0.00354964
              4       0.789231       0.795968      0.0032969
              5       0.797568       0.796288     0.00265301
              6        0.79217       0.795602      0.0022979
              7       0.795011       0.795517     0.00197117
              8        0.80404       0.796583     0.00199197
              9       0.795102       0.796418     0.00177742
             10       0.799368       0.796713     0.00162397
             11       0.792882       0.796365     0.00151322
             12       0.795626       0.796303     0.00138837
             13       0.799665       0.796562     0.00130543
             14       0.798326       0.796688     0.00121825
             15        0.79346       0.796473     0.00115589
             16       0.800185       0.796705     0.00110669
             17       0.793282       0.796503     0.00105974
             18       0.795818       0.796465     0.00100155
             19       0.798576       0.796576     0.00095498
             20       0.799649        0.79673    0.000919509
             21       0.793387       0.796571    0.000889397
             22       0.794459       0.796475    0.000854135
             23       0.798243       0.796552    0.000820451
             24       0.797923       0.796609    0.000788253
             25       0.795995       0.796584    0.000757105
             26       0.794835       0.796517    0.000730968
             27       0.799817       0.796639    0.000714041
             28       0.800897       0.796791    0.000704543
             29       0.803602       0.797026    0.000718324
             30        0.79299       0.796892    0.000706867
             31       0.800889       0.797021    0.000695728
             32       0.792515        0.79688    0.000688086
             33       0.795133       0.796827    0.000669268
             34       0.794606       0.796762    0.000652762
             35       0.805301       0.797006    0.000678178
             36       0.790928       0.796837    0.000680026
             37       0.799629       0.796912    0.000665821
             38       0.790884       0.796754    0.000666931
             39       0.796266       0.796741    0.000649947
             40       0.800185       0.796827    0.000639375
             41       0.798151       0.796859    0.000624596
             42       0.798543       0.796899    0.000611009
             43       0.798077       0.796927    0.000597413
             44        0.79894       0.796973    0.000585584
             45       0.798515       0.797007    0.000573573
             46       0.794853        0.79696    0.000563013
             47       0.801537       0.797057    0.000559391
             48       0.795523       0.797025     0.00054865
             49       0.804379       0.797176    0.000557602
             50       0.799127       0.797215    0.000547814
             51       0.797705       0.797224    0.000537157
             52       0.787739       0.797042    0.000556939
             53       0.793642       0.796978    0.000550112
             54       0.795275       0.796946    0.000540827
             55        0.80696       0.797128    0.000560807
             56       0.792842       0.797052    0.000555991
             57       0.801215       0.797125    0.000551015
             58       0.793384        0.79706    0.000545276
             59       0.795676       0.797037    0.000536539
             60       0.797065       0.797037    0.000527596
             61       0.804852       0.797165    0.000534276
             62       0.799266       0.797199    0.000526731
             63       0.798204       0.797215    0.000518612
             64       0.798025       0.797228    0.000510663
             65        0.79701       0.797224    0.000502818
             66       0.801344       0.797287    0.000499059
             67       0.798295       0.797302    0.000491837
             68       0.795736       0.797279    0.000485143
             69        0.79769       0.797285    0.000478148
             70       0.797558       0.797289    0.000471333
             71       0.805684       0.797407    0.000479297
             72       0.793016       0.797346    0.000476504
             73       0.802125       0.797411    0.000474452
             74       0.790683       0.797321    0.000476674
             75        0.79326       0.797266    0.000473383
             76       0.802238       0.797332    0.000471651
             77       0.795942       0.797314    0.000465871
             78       0.796494       0.797303    0.000460017
             79       0.803167       0.797377    0.000460144
             80       0.799562       0.797405    0.000455201
             81       0.798425       0.797417    0.000449756
             82       0.797183       0.797415     0.00044428
             83       0.800288       0.797449    0.000440274
             84       0.802176       0.797505    0.000438614
             85       0.795016       0.797476    0.000434431
             86       0.798024       0.797482    0.000429426
             87       0.798226       0.797491    0.000424575
             88       0.795316       0.797466    0.000420469
             89       0.795178       0.797441     0.00041653
             90        0.80533       0.797528    0.000421025
             91       0.800453        0.79756    0.000417623
             92       0.797468       0.797559    0.000413085
             93       0.793831       0.797519    0.000410585
             94       0.799375       0.797539    0.000406691
             95        0.79913       0.797556    0.000402755
             96       0.797485       0.797555     0.00039856
             97       0.796203       0.797541    0.000394695
             98       0.795676       0.797522    0.000391126
             99       0.796922       0.797516    0.000387222
            100       0.801867        0.79756    0.000385786
              1       0.400074       0.400074              0
              2       0.402935       0.401504     0.00101141
              3       0.397196       0.400068     0.00135261
              4       0.398977       0.399796     0.00104158
              5       0.397505       0.399337    0.000928595
              6       0.401887       0.399762    0.000865585
              7       0.400279       0.399836    0.000745075
              8        0.40294       0.400224    0.000746177
              9       0.397965       0.399973    0.000704213
             10       0.400852       0.400061    0.000639258
             11       0.399214       0.399984    0.000585759
             12       0.403418        0.40027    0.000602818
             13       0.395623       0.399913    0.000653921
             14       0.407338       0.400443    0.000793655
             15       0.393206       0.399961    0.000875207
             16       0.400089       0.399969    0.000820543
             17        0.40052       0.400001    0.000772918
             18       0.401382       0.400078    0.000733777
             19       0.401835        0.40017    0.000700959
             20       0.397554       0.400039    0.000678003
             21        0.40116       0.400093    0.000647815
             22       0.400293       0.400102    0.000618433
             23        0.40176       0.400174    0.000595731
             24       0.398976       0.400124    0.000572995
             25       0.399211       0.400088    0.000551238
             26       0.404254       0.400248    0.000552842
             27       0.398031       0.400166    0.000538429
             28        0.40361       0.400289    0.000533065
             29       0.398216       0.400217    0.000519452
             30       0.401331       0.400254    0.000503461
             31       0.400576       0.400265    0.000487327
             32       0.399961       0.400255    0.000472191
             33       0.403436       0.400352    0.000467614
             34        0.39749       0.400267    0.000461373
             35       0.400945       0.400287    0.000448596
             36       0.399968       0.400278    0.000436222
             37       0.403161       0.400356    0.000431337
             38       0.401197       0.400378    0.000420553
             39       0.398202       0.400322    0.000413454
             40       0.398985       0.400289    0.000404468
             41       0.402104       0.400333    0.000397017
             42       0.399718       0.400318    0.000387835
             43         0.4004        0.40032     0.00037882
             44       0.401115       0.400338    0.000370641
             45       0.398121       0.400289    0.000365666
             46       0.399185       0.400265    0.000358504
             47       0.403298        0.40033    0.000356637
             48       0.398937       0.400301    0.000350385
             49       0.399439       0.400283    0.000343675
             50        0.40003       0.400278    0.000336839
             51       0.402132       0.400314     0.00033219
             52       0.399069        0.40029    0.000326664
             53        0.40355       0.400352     0.00032624
             54       0.395159       0.400256    0.000334071
             55       0.400449       0.400259    0.000328015
             56       0.401721       0.400285    0.000323194
             57       0.398747       0.400258    0.000318649
             58       0.399775        0.40025    0.000313264
             59        0.40028       0.400251    0.000307955
             60       0.399546       0.400239    0.000303046
             61       0.400669       0.400246     0.00029816
             62       0.399743       0.400238    0.000293461
             63       0.400561       0.400243    0.000288848
             64       0.399057       0.400224    0.000284929
             65       0.399489       0.400213     0.00028077
             66        0.39894       0.400194    0.000277178
             67       0.400837       0.400203    0.000273207
             68       0.398528       0.400179    0.000270297
             69       0.404651       0.400244    0.000274041
             70       0.395325       0.400173    0.000278989
             71       0.400187       0.400173    0.000275059
             72        0.40331       0.400217    0.000274667
             73       0.399099       0.400202    0.000271331
             74       0.397731       0.400168     0.00026971
             75       0.401902       0.400191    0.000267102
             76       0.404833       0.400252    0.000270479
             77       0.397537       0.400217    0.000269255
             78       0.400277       0.400218    0.000265804
             79        0.40183       0.400238    0.000263221
             80       0.401068       0.400249    0.000260135
             81        0.40086       0.400256    0.000257033
             82       0.395497       0.400198     0.00026037
             83       0.403098       0.400233    0.000259567
             84       0.398636       0.400214    0.000257173
             85       0.400875       0.400222    0.000254265
             86       0.400411       0.400224    0.000251318
             87       0.396404        0.40018    0.000252235
             88       0.405047       0.400236    0.000255359
             89       0.396842       0.400197    0.000255321
             90        0.40127       0.400209    0.000252762
             91       0.398746       0.400193    0.000250495
             92       0.397137        0.40016    0.000249965
             93       0.401178       0.400171    0.000247517
             94       0.401113       0.400181    0.000245087
             95        0.40362       0.400217    0.000245165
             96       0.399665       0.400211    0.000242679
             97       0.400898       0.400219     0.00024028
             98       0.397996       0.400196    0.000238896
             99       0.401792       0.400212    0.000237027
            100       0.395922       0.400169    0.000238507
              1       0.377872       0.377872              0
              2       0.378338       0.378105    0.000164681
              3       0.375023       0.377078    0.000845857
              4       0.381905       0.378284      0.0012226
              5       0.376068       0.377841      0.0010554
              6       0.379719       0.378154     0.00092474
              7       0.381499       0.378632    0.000907729
              8         0.3758       0.378278    0.000860508
              9       0.379875       0.378455    0.000782989
             10       0.381098        0.37872    0.000747967
             11       0.377085       0.378571    0.000694586
             12        0.37754       0.378485    0.000641997
             13       0.379882       0.378593    0.000601538
             14       0.380937        0.37876    0.000581412
             15       0.374952       0.378506    0.000595515
             16       0.378605       0.378512    0.000558327
             17       0.380621       0.378636    0.000539082
             18       0.377923       0.378597    0.000510587
             19       0.378431       0.378588    0.000483788
             20         0.3765       0.378484    0.000470729
             21       0.377301       0.378427    0.000451671
             22        0.37929       0.378466     0.00043284
             23       0.380229       0.378543    0.000420752
             24       0.377645       0.378506    0.000404881
             25       0.378943       0.378523    0.000389063
             26       0.378913       0.378538    0.000374388
             27       0.378372       0.378532    0.000360572
             28       0.375168       0.378412    0.000367168
             29       0.379844       0.378461    0.000357813
             30       0.380779       0.378539     0.00035413
             31       0.373514       0.378376     0.00037798
             32       0.382033       0.378491    0.000383048
             33        0.38152       0.378583    0.000382281
             34       0.375118       0.378481    0.000384382
             35       0.377519       0.378453    0.000374379
             36       0.378764       0.378462    0.000364079
             37       0.378461       0.378462    0.000354239
             38       0.378944       0.378474    0.000345145
             39       0.377648       0.378453    0.000336945
             40       0.375274       0.378374    0.000337768
             41       0.381756       0.378456    0.000339454
             42       0.377348        0.37843    0.000332397
             43        0.38066       0.378482    0.000328689
             44       0.377197       0.378453    0.000322513
             45       0.381138       0.378512     0.00032082
             46       0.376765       0.378474    0.000316086
             47       0.378043       0.378465    0.000309494
             48       0.380437       0.378506    0.000305761
             49       0.377964       0.378495    0.000299722
             50        0.37588       0.378443    0.000298254
             51       0.379962       0.378473    0.000293889
             52       0.376409       0.378433    0.000290905
             53       0.381079       0.378483    0.000289668
             54       0.373426       0.378389    0.000299056
             55       0.379911       0.378417    0.000294896
             56       0.382211       0.378485    0.000297311
             57       0.376246       0.378445    0.000294677
             58       0.382421       0.378514     0.00029746
             59       0.376417       0.378478    0.000294534
             60       0.378472       0.378478    0.000289625
             61       0.382726       0.378548    0.000293128
             62       0.375978       0.378506    0.000291316
             63       0.380171       0.378533    0.000287888
             64       0.376358       0.378499    0.000285388
             65       0.378461       0.378498    0.000280998
             66       0.382211       0.378555    0.000282316
             67       0.375692       0.378512    0.000281317
             68       0.380197       0.378537    0.000278269
             69         0.3779       0.378527    0.000274389
             70       0.380138        0.37855    0.000271432
             71       0.375232       0.378504    0.000271602
             72       0.379795       0.378522    0.000268422
             73       0.380845       0.378553    0.000266626
             74       0.376015       0.378519    0.000265219
             75       0.378915       0.378524    0.000261736
             76       0.375825       0.378489    0.000260691
             77       0.379397       0.378501    0.000257572
             78       0.374053       0.378444    0.000260505
             79       0.380914       0.378475    0.000259077
             80       0.376954       0.378456    0.000256535
             81       0.379407       0.378468    0.000253636
             82       0.379311       0.378478    0.000250751
             83       0.376446       0.378453    0.000248923
             84        0.38262       0.378503    0.000250853
             85       0.374079       0.378451    0.000253244
             86       0.378613       0.378453    0.000250306
             87       0.379112        0.37846    0.000247543
             88       0.379607       0.378473    0.000245073
             89       0.378574       0.378475    0.000242322
             90       0.377467       0.378463    0.000239888
             91       0.378683       0.378466    0.000237264
             92       0.380151       0.378484    0.000235391
             93       0.376935       0.378467    0.000233449
             94       0.376887       0.378451     0.00023157
             95       0.377189       0.378437    0.000229513
             96       0.379397       0.378447    0.000227339
             97        0.37945       0.378458    0.000225231
             98       0.379402       0.378467    0.000223139
             99       0.376227       0.378445     0.00022203
            100       0.380403       0.378464    0.000220671
