0 -0.228618 0
1 -0.0610649 0.118478
2 -0.0556639 0.0791085
3 -0.115541 0.078798
4 -0.142886 0.0676169
5 -0.161877 0.0589541
6 -0.114245 0.0670683
7 -0.101 0.0599785
8 -0.0916761 0.054034
9 -0.101242 0.0494701
10 -0.080056 0.0493012
11 -0.0902155 0.0462277
12 -0.0915481 0.0426909
13 -0.0892183 0.0397051
14 -0.0925293 0.0371959
15 -0.10138 0.0359088
16 -0.101372 0.0337965
17 -0.105398 0.0321578
18 -0.102038 0.0306404
19 -0.108332 0.0297479
20 -0.114701 0.0290051
21 -0.117272 0.0278004
22 -0.113924 0.0267925
23 -0.119331 0.0262163
24 -0.116494 0.0253207
25 -0.113947 0.0244746
26 -0.117718 0.0238569
27 -0.12385 0.02378
28 -0.122024 0.02303
29 -0.118393 0.0225468
30 -0.11454 0.0221463
31 -0.10821 0.0223405
32 -0.100217 0.0230491
33 -0.105189 0.0229012
34 -0.105866 0.0222569
35 -0.109222 0.0218902
36 -0.115923 0.0223006
37 -0.110975 0.0222558
38 -0.0944838 0.0271152
39 -0.0944524 0.0264374
40 -0.0928092 0.0258436
41 -0.0830904 0.0269939
42 -0.088874 0.0269786
43 -0.091523 0.0264952
44 -0.0926599 0.0259308
45 -0.0917685 0.0253824
46 -0.0953693 0.0250964
47 -0.0968261 0.0246158
48 -0.0940043 0.0242746
49 -0.0970163 0.0239753
50 -0.0848793 0.0263991
51 -0.0781887 0.0267258
52 -0.0797939 0.0262697
53 -0.082054 0.0258803
54 -0.0769153 0.0259148
55 -0.0796538 0.0255964
56 -0.0699604 0.0269203
57 -0.0741421 0.0267789
58 -0.0728638 0.0263555
59 -0.0775682 0.0263328
60 -0.0782441 0.0259098
61 -0.0789393 0.0255012
62 -0.075855 0.0252823
63 -0.0755183 0.0248895
64 -0.0791193 0.0247657
65 -0.0784261 0.0244002
66 -0.0787179 0.0240377
67 -0.0756072 0.0238847
68 -0.0745263 0.023563
69 -0.0716657 0.0233993
70 -0.0702897 0.0231102
71 -0.0731269 0.0229627
72 -0.0766506 0.0229169
73 -0.0787473 0.0227029
74 -0.0804091 0.022461
75 -0.0824235 0.0222556
76 -0.0770848 0.0225978
77 -0.0752864 0.0223795
78 -0.0722674 0.022299
79 -0.0753864 0.0222373
80 -0.0773782 0.0220518
81 -0.0783987 0.0218064
82 -0.0783376 0.0215438
83 -0.0776843 0.0212972
84 -0.0806866 0.0212572
85 -0.0819253 0.0210461
86 -0.082629 0.020816
87 -0.0811515 0.0206318
88 -0.0794942 0.0204664
89 -0.0803934 0.0202588
90 -0.0802673 0.0200365
91 -0.0812409 0.0198424
92 -0.0821045 0.0196478
93 -0.0813618 0.0194528
94 -0.0812966 0.0192482
95 -0.0814879 0.0190486
96 -0.0797586 0.0189306
97 -0.0812335 0.0187948
98 -0.0838125 0.018781
99 -0.0836846 0.0185937
