0 -0.458932 0
1 -0.450158 0.00620391
2 -0.447107 0.00482809
3 -0.457083 0.00936744
4 -0.456187 0.00753668
5 -0.455172 0.00634861
6 -0.453474 0.00566401
7 -0.447998 0.00712775
8 -0.446904 0.00641923
9 -0.448282 0.00592352
10 -0.449573 0.00552375
11 -0.450995 0.00524349
12 -0.448732 0.00530633
13 -0.446046 0.00556545
14 -0.442875 0.00603086
15 -0.44414 0.00578509
16 -0.445564 0.00561739
17 -0.445627 0.00530567
18 -0.444514 0.00514186
19 -0.443945 0.00491611
20 -0.444714 0.00474169
21 -0.443496 0.00467986
22 -0.443813 0.00448708
23 -0.443129 0.00435194
24 -0.443776 0.00422578
25 -0.443097 0.00411757
26 -0.441351 0.0043191
27 -0.441481 0.0041668
28 -0.441107 0.00403986
29 -0.439954 0.00406655
30 -0.440084 0.00393746
31 -0.441843 0.00418869
32 -0.441276 0.00409992
33 -0.441634 0.00399494
34 -0.440318 0.00409184
35 -0.441063 0.00404542
36 -0.441005 0.0039365
37 -0.441403 0.00385295
38 -0.441745 0.00376931
39 -0.440995 0.00374892
40 -0.441749 0.00373251
41 -0.441212 0.00368209
42 -0.441799 0.00364303
43 -0.442413 0.00361158
44 -0.442815 0.00355365
45 -0.443141 0.0034913
46 -0.443418 0.00342798
47 -0.443066 0.00337459
48 -0.443268 0.00331175
49 -0.443711 0.00327507
50 -0.443281 0.00323906
51 -0.443293 0.0031768
52 -0.442977 0.00313256
53 -0.443224 0.00308427
54 -0.443113 0.00303021
55 -0.443244 0.00297893
56 -0.443007 0.00293603
57 -0.443549 0.00293498
58 -0.444231 0.00296339
59 -0.443637 0.00297297
60 -0.444077 0.00295665
61 -0.443509 0.00296295
62 -0.443236 0.00292847
63 -0.44361 0.00290643
64 -0.443706 0.00286332
65 -0.444224 0.00286637
66 -0.444378 0.00282773
67 -0.44426 0.00278864
68 -0.444013 0.00275907
69 -0.443472 0.00277223
70 -0.443853 0.00275919
71 -0.443745 0.00272296
72 -0.444556 0.00280366
73 -0.444597 0.00276608
74 -0.444442 0.00273357
75 -0.44482 0.00272368
76 -0.444997 0.00269405
77 -0.444441 0.00271639
78 -0.444644 0.0026896
79 -0.444338 0.00267333
80 -0.444553 0.00264897
81 -0.444826 0.00263068
82 -0.444746 0.00260019
83 -0.444481 0.00258274
84 -0.44421 0.0025666
85 -0.444259 0.00253723
86 -0.444413 0.00251274
87 -0.444261 0.00248875
88 -0.444187 0.00246191
89 -0.444342 0.00243943
90 -0.444319 0.00241273
91 -0.444433 0.00238922
92 -0.443648 0.00248921
93 -0.443815 0.00246832
94 -0.444079 0.0024564
95 -0.444182 0.002433
96 -0.444411 0.00241868
97 -0.444569 0.00239913
98 -0.443743 0.00251307
99 -0.444256 0.00253969
