0 0.1 0.538826 0.784995 -0.286201 0.00535869
1 0.0999009 0.556265 0.760292 -0.291785 0.00577469
2 0.0998018 0.65795 0.710247 -0.367216 0.00369716
3 0.0997027 0.66604 0.69946 -0.379157 0.00403831
4 0.0996036 0.676521 0.697391 -0.382958 0.00382865
5 0.0995045 0.681682 0.69199 -0.380357 0.00416444
6 0.0994054 0.68491 0.687609 -0.389732 0.00354009
7 0.0993063 0.690412 0.684389 -0.391161 0.00306339
8 0.0992072 0.698166 0.680079 -0.399769 0.00319563
9 0.0991081 0.704832 0.677908 -0.398885 0.00310741
10 0.099009 0.712183 0.675694 -0.402074 0.00398329
11 0.0989099 0.702081 0.678456 -0.396835 0.00339131
12 0.0988108 0.68872 0.689422 -0.387063 0.00355169
13 0.0987117 0.690281 0.689097 -0.394147 0.00358151
14 0.0986126 0.684752 0.694919 -0.385366 0.00417892
15 0.0985135 0.689426 0.692662 -0.391928 0.00357645
16 0.0984144 0.68847 0.692912 -0.395098 0.00379914
17 0.0983153 0.667693 0.710426 -0.374351 0.00425366
18 0.0982162 0.662498 0.713884 -0.365715 0.00339699
19 0.0981171 0.665029 0.71189 -0.369622 0.00336442
20 0.098018 0.670362 0.707084 -0.376029 0.00360438
21 0.0979189 0.673697 0.704946 -0.382229 0.00405228
22 0.0978198 0.672921 0.704181 -0.377595 0.00466068
23 0.0977207 0.670259 0.707361 -0.375451 0.00346094
24 0.0976216 0.653749 0.719098 -0.355885 0.00419943
25 0.0975225 0.65886 0.716489 -0.367759 0.00408089
26 0.0974234 0.662029 0.713356 -0.367036 0.00461661
27 0.0973243 0.662583 0.712886 -0.360157 0.00430672
28 0.0972252 0.666652 0.710814 -0.363049 0.00368076
29 0.0971261 0.667928 0.710118 -0.371608 0.003417
30 0.097027 0.66791 0.709328 -0.36764 0.00450419
31 0.0969279 0.672893 0.707013 -0.378012 0.00382513
32 0.0968288 0.674982 0.704716 -0.376729 0.00326893
33 0.0967297 0.673516 0.703791 -0.372432 0.00380625
34 0.0966306 0.675986 0.70246 -0.373243 0.00401778
35 0.0965315 0.674507 0.703316 -0.378962 0.0042692
36 0.0964324 0.669562 0.704516 -0.373152 0.00406427
37 0.0963333 0.664868 0.707237 -0.371659 0.00412934
38 0.0962342 0.664816 0.707014 -0.369787 0.00456679
39 0.0961351 0.657772 0.712311 -0.367836 0.00395704
40 0.096036 0.658802 0.712244 -0.366206 0.00432027
41 0.0959369 0.662384 0.710536 -0.364711 0.00438218
42 0.0958378 0.6611 0.711245 -0.37269 0.00322779
43 0.0957387 0.661037 0.710802 -0.366161 0.00362933
44 0.0956396 0.654756 0.713698 -0.35203 0.00401103
45 0.0955405 0.647678 0.718939 -0.354459 0.00374134
46 0.0954414 0.648237 0.718012 -0.360907 0.00436673
47 0.0953423 0.650228 0.716969 -0.356174 0.00476633
48 0.0952432 0.651268 0.715492 -0.355385 0.00400884
49 0.0951441 0.652295 0.714808 -0.365861 0.00430312
50 0.095045 0.649719 0.716007 -0.353639 0.00439838
51 0.0949459 0.651568 0.714849 -0.358094 0.00463758
52 0.0948468 0.647242 0.71717 -0.358911 0.00429282
53 0.0947477 0.645448 0.718873 -0.358417 0.0040614
54 0.0946486 0.648639 0.717307 -0.34947 0.00402561
55 0.0945495 0.650205 0.716573 -0.359232 0.00387547
56 0.0944505 0.652814 0.715009 -0.344465 0.00657465
57 0.0943514 0.655046 0.713941 -0.362806 0.00395444
58 0.0942523 0.653195 0.714718 -0.359835 0.00418106
59 0.0941532 0.654334 0.713951 -0.356215 0.00397925
60 0.0940541 0.655749 0.713783 -0.361712 0.00417275
61 0.093955 0.656623 0.713185 -0.35731 0.00400567
62 0.0938559 0.65822 0.712249 -0.378406 0.00383084
63 0.0937568 0.659108 0.712589 -0.369383 0.00402765
64 0.0936577 0.66104 0.711742 -0.364913 0.00366227
65 0.0935586 0.662076 0.711765 -0.367081 0.00414964
66 0.0934595 0.663652 0.710608 -0.363193 0.00448866
67 0.0933604 0.663552 0.710411 -0.36593 0.00387687
68 0.0932613 0.665017 0.709356 -0.371249 0.00368601
69 0.0931622 0.666613 0.708675 -0.364687 0.00429959
70 0.0930631 0.666372 0.708777 -0.37061 0.00360856
71 0.092964 0.666681 0.709325 -0.373924 0.00359312
72 0.0928649 0.667113 0.709032 -0.367448 0.00379853
73 0.0927658 0.6687 0.708516 -0.371515 0.00388198
74 0.0926667 0.670148 0.707736 -0.373415 0.00421555
75 0.0925676 0.671809 0.706776 -0.37738 0.00325927
76 0.0924685 0.673019 0.706257 -0.373316 0.00410975
77 0.0923694 0.674152 0.705677 -0.372601 0.00455168
78 0.0922703 0.673024 0.706747 -0.375744 0.00370985
79 0.0921712 0.671045 0.707938 -0.37257 0.0036422
80 0.0920721 0.669327 0.708804 -0.372688 0.0042129
81 0.091973 0.669238 0.708652 -0.374953 0.00406742
82 0.0918739 0.66986 0.708264 -0.36615 0.00390733
83 0.0917748 0.671603 0.707334 -0.371927 0.00410796
84 0.0916757 0.672272 0.706369 -0.38524 0.00366203
85 0.0915766 0.669737 0.708133 -0.371067 0.00385832
86 0.0914775 0.66725 0.709693 -0.371522 0.00437728
87 0.0913784 0.66701 0.710291 -0.36455 0.00458213
88 0.0912793 0.667108 0.709582 -0.37701 0.00382284
89 0.0911802 0.668278 0.708869 -0.372663 0.00432953
90 0.0910811 0.668924 0.708323 -0.374554 0.00403684
91 0.090982 0.667749 0.708472 -0.373218 0.0034146
92 0.0908829 0.666969 0.709248 -0.367339 0.00386842
93 0.0907838 0.667762 0.708881 -0.372855 0.0035795
94 0.0906847 0.667968 0.708913 -0.376484 0.00391321
95 0.0905856 0.668431 0.708137 -0.373423 0.00425465
96 0.0904865 0.669968 0.707428 -0.36443 0.00524483
97 0.0903874 0.671051 0.706287 -0.371266 0.00383413
98 0.0902883 0.6711 0.705907 -0.365162 0.00410664
99 0.0901892 0.671137 0.706228 -0.380644 0.00375187
100 0.0900901 0.671721 0.70607 -0.377756 0.00371582
101 0.089991 0.671688 0.706227 -0.370952 0.00357755
102 0.0898919 0.672513 0.705646 -0.37602 0.00373255
103 0.0897928 0.673263 0.705314 -0.374448 0.00358595
104 0.0896937 0.673426 0.704911 -0.376802 0.00380811
105 0.0895946 0.673571 0.704521 -0.372433 0.00365073
106 0.0894955 0.674265 0.704138 -0.370868 0.00387422
107 0.0893964 0.670467 0.706447 -0.370649 0.00371321
108 0.0892973 0.670591 0.706461 -0.372712 0.00456288
109 0.0891982 0.670232 0.707257 -0.367515 0.00392637
110 0.0890991 0.670214 0.707184 -0.37555 0.00372785
111 0.089 0.668857 0.708033 -0.37506 0.00369434
112 0.0889009 0.668053 0.708393 -0.372722 0.00425762
113 0.0888018 0.667705 0.708996 -0.366845 0.00408678
114 0.0887027 0.668697 0.708226 -0.371355 0.00391098
115 0.0886036 0.668358 0.708572 -0.375738 0.00372746
116 0.0885045 0.667713 0.709098 -0.371086 0.00403798
117 0.0884054 0.667415 0.709469 -0.374966 0.00379269
118 0.0883063 0.666172 0.710354 -0.373126 0.00357858
119 0.0882072 0.663992 0.71141 -0.368304 0.00392505
120 0.0881081 0.664819 0.711237 -0.366417 0.00330958
121 0.088009 0.660956 0.713579 -0.371273 0.00353104
122 0.0879099 0.659707 0.715018 -0.36263 0.00448335
123 0.0878108 0.65786 0.716544 -0.364924 0.00337284
124 0.0877117 0.656822 0.717588 -0.356692 0.00433181
125 0.0876126 0.657418 0.71755 -0.362593 0.00486196
126 0.0875135 0.657724 0.717493 -0.354306 0.00496623
127 0.0874144 0.658483 0.717361 -0.365826 0.00404016
128 0.0873153 0.65917 0.716832 -0.359105 0.00410944
129 0.0872162 0.659959 0.716478 -0.362449 0.0036215
130 0.0871171 0.660793 0.716164 -0.361434 0.00488428
131 0.087018 0.66174 0.7159 -0.360734 0.00403331
132 0.0869189 0.663044 0.715067 -0.367335 0.00369508
133 0.0868198 0.661552 0.715862 -0.366156 0.00440381
134 0.0867207 0.661925 0.715741 -0.364867 0.00461519
135 0.0866216 0.662976 0.71495 -0.370665 0.00385291
136 0.0865225 0.663679 0.714345 -0.368541 0.00338454
137 0.0864234 0.664301 0.71407 -0.36339 0.00486644
138 0.0863243 0.665071 0.713644 -0.369849 0.0039341
139 0.0862252 0.665199 0.714256 -0.370782 0.00434258
140 0.0861261 0.666272 0.713982 -0.366643 0.00419968
141 0.086027 0.666797 0.713514 -0.371943 0.00354086
142 0.0859279 0.667576 0.712935 -0.370524 0.00387609
143 0.0858288 0.667887 0.712891 -0.374148 0.00333057
144 0.0857297 0.669299 0.712361 -0.363459 0.00544796
145 0.0856306 0.669324 0.712391 -0.372868 0.00382309
146 0.0855315 0.666974 0.713739 -0.370189 0.00462216
147 0.0854324 0.667308 0.713705 -0.369638 0.00493269
148 0.0853333 0.667846 0.713341 -0.372089 0.00445448
149 0.0852342 0.667363 0.713534 -0.370622 0.00415499
150 0.0851351 0.667962 0.713147 -0.370665 0.00442359
151 0.085036 0.66918 0.712621 -0.373007 0.00374552
152 0.0849369 0.66968 0.712353 -0.363827 0.00393711
153 0.0848378 0.66779 0.713306 -0.37201 0.00412682
154 0.0847387 0.668876 0.712658 -0.382195 0.00362364
155 0.0846396 0.669396 0.712363 -0.368939 0.00364327
156 0.0845405 0.669608 0.712156 -0.369937 0.00374732
157 0.0844414 0.670252 0.711747 -0.366855 0.00555026
158 0.0843423 0.670645 0.711549 -0.375712 0.00393511
159 0.0842432 0.669351 0.712381 -0.365931 0.00460805
160 0.0841441 0.668823 0.713027 -0.372677 0.0043509
161 0.084045 0.667297 0.714015 -0.358964 0.00383773
162 0.0839459 0.667392 0.714187 -0.366099 0.00456214
163 0.0838468 0.667836 0.713893 -0.369779 0.00370923
164 0.0837477 0.668612 0.713368 -0.370436 0.00388449
165 0.0836486 0.668317 0.713538 -0.366298 0.0038826
166 0.0835495 0.668794 0.713275 -0.373185 0.00388154
167 0.0834505 0.668803 0.713321 -0.376148 0.00379737
168 0.0833514 0.669442 0.713131 -0.369094 0.00459577
169 0.0832523 0.668739 0.7135 -0.370809 0.00441836
170 0.0831532 0.669302 0.713191 -0.372578 0.00399837
171 0.0830541 0.670119 0.712827 -0.374999 0.00350825
172 0.082955 0.670488 0.712724 -0.373062 0.003564
173 0.0828559 0.67107 0.712509 -0.372949 0.00389331
174 0.0827568 0.669811 0.713368 -0.370779 0.00369524
175 0.0826577 0.668913 0.713789 -0.36931 0.00418939
176 0.0825586 0.668512 0.714077 -0.372439 0.00417178
177 0.0824595 0.667987 0.714352 -0.370381 0.00346519
178 0.0823604 0.66773 0.714862 -0.369417 0.00395987
179 0.0822613 0.668 0.714521 -0.364131 0.00399543
180 0.0821622 0.668323 0.714235 -0.376322 0.00444487
181 0.0820631 0.667454 0.714687 -0.369003 0.00400401
182 0.081964 0.666799 0.714946 -0.366453 0.00384256
183 0.0818649 0.667163 0.714769 -0.364155 0.0047161
184 0.0817658 0.667408 0.714557 -0.367282 0.0046628
185 0.0816667 0.667329 0.714519 -0.366187 0.00358401
186 0.0815676 0.667633 0.714368 -0.374053 0.00373671
187 0.0814685 0.667925 0.71407 -0.371275 0.00427594
188 0.0813694 0.668042 0.713836 -0.371571 0.00311311
189 0.0812703 0.668425 0.71363 -0.365699 0.00380078
190 0.0811712 0.666901 0.714442 -0.36663 0.00351572
191 0.0810721 0.667584 0.714037 -0.362633 0.00395001
192 0.080973 0.667717 0.713782 -0.368671 0.00481119
193 0.0808739 0.668329 0.713314 -0.370549 0.00371482
194 0.0807748 0.668751 0.713007 -0.374022 0.00357962
195 0.0806757 0.668719 0.713008 -0.365273 0.00476658
196 0.0805766 0.667061 0.714211 -0.368141 0.00455362
197 0.0804775 0.667316 0.714087 -0.375936 0.00378643
198 0.0803784 0.66682 0.714201 -0.36735 0.00416151
199 0.0802793 0.667503 0.713846 -0.374159 0.00386822
200 0.0801802 0.668086 0.713669 -0.370448 0.00457494
201 0.0800811 0.668805 0.713233 -0.376809 0.00365246
202 0.079982 0.669537 0.71296 -0.370772 0.00366486
203 0.0798829 0.670078 0.7126 -0.362933 0.00465678
204 0.0797838 0.669784 0.712817 -0.380424 0.00371904
205 0.0796847 0.66867 0.713276 -0.374803 0.00452146
206 0.0795856 0.669032 0.713166 -0.377004 0.00468605
207 0.0794865 0.66957 0.712888 -0.373612 0.00401597
208 0.0793874 0.670007 0.712632 -0.367803 0.00404614
209 0.0792883 0.670294 0.71225 -0.371549 0.00391589
210 0.0791892 0.671071 0.712012 -0.373259 0.00388319
211 0.0790901 0.671327 0.711618 -0.372254 0.00451687
212 0.078991 0.671049 0.711646 -0.367349 0.00491381
213 0.0788919 0.670876 0.712047 -0.367867 0.00384049
214 0.0787928 0.671471 0.711618 -0.365333 0.00486175
215 0.0786937 0.671399 0.711661 -0.368028 0.00470211
216 0.0785946 0.671869 0.711281 -0.380867 0.00382822
217 0.0784955 0.672359 0.711032 -0.364141 0.00408357
218 0.0783964 0.671501 0.711626 -0.371147 0.00406184
219 0.0782973 0.671736 0.711445 -0.371418 0.0044155
220 0.0781982 0.671849 0.711438 -0.359696 0.00406288
221 0.0780991 0.672247 0.711186 -0.366901 0.00444766
222 0.078 0.671589 0.711514 -0.378183 0.0034191
223 0.0779009 0.672005 0.711243 -0.366863 0.00425515
224 0.0778018 0.672386 0.711014 -0.37497 0.00395914
225 0.0777027 0.672824 0.710783 -0.368577 0.00353894
226 0.0776036 0.673202 0.710523 -0.371157 0.0055135
227 0.0775045 0.673516 0.710212 -0.373061 0.00479675
228 0.0774054 0.67393 0.709903 -0.374839 0.00335466
229 0.0773063 0.67444 0.709785 -0.375324 0.00428906
230 0.0772072 0.674836 0.709655 -0.380487 0.00379583
231 0.0771081 0.675294 0.709297 -0.38115 0.00420251
232 0.077009 0.675773 0.709082 -0.381945 0.00405023
233 0.0769099 0.676228 0.70877 -0.378216 0.00420862
234 0.0768108 0.676621 0.708457 -0.380022 0.00393397
235 0.0767117 0.676971 0.708262 -0.372915 0.00398861
236 0.0766126 0.676317 0.708874 -0.370974 0.00411301
237 0.0765135 0.676896 0.708451 -0.374517 0.00398035
238 0.0764144 0.677286 0.708214 -0.377467 0.00377692
239 0.0763153 0.67629 0.708807 -0.378092 0.004064
240 0.0762162 0.675969 0.708915 -0.370954 0.00400815
241 0.0761171 0.676214 0.708559 -0.377429 0.00357186
242 0.076018 0.67654 0.708224 -0.374887 0.00384801
243 0.0759189 0.676998 0.707948 -0.380207 0.00400203
244 0.0758198 0.677194 0.707629 -0.374024 0.00385244
245 0.0757207 0.67727 0.707484 -0.382381 0.00464703
246 0.0756216 0.677728 0.707144 -0.377751 0.003812
247 0.0755225 0.677163 0.707519 -0.366671 0.00428005
248 0.0754234 0.677417 0.707327 -0.383419 0.00403942
249 0.0753243 0.677691 0.707131 -0.384249 0.00352604
250 0.0752252 0.677517 0.707368 -0.370578 0.00349904
251 0.0751261 0.677006 0.70796 -0.37803 0.00371203
252 0.075027 0.677315 0.707791 -0.370391 0.00441331
253 0.0749279 0.676908 0.707908 -0.376089 0.00345517
254 0.0748288 0.676755 0.707893 -0.378825 0.0045457
255 0.0747297 0.676668 0.707843 -0.373223 0.00448901
256 0.0746306 0.677033 0.707565 -0.37699 0.00440577
257 0.0745315 0.676374 0.70808 -0.372116 0.00378432
258 0.0744324 0.675624 0.708446 -0.370178 0.00402984
259 0.0743333 0.675521 0.708354 -0.378595 0.0038388
260 0.0742342 0.674704 0.708921 -0.373453 0.00381615
261 0.0741351 0.675308 0.708601 -0.375635 0.00342565
262 0.074036 0.675622 0.70838 -0.377978 0.00354481
263 0.0739369 0.675698 0.708437 -0.379309 0.00367485
264 0.0738378 0.676214 0.708177 -0.374363 0.00310899
265 0.0737387 0.676378 0.708076 -0.375122 0.00371608
266 0.0736396 0.676847 0.707887 -0.376187 0.00402058
267 0.0735405 0.676575 0.708064 -0.378876 0.00485337
268 0.0734414 0.677141 0.707795 -0.375124 0.00382212
269 0.0733423 0.67761 0.707533 -0.371823 0.0044095
270 0.0732432 0.677593 0.707412 -0.379031 0.00413612
271 0.0731441 0.67774 0.707382 -0.383247 0.00387076
272 0.073045 0.677992 0.707217 -0.375919 0.00385297
273 0.0729459 0.678195 0.707076 -0.377883 0.0039635
274 0.0728468 0.678381 0.706983 -0.373987 0.00410412
275 0.0727477 0.678699 0.706874 -0.381525 0.00359165
276 0.0726486 0.679033 0.706647 -0.380637 0.00376445
277 0.0725495 0.679218 0.706587 -0.379998 0.004365
278 0.0724505 0.679207 0.706483 -0.380884 0.00375264
279 0.0723514 0.679398 0.70631 -0.380266 0.00335062
280 0.0722523 0.678923 0.706575 -0.373981 0.0038135
281 0.0721532 0.679153 0.706441 -0.385148 0.0031732
282 0.0720541 0.679483 0.70611 -0.381371 0.00361276
283 0.071955 0.679659 0.705985 -0.373217 0.00354101
284 0.0718559 0.679872 0.706072 -0.379591 0.0036641
285 0.0717568 0.680181 0.705889 -0.378609 0.00365607
286 0.0716577 0.680019 0.706004 -0.375826 0.00381887
287 0.0715586 0.680437 0.705863 -0.38297 0.00400535
288 0.0714595 0.680524 0.705612 -0.369484 0.00481055
289 0.0713604 0.680877 0.705306 -0.380329 0.00429433
290 0.0712613 0.680898 0.705228 -0.381725 0.00362367
291 0.0711622 0.681127 0.704975 -0.38093 0.0038769
292 0.0710631 0.681156 0.705053 -0.384035 0.00343246
293 0.070964 0.680709 0.705274 -0.381623 0.00420925
294 0.0708649 0.680904 0.705238 -0.381262 0.00402054
295 0.0707658 0.681149 0.705079 -0.381326 0.00373363
296 0.0706667 0.680821 0.705268 -0.379399 0.00377434
297 0.0705676 0.680329 0.705459 -0.372122 0.00494694
298 0.0704685 0.680087 0.705487 -0.376902 0.0036885
299 0.0703694 0.67967 0.705627 -0.378423 0.00409645
300 0.0702703 0.679883 0.705483 -0.382892 0.00415093
301 0.0701712 0.679313 0.705691 -0.370492 0.00477583
302 0.0700721 0.679894 0.705524 -0.372739 0.00401843
303 0.069973 0.680124 0.705317 -0.376595 0.00457915
304 0.0698739 0.680559 0.705012 -0.382435 0.00409432
305 0.0697748 0.680111 0.705264 -0.380542 0.00384816
306 0.0696757 0.679505 0.705637 -0.385042 0.00388603
307 0.0695766 0.679363 0.705812 -0.375987 0.00424074
308 0.0694775 0.679446 0.705762 -0.376382 0.00336811
309 0.0693784 0.678747 0.70634 -0.383103 0.00428018
310 0.0692793 0.679017 0.706291 -0.382559 0.00326589
311 0.0691802 0.679337 0.706017 -0.382292 0.00354511
312 0.0690811 0.679662 0.705841 -0.378062 0.00404725
313 0.068982 0.679805 0.70578 -0.380778 0.00364443
314 0.0688829 0.680013 0.705563 -0.373319 0.00421563
315 0.0687838 0.680467 0.705317 -0.381702 0.00345529
316 0.0686847 0.680555 0.705179 -0.381614 0.00358164
317 0.0685856 0.680359 0.705397 -0.378731 0.00444777
318 0.0684865 0.680527 0.705134 -0.375247 0.00381704
319 0.0683874 0.680767 0.704946 -0.379801 0.00388089
320 0.0682883 0.681053 0.704819 -0.375687 0.00438097
321 0.0681892 0.681504 0.704578 -0.387669 0.00372745
322 0.0680901 0.681718 0.704377 -0.37926 0.00418433
323 0.067991 0.681852 0.704305 -0.382059 0.00377146
324 0.0678919 0.682075 0.704184 -0.380772 0.00403222
325 0.0677928 0.682182 0.704091 -0.384121 0.00501831
326 0.0676937 0.682529 0.703923 -0.379374 0.00400119
327 0.0675946 0.682716 0.703817 -0.379272 0.00366526
328 0.0674955 0.682872 0.703672 -0.383288 0.0038168
329 0.0673964 0.683066 0.70346 -0.37734 0.00387925
330 0.0672973 0.683032 0.703562 -0.381592 0.00383558
331 0.0671982 0.68315 0.703407 -0.382241 0.0037249
332 0.0670991 0.683655 0.703238 -0.381163 0.00393
333 0.067 0.684067 0.702985 -0.381004 0.00500236
334 0.0669009 0.684138 0.702992 -0.380517 0.00329493
335 0.0668018 0.684475 0.702831 -0.372787 0.004585
336 0.0667027 0.684762 0.702606 -0.382572 0.00307482
337 0.0666036 0.684919 0.702394 -0.390226 0.00379271
338 0.0665045 0.685056 0.702169 -0.382995 0.00426547
339 0.0664054 0.6853 0.702044 -0.385952 0.004083
340 0.0663063 0.685577 0.701868 -0.384418 0.00373455
341 0.0662072 0.685816 0.701725 -0.379075 0.00414348
342 0.0661081 0.686117 0.701502 -0.389844 0.0037647
343 0.066009 0.686364 0.701251 -0.384932 0.00383289
344 0.0659099 0.686707 0.701085 -0.38401 0.00468992
345 0.0658108 0.686869 0.700979 -0.383759 0.00380651
346 0.0657117 0.686196 0.701437 -0.382168 0.00336857
347 0.0656126 0.686375 0.701298 -0.378355 0.0037537
348 0.0655135 0.685858 0.701491 -0.392408 0.00303745
349 0.0654144 0.685738 0.701506 -0.383137 0.00419883
350 0.0653153 0.685987 0.70132 -0.385274 0.00391834
351 0.0652162 0.686283 0.701136 -0.379086 0.00436806
352 0.0651171 0.686443 0.700972 -0.384559 0.00379979
353 0.065018 0.686493 0.701209 -0.377101 0.00356552
354 0.0649189 0.686894 0.70102 -0.386295 0.00358791
355 0.0648198 0.687246 0.700758 -0.380283 0.00454161
356 0.0647207 0.68742 0.700587 -0.387072 0.00423573
357 0.0646216 0.687744 0.700415 -0.378863 0.0042346
358 0.0645225 0.688099 0.700177 -0.380376 0.00423965
359 0.0644234 0.688125 0.700198 -0.38669 0.00332034
360 0.0643243 0.688086 0.700238 -0.383586 0.0041395
361 0.0642252 0.688223 0.699987 -0.38423 0.00362015
362 0.0641261 0.688402 0.699836 -0.385614 0.00445926
363 0.064027 0.688712 0.699632 -0.386726 0.00420283
364 0.0639279 0.688725 0.699698 -0.38603 0.00415802
365 0.0638288 0.688986 0.699545 -0.38508 0.0037238
366 0.0637297 0.689156 0.699395 -0.380737 0.00440251
367 0.0636306 0.689475 0.699203 -0.386587 0.00421698
368 0.0635315 0.689715 0.699049 -0.380006 0.00352111
369 0.0634324 0.689974 0.698967 -0.392293 0.00342589
370 0.0633333 0.689114 0.699495 -0.386748 0.00313843
371 0.0632342 0.689051 0.699704 -0.391793 0.00351581
372 0.0631351 0.688917 0.69992 -0.381242 0.00454878
373 0.063036 0.689142 0.699727 -0.385697 0.00364762
374 0.0629369 0.689375 0.699621 -0.391912 0.00368623
375 0.0628378 0.689533 0.699534 -0.385276 0.00375094
376 0.0627387 0.689429 0.699592 -0.389697 0.00301363
377 0.0626396 0.689529 0.69951 -0.380355 0.00389832
378 0.0625405 0.689664 0.699398 -0.381637 0.00354714
379 0.0624414 0.689873 0.699242 -0.386267 0.00361948
380 0.0623423 0.690006 0.699081 -0.385397 0.00500711
381 0.0622432 0.689449 0.699419 -0.391753 0.00348419
382 0.0621441 0.689572 0.699271 -0.39097 0.0037235
383 0.062045 0.689676 0.699206 -0.385179 0.0034019
384 0.0619459 0.689797 0.699104 -0.387314 0.00336193
385 0.0618468 0.689862 0.698931 -0.383788 0.00418967
386 0.0617477 0.68996 0.698796 -0.391499 0.0031359
387 0.0616486 0.690089 0.698684 -0.386339 0.0045248
388 0.0615495 0.690258 0.698532 -0.388478 0.00376617
389 0.0614505 0.690189 0.698587 -0.382756 0.0042928
390 0.0613514 0.69031 0.698511 -0.385825 0.00397531
391 0.0612523 0.690397 0.698308 -0.388889 0.00346298
392 0.0611532 0.690637 0.698158 -0.38652 0.00380405
393 0.0610541 0.690892 0.698006 -0.386201 0.00387786
394 0.060955 0.691152 0.697833 -0.37953 0.00443361
395 0.0608559 0.691142 0.69784 -0.39223 0.00347094
396 0.0607568 0.69125 0.697733 -0.386829 0.0041123
397 0.0606577 0.691621 0.697583 -0.385087 0.0031531
398 0.0605586 0.691848 0.697361 -0.386372 0.00402887
399 0.0604595 0.692081 0.697171 -0.388921 0.0041007
400 0.0603604 0.692353 0.697004 -0.393342 0.00399189
401 0.0602613 0.692521 0.696853 -0.389528 0.00345119
402 0.0601622 0.692492 0.696848 -0.384929 0.00350161
403 0.0600631 0.692715 0.69672 -0.37935 0.00433951
404 0.059964 0.692835 0.696599 -0.390166 0.00296392
405 0.0598649 0.693071 0.696433 -0.400342 0.0031866
406 0.0597658 0.692497 0.696775 -0.390019 0.0030531
407 0.0596667 0.691514 0.69739 -0.38618 0.00403736
408 0.0595676 0.691614 0.697332 -0.382151 0.00456648
409 0.0594685 0.691654 0.697259 -0.388678 0.00400505
410 0.0593694 0.691568 0.697315 -0.381524 0.00428571
411 0.0592703 0.691734 0.697223 -0.397609 0.00358163
412 0.0591712 0.691564 0.697321 -0.390092 0.0031045
413 0.0590721 0.691598 0.69722 -0.383498 0.00382075
414 0.058973 0.690449 0.697805 -0.3909 0.00389999
415 0.0588739 0.690231 0.697874 -0.38643 0.00364383
416 0.0587748 0.690454 0.697685 -0.387224 0.00359506
417 0.0586757 0.690676 0.69756 -0.387284 0.00455243
418 0.0585766 0.69096 0.697449 -0.384429 0.00728481
419 0.0584775 0.691254 0.697318 -0.384273 0.00380753
420 0.0583784 0.691434 0.697164 -0.397078 0.00395723
421 0.0582793 0.6916 0.697027 -0.384188 0.00333645
422 0.0581802 0.691772 0.696907 -0.384251 0.00383368
423 0.0580811 0.692052 0.696821 -0.390151 0.00429249
424 0.057982 0.692122 0.696751 -0.389245 0.00309517
425 0.0578829 0.692252 0.696688 -0.381883 0.00372015
426 0.0577838 0.69233 0.696669 -0.386903 0.00363248
427 0.0576847 0.692419 0.696516 -0.398167 0.00321933
428 0.0575856 0.692622 0.696333 -0.384916 0.00457523
429 0.0574865 0.692831 0.696146 -0.390181 0.0039021
430 0.0573874 0.692992 0.696034 -0.384542 0.0035666
431 0.0572883 0.693206 0.696068 -0.388382 0.0044944
432 0.0571892 0.693295 0.696007 -0.382576 0.00374962
433 0.0570901 0.693543 0.695856 -0.389334 0.0040485
434 0.056991 0.693825 0.695713 -0.392901 0.00438119
435 0.0568919 0.694111 0.695583 -0.39319 0.00362979
436 0.0567928 0.693619 0.695876 -0.39058 0.00368733
437 0.0566937 0.693628 0.695786 -0.3827 0.00398491
438 0.0565946 0.693748 0.695691 -0.389797 0.00392307
439 0.0564955 0.693736 0.695787 -0.388231 0.0039539
440 0.0563964 0.692974 0.696156 -0.397011 0.00381967
441 0.0562973 0.693143 0.696038 -0.391985 0.00360624
442 0.0561982 0.693352 0.695895 -0.392946 0.00371176
443 0.0560991 0.693548 0.695763 -0.397809 0.00345242
444 0.056 0.693658 0.695657 -0.389429 0.0034084
445 0.0559009 0.692722 0.696164 -0.387655 0.00366327
446 0.0558018 0.691768 0.696648 -0.384245 0.0038178
447 0.0557027 0.69209 0.69645 -0.396214 0.00348944
448 0.0556036 0.692305 0.696318 -0.392818 0.00368016
449 0.0555045 0.692487 0.696211 -0.388693 0.00357745
450 0.0554054 0.692789 0.696045 -0.391888 0.00330501
451 0.0553063 0.692848 0.696063 -0.389879 0.00328591
452 0.0552072 0.692965 0.695922 -0.387576 0.00326732
453 0.0551081 0.693045 0.695906 -0.390619 0.00405574
454 0.055009 0.693316 0.695778 -0.393232 0.00367152
455 0.0549099 0.693422 0.695689 -0.387209 0.00409705
456 0.0548108 0.69363 0.695553 -0.386396 0.0036692
457 0.0547117 0.693797 0.69543 -0.386063 0.00359815
458 0.0546126 0.693987 0.695335 -0.392888 0.00475376
459 0.0545135 0.694119 0.695299 -0.387611 0.00393253
460 0.0544144 0.694457 0.69516 -0.38736 0.00388568
461 0.0543153 0.694443 0.695248 -0.38357 0.00445415
462 0.0542162 0.69459 0.695153 -0.390322 0.00340277
463 0.0541171 0.694737 0.695065 -0.386181 0.00405224
464 0.054018 0.694841 0.694931 -0.386128 0.00400847
465 0.0539189 0.694977 0.694822 -0.391064 0.00338263
466 0.0538198 0.695212 0.69471 -0.385795 0.00344224
467 0.0537207 0.694507 0.695184 -0.384616 0.00426827
468 0.0536216 0.694138 0.695346 -0.394034 0.00299343
469 0.0535225 0.694081 0.695412 -0.383791 0.0041678
470 0.0534234 0.693774 0.695671 -0.393098 0.0033067
471 0.0533243 0.693835 0.695673 -0.393259 0.00385708
472 0.0532252 0.693882 0.695688 -0.39326 0.00373389
473 0.0531261 0.694093 0.695578 -0.39257 0.00326622
474 0.053027 0.694052 0.695571 -0.390276 0.00351521
475 0.0529279 0.694224 0.695422 -0.391437 0.00392717
476 0.0528288 0.694502 0.695269 -0.395642 0.00376779
477 0.0527297 0.69473 0.695135 -0.385849 0.0047719
478 0.0526306 0.694821 0.695146 -0.389875 0.00350441
479 0.0525315 0.694929 0.69503 -0.394645 0.00384452
480 0.0524324 0.695213 0.69491 -0.386178 0.00515324
481 0.0523333 0.695453 0.69478 -0.389386 0.00373055
482 0.0522342 0.695348 0.694862 -0.390044 0.00348021
483 0.0521351 0.695201 0.695014 -0.394716 0.00347414
484 0.052036 0.694707 0.695388 -0.381911 0.00405634
485 0.0519369 0.694259 0.695655 -0.391769 0.00427626
486 0.0518378 0.694481 0.695579 -0.392493 0.00352495
487 0.0517387 0.694616 0.695427 -0.390927 0.00359166
488 0.0516396 0.694774 0.695284 -0.387123 0.00357394
489 0.0515405 0.694815 0.695205 -0.392228 0.00394424
490 0.0514414 0.694941 0.695017 -0.390999 0.00343973
491 0.0513423 0.695135 0.694875 -0.397245 0.00363161
492 0.0512432 0.695347 0.694772 -0.387755 0.00398007
493 0.0511441 0.695507 0.694712 -0.38597 0.00434647
494 0.051045 0.695666 0.694609 -0.390513 0.00410167
495 0.0509459 0.695872 0.694457 -0.386891 0.00408406
496 0.0508468 0.696041 0.69432 -0.3992 0.00418685
497 0.0507477 0.696366 0.694139 -0.388033 0.00381771
498 0.0506486 0.696454 0.694032 -0.383899 0.00455401
499 0.0505495 0.696593 0.693879 -0.396625 0.00346193
500 0.0504505 0.69681 0.693725 -0.394054 0.00312301
501 0.0503514 0.69691 0.693611 -0.385501 0.00386788
502 0.0502523 0.697099 0.693551 -0.392001 0.00380573
503 0.0501532 0.697216 0.693406 -0.397199 0.00362309
504 0.0500541 0.697384 0.693293 -0.39279 0.00349543
505 0.049955 0.697529 0.693188 -0.389573 0.00431628
506 0.0498559 0.697708 0.69307 -0.392459 0.00307254
507 0.0497568 0.697907 0.692947 -0.39168 0.00317569
508 0.0496577 0.69809 0.692837 -0.397253 0.00377503
509 0.0495586 0.698279 0.692669 -0.398787 0.00385092
510 0.0494595 0.69848 0.692503 -0.393337 0.00348757
511 0.0493604 0.698594 0.692429 -0.380956 0.00548941
512 0.0492613 0.698643 0.692416 -0.393654 0.00330892
513 0.0491622 0.698886 0.69224 -0.39215 0.00326253
514 0.0490631 0.698918 0.692146 -0.398931 0.00360989
515 0.048964 0.699048 0.692118 -0.390288 0.00329309
516 0.0488649 0.699186 0.69202 -0.40207 0.00344265
517 0.0487658 0.699309 0.691907 -0.394957 0.00309137
518 0.0486667 0.699412 0.691892 -0.391642 0.00310794
519 0.0485676 0.699503 0.69182 -0.391439 0.00392336
520 0.0484685 0.699661 0.691748 -0.398543 0.00301041
521 0.0483694 0.69982 0.691723 -0.396539 0.00378651
522 0.0482703 0.699767 0.691757 -0.397046 0.00327224
523 0.0481712 0.699892 0.691647 -0.395217 0.00393387
524 0.0480721 0.700043 0.691532 -0.391941 0.00351692
525 0.047973 0.70016 0.691415 -0.387617 0.00404929
526 0.0478739 0.700248 0.69139 -0.394777 0.00316572
527 0.0477748 0.69949 0.69188 -0.396696 0.00348511
528 0.0476757 0.699358 0.691939 -0.39058 0.00327083
529 0.0475766 0.699126 0.692152 -0.395531 0.00353283
530 0.0474775 0.699304 0.692005 -0.393607 0.00333245
531 0.0473784 0.699126 0.692032 -0.389602 0.00406231
532 0.0472793 0.698732 0.692247 -0.391561 0.00383998
533 0.0471802 0.698814 0.692184 -0.386616 0.00378766
534 0.0470811 0.698984 0.692127 -0.389256 0.00365458
535 0.046982 0.699073 0.692118 -0.387351 0.00415883
536 0.0468829 0.699143 0.69202 -0.390461 0.00382616
537 0.0467838 0.699345 0.691864 -0.401049 0.00336751
538 0.0466847 0.699501 0.69175 -0.388808 0.00369529
539 0.0465856 0.699728 0.69161 -0.395155 0.00339037
540 0.0464865 0.699493 0.691708 -0.402194 0.00343502
541 0.0463874 0.699075 0.691875 -0.395664 0.00410618
542 0.0462883 0.699315 0.691755 -0.398908 0.00364533
543 0.0461892 0.699413 0.691695 -0.393694 0.0031108
544 0.0460901 0.699581 0.691574 -0.391992 0.00332259
545 0.045991 0.699662 0.691434 -0.390762 0.0040657
546 0.0458919 0.699864 0.691363 -0.388608 0.00339024
547 0.0457928 0.699967 0.691324 -0.392975 0.00345659
548 0.0456937 0.699898 0.691379 -0.391942 0.0036553
549 0.0455946 0.700025 0.691391 -0.390984 0.00405576
550 0.0454955 0.700132 0.691291 -0.389086 0.00387946
551 0.0453964 0.700191 0.691267 -0.392811 0.00363731
552 0.0452973 0.700281 0.691132 -0.393985 0.00394166
553 0.0451982 0.700395 0.69107 -0.393942 0.00334193
554 0.0450991 0.700531 0.690987 -0.393178 0.00353319
555 0.045 0.70069 0.690869 -0.38814 0.00391165
556 0.0449009 0.70079 0.69078 -0.394392 0.00376516
557 0.0448018 0.700801 0.690738 -0.398375 0.00361653
558 0.0447027 0.700786 0.690705 -0.395777 0.00386495
559 0.0446036 0.700885 0.690627 -0.397662 0.00288621
560 0.0445045 0.700985 0.690525 -0.393899 0.0036273
561 0.0444054 0.701127 0.690412 -0.391569 0.0042073
562 0.0443063 0.701302 0.690301 -0.401625 0.00301859
563 0.0442072 0.701476 0.69018 -0.400619 0.00389724
564 0.0441081 0.701558 0.690064 -0.391539 0.0038212
565 0.044009 0.701724 0.689976 -0.390423 0.00430412
566 0.0439099 0.701859 0.689851 -0.396164 0.00323783
567 0.0438108 0.701988 0.689734 -0.396097 0.00342117
568 0.0437117 0.702163 0.689616 -0.393207 0.0034173
569 0.0436126 0.702274 0.689492 -0.392983 0.00382115
570 0.0435135 0.702415 0.689424 -0.392086 0.00360501
571 0.0434144 0.702565 0.689373 -0.397289 0.0029877
572 0.0433153 0.70273 0.689263 -0.395316 0.00352496
573 0.0432162 0.702904 0.68918 -0.398565 0.00286389
574 0.0431171 0.703102 0.68911 -0.398376 0.00367937
575 0.043018 0.703082 0.689146 -0.397507 0.00378935
576 0.0429189 0.703131 0.689118 -0.400339 0.00331986
577 0.0428198 0.70323 0.689097 -0.390424 0.0050628
578 0.0427207 0.703371 0.688988 -0.391876 0.00365232
579 0.0426216 0.703528 0.688854 -0.398545 0.00304447
580 0.0425225 0.703648 0.688761 -0.394869 0.00395524
581 0.0424234 0.703808 0.688693 -0.393542 0.00355304
582 0.0423243 0.703976 0.688619 -0.398109 0.00434273
583 0.0422252 0.704175 0.688549 -0.398444 0.00353252
584 0.0421261 0.70438 0.688427 -0.402664 0.00299744
585 0.042027 0.704525 0.68829 -0.399106 0.00333204
586 0.0419279 0.70466 0.688206 -0.400011 0.00328754
587 0.0418288 0.704769 0.688127 -0.396941 0.00395274
588 0.0417297 0.704878 0.687996 -0.400537 0.00323688
589 0.0416306 0.705007 0.68788 -0.400017 0.00323355
590 0.0415315 0.705105 0.687816 -0.393935 0.00339973
591 0.0414324 0.705071 0.68776 -0.39946 0.00395357
592 0.0413333 0.705108 0.687782 -0.397242 0.00341463
593 0.0412342 0.705202 0.687729 -0.396977 0.00329814
594 0.0411351 0.704955 0.687946 -0.402255 0.00352523
595 0.041036 0.704021 0.68854 -0.397724 0.00396421
596 0.0409369 0.703052 0.689055 -0.390775 0.00422367
597 0.0408378 0.702149 0.689525 -0.396701 0.00370826
598 0.0407387 0.701507 0.689943 -0.39553 0.00366265
599 0.0406396 0.701531 0.689963 -0.392183 0.00404903
600 0.0405405 0.70168 0.689874 -0.401215 0.00315951
601 0.0404414 0.701851 0.689758 -0.396181 0.00349667
602 0.0403423 0.701896 0.68972 -0.39955 0.00334844
603 0.0402432 0.702025 0.689646 -0.397477 0.00362111
604 0.0401441 0.70215 0.68955 -0.395957 0.00345295
605 0.040045 0.702271 0.689438 -0.396831 0.00371347
606 0.0399459 0.702411 0.689327 -0.39687 0.00309508
607 0.0398468 0.70253 0.689241 -0.394905 0.00370434
608 0.0397477 0.702645 0.689124 -0.395462 0.00426788
609 0.0396486 0.70282 0.68901 -0.39635 0.00402954
610 0.0395495 0.703005 0.688906 -0.396287 0.00352753
611 0.0394505 0.703037 0.688875 -0.399575 0.00305658
612 0.0393514 0.703182 0.688764 -0.396468 0.00317731
613 0.0392523 0.7033 0.688656 -0.393608 0.00296685
614 0.0391532 0.703462 0.688557 -0.39545 0.00394536
615 0.0390541 0.703606 0.688417 -0.395353 0.00365801
616 0.038955 0.703642 0.68841 -0.397004 0.00288187
617 0.0388559 0.703807 0.688326 -0.399466 0.00383629
618 0.0387568 0.703684 0.688385 -0.398849 0.00361556
619 0.0386577 0.702799 0.688894 -0.397211 0.00329975
620 0.0385586 0.70196 0.689386 -0.401856 0.0035025
621 0.0384595 0.702036 0.689387 -0.39064 0.0038992
622 0.0383604 0.702177 0.689279 -0.401438 0.00420353
623 0.0382613 0.702236 0.689213 -0.394286 0.0035714
624 0.0381622 0.702304 0.689095 -0.398481 0.00300573
625 0.0380631 0.702343 0.689066 -0.393757 0.00361699
626 0.037964 0.702331 0.688932 -0.394148 0.00375474
627 0.0378649 0.702509 0.688832 -0.400508 0.00316072
628 0.0377658 0.702052 0.689123 -0.390517 0.00423249
629 0.0376667 0.702031 0.689137 -0.392519 0.00389364
630 0.0375676 0.702183 0.689041 -0.394211 0.00375662
631 0.0374685 0.702328 0.689005 -0.397777 0.00359396
632 0.0373694 0.702482 0.688879 -0.393336 0.00394486
633 0.0372703 0.702615 0.688782 -0.396753 0.00365394
634 0.0371712 0.702627 0.688689 -0.3945 0.00377498
635 0.0370721 0.702554 0.688667 -0.393305 0.00396298
636 0.036973 0.702754 0.688538 -0.400417 0.0038646
637 0.0368739 0.702922 0.688435 -0.394142 0.00332499
638 0.0367748 0.70311 0.688305 -0.397341 0.00349019
639 0.0366757 0.703329 0.688215 -0.399456 0.00352419
640 0.0365766 0.703522 0.688102 -0.39975 0.00340204
641 0.0364775 0.70367 0.688009 -0.406415 0.00301666
642 0.0363784 0.703765 0.687922 -0.398692 0.00343627
643 0.0362793 0.703858 0.687881 -0.397546 0.00404075
644 0.0361802 0.703975 0.68778 -0.395289 0.00383963
645 0.0360811 0.70408 0.687678 -0.395648 0.00383315
646 0.035982 0.703925 0.687803 -0.399664 0.00352032
647 0.0358829 0.703167 0.688255 -0.395487 0.003374
648 0.0357838 0.702572 0.688614 -0.396242 0.00283586
649 0.0356847 0.701868 0.689006 -0.400265 0.00296553
650 0.0355856 0.70118 0.68941 -0.392194 0.00353455
651 0.0354865 0.700423 0.689872 -0.394765 0.00383669
652 0.0353874 0.699934 0.690149 -0.389775 0.0034498
653 0.0352883 0.7001 0.690032 -0.399744 0.00324984
654 0.0351892 0.700194 0.689941 -0.391338 0.00368442
655 0.0350901 0.700301 0.6899 -0.397762 0.00348389
656 0.034991 0.700489 0.689805 -0.403518 0.00306627
657 0.0348919 0.700518 0.689746 -0.393241 0.00329668
658 0.0347928 0.700582 0.68975 -0.397942 0.00342054
659 0.0346937 0.700643 0.689663 -0.394679 0.00371412
660 0.0345946 0.700765 0.689574 -0.394169 0.00348581
661 0.0344955 0.70089 0.689467 -0.384785 0.00591329
662 0.0343964 0.700992 0.689399 -0.404311 0.00381148
663 0.0342973 0.701136 0.689299 -0.395742 0.00377861
664 0.0341982 0.70123 0.689211 -0.392122 0.00401133
665 0.0340991 0.701361 0.689133 -0.400995 0.00301801
666 0.034 0.701524 0.689016 -0.390478 0.00533011
667 0.0339009 0.701644 0.688921 -0.399927 0.00419238
668 0.0338018 0.701753 0.688817 -0.392724 0.00395027
669 0.0337027 0.701838 0.688711 -0.397929 0.00338895
670 0.0336036 0.701897 0.688629 -0.40108 0.00313074
671 0.0335045 0.702029 0.688547 -0.394157 0.00327666
672 0.0334054 0.702136 0.688463 -0.392937 0.00362385
673 0.0333063 0.702267 0.68835 -0.387765 0.0045865
674 0.0332072 0.702477 0.688261 -0.399286 0.00374958
675 0.0331081 0.702542 0.688204 -0.395253 0.00358603
676 0.033009 0.702692 0.688133 -0.40525 0.00308343
677 0.0329099 0.702875 0.688083 -0.401006 0.00337602
678 0.0328108 0.702981 0.687997 -0.392366 0.004047
679 0.0327117 0.7031 0.687902 -0.397025 0.00332025
680 0.0326126 0.703203 0.68786 -0.400046 0.00306982
681 0.0325135 0.70333 0.687745 -0.403969 0.00286059
682 0.0324144 0.703442 0.687668 -0.398984 0.00371861
683 0.0323153 0.70355 0.687569 -0.398514 0.0035452
684 0.0322162 0.703744 0.687472 -0.401605 0.00354247
685 0.0321171 0.703825 0.687396 -0.400467 0.0031216
686 0.032018 0.704013 0.687272 -0.401765 0.00320311
687 0.0319189 0.704105 0.687198 -0.395197 0.00325079
688 0.0318198 0.704188 0.687105 -0.39882 0.00402561
689 0.0317207 0.704241 0.687052 -0.394522 0.00389335
690 0.0316216 0.704318 0.68703 -0.40287 0.0031294
691 0.0315225 0.70451 0.686913 -0.392667 0.00389092
692 0.0314234 0.70463 0.686816 -0.395172 0.00409118
693 0.0313243 0.704747 0.686753 -0.403982 0.00289777
694 0.0312252 0.704856 0.686681 -0.396904 0.00372641
695 0.0311261 0.704981 0.686575 -0.39802 0.00392193
696 0.031027 0.705067 0.68651 -0.395952 0.0034311
697 0.0309279 0.705131 0.686456 -0.401016 0.00336086
698 0.0308288 0.705232 0.686357 -0.394164 0.00327598
699 0.0307297 0.705306 0.686323 -0.395688 0.00355714
700 0.0306306 0.705423 0.686218 -0.400624 0.00303495
701 0.0305315 0.705511 0.686129 -0.400374 0.00272311
702 0.0304324 0.705641 0.686029 -0.403588 0.00285508
703 0.0303333 0.705759 0.686002 -0.401275 0.00360482
704 0.0302342 0.70583 0.685977 -0.398315 0.00329416
705 0.0301351 0.705937 0.685908 -0.402411 0.00329709
706 0.030036 0.706059 0.685819 -0.388339 0.00425855
707 0.0299369 0.706181 0.685749 -0.401295 0.00328522
708 0.0298378 0.706268 0.685687 -0.401555 0.00388594
709 0.0297387 0.706207 0.685667 -0.393063 0.00366149
710 0.0296396 0.706343 0.6856 -0.390453 0.00421151
711 0.0295405 0.706455 0.685557 -0.399575 0.00322494
712 0.0294414 0.706531 0.685511 -0.391281 0.00331383
713 0.0293423 0.706697 0.685414 -0.396481 0.00337616
714 0.0292432 0.706814 0.685325 -0.405808 0.0034043
715 0.0291441 0.706866 0.685354 -0.401467 0.00318685
716 0.029045 0.706996 0.685249 -0.398446 0.00303495
717 0.0289459 0.707152 0.685142 -0.393055 0.00355235
718 0.0288468 0.707224 0.685056 -0.401178 0.00346363
719 0.0287477 0.707287 0.684958 -0.404972 0.00332316
720 0.0286486 0.707431 0.684879 -0.396222 0.00371478
721 0.0285495 0.707539 0.684801 -0.394806 0.00360492
722 0.0284505 0.707676 0.684707 -0.40515 0.00327136
723 0.0283514 0.707757 0.684709 -0.398844 0.00370823
724 0.0282523 0.707874 0.684619 -0.398682 0.00368572
725 0.0281532 0.707979 0.684528 -0.400885 0.00347293
726 0.0280541 0.708109 0.68443 -0.403058 0.00354759
727 0.027955 0.708188 0.684325 -0.406112 0.00326986
728 0.0278559 0.708289 0.684277 -0.399988 0.00373291
729 0.0277568 0.708435 0.684197 -0.398312 0.00381597
730 0.0276577 0.708591 0.684105 -0.400489 0.00393086
731 0.0275586 0.708717 0.68404 -0.396825 0.00439163
732 0.0274595 0.708865 0.68395 -0.396598 0.00401357
733 0.0273604 0.708942 0.683907 -0.402743 0.00321753
734 0.0272613 0.70908 0.683854 -0.401664 0.00371628
735 0.0271622 0.709223 0.68376 -0.406348 0.00356128
736 0.0270631 0.709319 0.683701 -0.404214 0.00419381
737 0.026964 0.709441 0.683617 -0.39877 0.00366626
738 0.0268649 0.709612 0.683517 -0.3941 0.00402504
739 0.0267658 0.709698 0.683467 -0.406105 0.00351762
740 0.0266667 0.709797 0.683362 -0.395788 0.00369497
741 0.0265676 0.709952 0.683242 -0.399527 0.00372896
742 0.0264685 0.710077 0.683145 -0.404564 0.00315354
743 0.0263694 0.710221 0.683091 -0.401368 0.0039897
744 0.0262703 0.710325 0.682995 -0.402851 0.00303319
745 0.0261712 0.710457 0.682913 -0.39213 0.00426398
746 0.0260721 0.710531 0.682846 -0.404803 0.00433473
747 0.025973 0.710612 0.682779 -0.393434 0.00399988
748 0.0258739 0.710759 0.682717 -0.408146 0.00311379
749 0.0257748 0.710885 0.682627 -0.403948 0.00301172
750 0.0256757 0.71094 0.682575 -0.402579 0.00341982
751 0.0255766 0.711079 0.682513 -0.402681 0.00401541
752 0.0254775 0.711198 0.682414 -0.40597 0.00340649
753 0.0253784 0.711345 0.682346 -0.400823 0.00379692
754 0.0252793 0.711371 0.682344 -0.409028 0.00320752
755 0.0251802 0.71148 0.682302 -0.403354 0.00356053
756 0.0250811 0.711555 0.682242 -0.409242 0.00364628
757 0.024982 0.711583 0.682191 -0.399207 0.00322406
758 0.0248829 0.711673 0.682105 -0.404411 0.00357166
759 0.0247838 0.711789 0.682024 -0.404113 0.00273665
760 0.0246847 0.711892 0.681955 -0.403723 0.00282134
761 0.0245856 0.712013 0.68188 -0.408866 0.00285094
762 0.0244865 0.712104 0.681809 -0.398875 0.00356276
763 0.0243874 0.712191 0.681759 -0.403302 0.00328542
764 0.0242883 0.712255 0.6817 -0.401702 0.00432103
765 0.0241892 0.712303 0.681603 -0.401283 0.00333594
766 0.0240901 0.712354 0.681539 -0.410431 0.00335105
767 0.023991 0.712494 0.681451 -0.408051 0.00309788
768 0.0238919 0.712612 0.681403 -0.400702 0.00345772
769 0.0237928 0.712786 0.681308 -0.408637 0.00327062
770 0.0236937 0.712889 0.68124 -0.406152 0.00331747
771 0.0235946 0.713024 0.681152 -0.404079 0.00322643
772 0.0234955 0.713108 0.681093 -0.401696 0.00357535
773 0.0233964 0.713194 0.681005 -0.404519 0.00324319
774 0.0232973 0.713269 0.680914 -0.404436 0.00306616
775 0.0231982 0.713184 0.680992 -0.398934 0.00361256
776 0.0230991 0.713298 0.680961 -0.405451 0.00340245
777 0.023 0.713431 0.680884 -0.40838 0.00315609
778 0.0229009 0.713541 0.680787 -0.407356 0.00273563
779 0.0228018 0.713644 0.680692 -0.407093 0.00370141
780 0.0227027 0.713794 0.680595 -0.407034 0.00328811
781 0.0226036 0.713899 0.680543 -0.399212 0.00390508
782 0.0225045 0.713981 0.680456 -0.40462 0.00338026
783 0.0224054 0.714064 0.680396 -0.411907 0.00296907
784 0.0223063 0.714185 0.680305 -0.411355 0.00343034
785 0.0222072 0.714279 0.680239 -0.400665 0.00320411
786 0.0221081 0.7144 0.680164 -0.401477 0.0033287
787 0.022009 0.714502 0.68008 -0.406816 0.00328648
788 0.0219099 0.714632 0.680008 -0.412198 0.00329881
789 0.0218108 0.714764 0.679911 -0.406519 0.00310593
790 0.0217117 0.714876 0.679836 -0.401106 0.0039423
791 0.0216126 0.714956 0.679761 -0.401141 0.00337037
792 0.0215135 0.71506 0.679696 -0.408653 0.00345539
793 0.0214144 0.715137 0.679641 -0.400467 0.00434119
794 0.0213153 0.715256 0.679541 -0.402795 0.00308445
795 0.0212162 0.71539 0.679466 -0.406141 0.00346183
796 0.0211171 0.715491 0.6794 -0.406584 0.00451184
797 0.021018 0.715554 0.679347 -0.402422 0.00356848
798 0.0209189 0.715658 0.679283 -0.403684 0.00299911
799 0.0208198 0.71573 0.679209 -0.407381 0.00363543
800 0.0207207 0.715843 0.67912 -0.410131 0.00324079
801 0.0206216 0.715932 0.679005 -0.399765 0.00373007
802 0.0205225 0.716034 0.678912 -0.404794 0.00322805
803 0.0204234 0.716129 0.67883 -0.403924 0.00366941
804 0.0203243 0.716176 0.678759 -0.40498 0.00403971
805 0.0202252 0.716258 0.678676 -0.402701 0.00364673
806 0.0201261 0.716356 0.678613 -0.405529 0.00339078
807 0.020027 0.716441 0.678551 -0.400859 0.00384131
808 0.0199279 0.71653 0.678494 -0.412661 0.00284964
809 0.0198288 0.71656 0.678474 -0.403536 0.00323085
810 0.0197297 0.716621 0.678425 -0.406768 0.00329612
811 0.0196306 0.716699 0.67839 -0.409868 0.00335109
812 0.0195315 0.716826 0.678335 -0.40566 0.00299987
813 0.0194324 0.716914 0.678256 -0.40799 0.00301042
814 0.0193333 0.717007 0.678196 -0.406304 0.00368428
815 0.0192342 0.717135 0.678136 -0.409632 0.00321892
816 0.0191351 0.717253 0.678079 -0.408756 0.00364623
817 0.019036 0.717302 0.67802 -0.40887 0.00335724
818 0.0189369 0.717389 0.677947 -0.408106 0.00329648
819 0.0188378 0.717463 0.677857 -0.40882 0.00358589
820 0.0187387 0.717575 0.677788 -0.409635 0.0034012
821 0.0186396 0.717666 0.677714 -0.409713 0.00353219
822 0.0185405 0.717748 0.677637 -0.411548 0.00367789
823 0.0184414 0.717871 0.677573 -0.404075 0.00314611
824 0.0183423 0.717953 0.677537 -0.409927 0.00334798
825 0.0182432 0.718082 0.677474 -0.410651 0.00363325
826 0.0181441 0.71815 0.677402 -0.409147 0.00301435
827 0.018045 0.718251 0.677323 -0.413984 0.00288662
828 0.0179459 0.718351 0.67724 -0.408975 0.00305906
829 0.0178468 0.718472 0.677159 -0.410126 0.00281876
830 0.0177477 0.71855 0.677077 -0.404022 0.00348687
831 0.0176486 0.718677 0.677001 -0.409296 0.00337467
832 0.0175495 0.718805 0.67693 -0.412853 0.00407217
833 0.0174505 0.718896 0.676864 -0.405617 0.00290282
834 0.0173514 0.718992 0.676794 -0.404908 0.00307253
835 0.0172523 0.719032 0.676737 -0.408381 0.00354439
836 0.0171532 0.71911 0.676674 -0.404915 0.0043283
837 0.0170541 0.719171 0.676611 -0.405941 0.00292595
838 0.016955 0.719249 0.676545 -0.410765 0.00303902
839 0.0168559 0.719302 0.676525 -0.408759 0.00316242
840 0.0167568 0.719414 0.676454 -0.410527 0.00349856
841 0.0166577 0.719491 0.676389 -0.405436 0.00344012
842 0.0165586 0.719591 0.676331 -0.409177 0.00333222
843 0.0164595 0.719701 0.676259 -0.408229 0.00350068
844 0.0163604 0.71979 0.676222 -0.411917 0.00274536
845 0.0162613 0.719868 0.676176 -0.406537 0.00281877
846 0.0161622 0.719932 0.676153 -0.413497 0.00321647
847 0.0160631 0.719855 0.67618 -0.411216 0.00293659
848 0.015964 0.719891 0.676146 -0.398809 0.00402862
849 0.0158649 0.720033 0.676088 -0.404236 0.00374144
850 0.0157658 0.720069 0.676067 -0.412906 0.0031483
851 0.0156667 0.720115 0.676021 -0.410762 0.00317021
852 0.0155676 0.720182 0.675974 -0.407541 0.00396336
853 0.0154685 0.72026 0.675913 -0.411282 0.00311521
854 0.0153694 0.720348 0.675849 -0.409284 0.00330023
855 0.0152703 0.720397 0.67579 -0.4144 0.00366473
856 0.0151712 0.72049 0.675741 -0.407089 0.00372756
857 0.0150721 0.72057 0.675637 -0.406018 0.0036472
858 0.014973 0.720657 0.675579 -0.414017 0.00344086
859 0.0148739 0.720715 0.675514 -0.414017 0.00298106
860 0.0147748 0.720771 0.675449 -0.40683 0.00315173
861 0.0146757 0.720844 0.675366 -0.409109 0.00283338
862 0.0145766 0.720908 0.675293 -0.411855 0.00296019
863 0.0144775 0.721015 0.675242 -0.408909 0.00444364
864 0.0143784 0.721131 0.675179 -0.408148 0.00384435
865 0.0142793 0.721254 0.6751 -0.412425 0.00249742
866 0.0141802 0.721354 0.67503 -0.410462 0.00355537
867 0.0140811 0.72146 0.674975 -0.406577 0.00325176
868 0.013982 0.721523 0.67491 -0.417027 0.00341813
869 0.0138829 0.721603 0.674851 -0.411957 0.00300217
870 0.0137838 0.72166 0.674793 -0.414892 0.00270114
871 0.0136847 0.721766 0.674724 -0.412025 0.00366196
872 0.0135856 0.721837 0.674683 -0.40492 0.00401695
873 0.0134865 0.721947 0.674618 -0.406299 0.00362999
874 0.0133874 0.722052 0.674564 -0.41383 0.00301492
875 0.0132883 0.722132 0.674504 -0.413426 0.00300531
876 0.0131892 0.722206 0.674464 -0.408197 0.00329291
877 0.0130901 0.722314 0.674395 -0.406847 0.00310016
878 0.012991 0.722405 0.674341 -0.414362 0.00339365
879 0.0128919 0.722501 0.674267 -0.410385 0.00293327
880 0.0127928 0.72261 0.674213 -0.417105 0.00308123
881 0.0126937 0.722691 0.674172 -0.412397 0.00364703
882 0.0125946 0.72275 0.674118 -0.415455 0.00251898
883 0.0124955 0.722822 0.674032 -0.41277 0.00316312
884 0.0123964 0.722913 0.673977 -0.414397 0.00341534
885 0.0122973 0.722968 0.673912 -0.408981 0.00333046
886 0.0121982 0.723072 0.673866 -0.409921 0.00330761
887 0.0120991 0.723178 0.673788 -0.414532 0.00322711
888 0.012 0.723214 0.673737 -0.412516 0.00314959
889 0.0119009 0.723273 0.673683 -0.403233 0.00326709
890 0.0118018 0.723374 0.673621 -0.415646 0.00313664
891 0.0117027 0.723463 0.673592 -0.411629 0.0027197
892 0.0116036 0.723537 0.673542 -0.414389 0.00292704
893 0.0115045 0.723633 0.673494 -0.407844 0.0030164
894 0.0114054 0.723743 0.673448 -0.408517 0.00364078
895 0.0113063 0.723815 0.673383 -0.415905 0.00355651
896 0.0112072 0.723911 0.673323 -0.409239 0.00306028
897 0.0111081 0.72397 0.673253 -0.409994 0.00300588
898 0.011009 0.724057 0.673199 -0.413357 0.00323509
899 0.0109099 0.724121 0.673163 -0.411429 0.00340194
900 0.0108108 0.724162 0.673099 -0.415571 0.0035013
901 0.0107117 0.724272 0.673077 -0.411616 0.00300659
902 0.0106126 0.724301 0.673022 -0.419205 0.00372587
903 0.0105135 0.724386 0.672948 -0.41043 0.0033647
904 0.0104144 0.724486 0.67288 -0.414201 0.0034317
905 0.0103153 0.724606 0.672823 -0.414669 0.00279825
906 0.0102162 0.724689 0.672807 -0.412751 0.0033529
907 0.0101171 0.724761 0.672741 -0.412906 0.00292444
908 0.010018 0.724837 0.672714 -0.415724 0.00322176
909 0.00991892 0.724931 0.672653 -0.419008 0.00261522
910 0.00981982 0.725048 0.672597 -0.415752 0.00303276
911 0.00972072 0.725117 0.672536 -0.417546 0.00313778
912 0.00962162 0.725196 0.6725 -0.415158 0.00278743
913 0.00952252 0.725266 0.672465 -0.409352 0.00406828
914 0.00942342 0.725382 0.672398 -0.41765 0.00264306
915 0.00932432 0.725483 0.672363 -0.411842 0.00349144
916 0.00922523 0.725547 0.672297 -0.415218 0.00268897
917 0.00912613 0.725654 0.672238 -0.411514 0.00307079
918 0.00902703 0.725738 0.672185 -0.413411 0.00334134
919 0.00892793 0.725803 0.672136 -0.414211 0.00290322
920 0.00882883 0.725854 0.672075 -0.417484 0.00301929
921 0.00872973 0.725897 0.672003 -0.412341 0.00329013
922 0.00863063 0.725958 0.671953 -0.417725 0.00277562
923 0.00853153 0.726049 0.671911 -0.40777 0.00370563
924 0.00843243 0.726109 0.671876 -0.414642 0.00386907
925 0.00833333 0.726192 0.671802 -0.411568 0.0034456
926 0.00823423 0.726227 0.671734 -0.413172 0.00364053
927 0.00813514 0.726277 0.671694 -0.409205 0.00408828
928 0.00803604 0.726302 0.671662 -0.412983 0.00334842
929 0.00793694 0.726352 0.671604 -0.410545 0.00348359
930 0.00783784 0.726406 0.67157 -0.416591 0.00312311
931 0.00773874 0.726488 0.671518 -0.42023 0.00254429
932 0.00763964 0.726573 0.671444 -0.412984 0.00275688
933 0.00754054 0.726662 0.67138 -0.412455 0.00392676
934 0.00744144 0.726719 0.671322 -0.413567 0.00333939
935 0.00734234 0.72678 0.671253 -0.412391 0.00363998
936 0.00724324 0.726843 0.671179 -0.408074 0.00320093
937 0.00714414 0.726923 0.671132 -0.415118 0.0032157
938 0.00704505 0.726971 0.671078 -0.415091 0.00308029
939 0.00694595 0.727018 0.671019 -0.414676 0.00330465
940 0.00684685 0.727126 0.670991 -0.415963 0.00334099
941 0.00674775 0.727197 0.670939 -0.417185 0.00303646
942 0.00664865 0.727266 0.670876 -0.42088 0.00347425
943 0.00654955 0.727342 0.670812 -0.415264 0.0035871
944 0.00645045 0.727421 0.670732 -0.416045 0.00302386
945 0.00635135 0.727529 0.670672 -0.411591 0.00274537
946 0.00625225 0.727604 0.670632 -0.409558 0.00399801
947 0.00615315 0.727666 0.670584 -0.411601 0.00329888
948 0.00605405 0.727724 0.670542 -0.418404 0.00300668
949 0.00595495 0.727813 0.670481 -0.416183 0.00368796
950 0.00585586 0.727869 0.670433 -0.417763 0.00279401
951 0.00575676 0.727934 0.670384 -0.414107 0.0031961
952 0.00565766 0.728028 0.670332 -0.41803 0.00306365
953 0.00555856 0.728099 0.67028 -0.411986 0.00309205
954 0.00545946 0.728164 0.670236 -0.41225 0.00323091
955 0.00536036 0.728255 0.670195 -0.416705 0.00294491
956 0.00526126 0.728283 0.670155 -0.417812 0.00323138
957 0.00516216 0.728341 0.6701 -0.412773 0.00381151
958 0.00506306 0.72836 0.670075 -0.41584 0.00275887
959 0.00496396 0.728405 0.670029 -0.412646 0.00317206
960 0.00486486 0.728454 0.66999 -0.41753 0.00289684
961 0.00476577 0.728509 0.669941 -0.420572 0.00283168
962 0.00466667 0.728581 0.669886 -0.414273 0.00364088
963 0.00456757 0.728683 0.669835 -0.412501 0.00343691
964 0.00446847 0.728749 0.669775 -0.416553 0.0025591
965 0.00436937 0.728806 0.669734 -0.414382 0.00318389
966 0.00427027 0.72884 0.669697 -0.416519 0.00379952
967 0.00417117 0.728857 0.669665 -0.418208 0.00290702
968 0.00407207 0.728907 0.669609 -0.41389 0.00321213
969 0.00397297 0.728987 0.669567 -0.417058 0.00299295
970 0.00387387 0.729083 0.669509 -0.417658 0.00319573
971 0.00377477 0.72914 0.669453 -0.413257 0.00284243
972 0.00367568 0.729189 0.669392 -0.412614 0.00389042
973 0.00357658 0.729258 0.669339 -0.412816 0.00310731
974 0.00347748 0.729352 0.669295 -0.414366 0.00304156
975 0.00337838 0.729442 0.669244 -0.417749 0.0030168
976 0.00327928 0.729523 0.669188 -0.416704 0.0031584
977 0.00318018 0.729609 0.669119 -0.412789 0.00321528
978 0.00308108 0.729702 0.669069 -0.415196 0.00314033
979 0.00298198 0.729803 0.669049 -0.41663 0.00294376
980 0.00288288 0.72987 0.669022 -0.417908 0.00353475
981 0.00278378 0.729925 0.668991 -0.413999 0.00348635
982 0.00268468 0.729991 0.668921 -0.414125 0.00337348
983 0.00258559 0.730064 0.668869 -0.421308 0.00277543
984 0.00248649 0.730132 0.668823 -0.417268 0.00245378
985 0.00238739 0.730202 0.668758 -0.41562 0.00355551
986 0.00228829 0.730298 0.668703 -0.41384 0.00343585
987 0.00218919 0.730366 0.668663 -0.417649 0.00289886
988 0.00209009 0.730442 0.668594 -0.416996 0.00355949
989 0.00199099 0.730502 0.66856 -0.414509 0.00318686
990 0.00189189 0.730547 0.668515 -0.414926 0.00302327
991 0.00179279 0.730603 0.668455 -0.415486 0.00330539
992 0.00169369 0.730655 0.668401 -0.419332 0.00320661
993 0.00159459 0.730739 0.668348 -0.416676 0.00270027
994 0.0014955 0.730815 0.668274 -0.414443 0.00292744
995 0.0013964 0.730882 0.668213 -0.417688 0.00298043
996 0.0012973 0.730954 0.668149 -0.422431 0.00317249
997 0.0011982 0.731035 0.668112 -0.421797 0.00264143
998 0.0010991 0.731104 0.66808 -0.415504 0.00289353
999 0.001 0.731157 0.668062 -0.419377 0.00316714
