3.14375 0
3.13875 0.00353984
3.13922 0.00239196
3.1396 0.00182293
3.14058 0.00170363
3.14165 0.0017235
3.14139 0.00149645
3.1416 0.00132344
3.142 0.00123483
3.14197 0.00111175
3.14183 0.0010191
3.14157 0.000966731
3.14193 0.000955869
3.14201 0.000891678
3.14163 0.000911226
3.14211 0.000972143
3.14181 0.000960213
3.14211 0.000952999
3.14248 0.00097293
3.14247 0.000924429
3.14222 0.000912737
3.14208 0.000882099
3.14205 0.000844371
3.1418 0.000845141
3.14142 0.000891625
3.14156 0.000868611
3.14148 0.000840087
3.14144 0.000811183
3.14144 0.000783225
3.14172 0.000805341
3.14178 0.00078165
3.1416 0.00077817
3.14166 0.000756757
3.14189 0.00076785
3.1418 0.000750372
3.14174 0.00073204
3.14176 0.00071242
3.14177 0.000693804
3.14167 0.000683679
3.14159 0.000670636
3.14164 0.000656015
3.14147 0.000662515
3.14123 0.000690151
3.1412 0.000674918
3.14123 0.000660671
3.14124 0.00064638
3.14131 0.000635559
3.14123 0.000626764
3.14126 0.000614822
3.1413 0.000603787
3.14144 0.000608272
3.14157 0.000609466
3.14151 0.000600881
3.14149 0.000590153
3.1416 0.000589219
3.14149 0.000588783
3.14143 0.000580856
3.14138 0.000573707
3.14141 0.000564791
3.14146 0.000558042
3.1413 0.00057149
3.14126 0.000563978
3.1412 0.000558011
3.14141 0.000588898
3.14147 0.000582526
3.14151 0.000574934
3.14163 0.000578974
3.14162 0.000570511
3.14148 0.000579805
3.14151 0.000572671
3.1416 0.00057075
3.14161 0.000562896
3.14156 0.000556937
3.14156 0.000549425
3.14152 0.000543457
3.14155 0.000537367
3.14155 0.000530398
3.14148 0.000527714
3.14147 0.000521206
3.1414 0.000518939
3.1414 0.000512532
3.14148 0.000512435
3.1415 0.000506657
3.14158 0.000505715
3.14158 0.000499837
3.14155 0.000495183
3.1416 0.000492429
3.14165 0.000489096
3.14172 0.000488692
3.14172 0.000483266
3.14167 0.000480833
3.14173 0.000478912
3.14165 0.000480045
3.14163 0.000475389
3.1417 0.000475664
3.14175 0.000473106
3.14177 0.000468577
3.14173 0.000465549
3.14172 0.000460947
3.14174 0.000456784
