19.9457 0
18.2916 1.16959
16.6039 1.58332
16.3894 1.20193
16.0364 1.01206
16.1867 0.854467
15.9984 0.752862
16.0165 0.658972
15.7273 0.646091
15.7375 0.581561
15.5947 0.545945
15.25 0.599425
15.2871 0.554459
15.2666 0.515232
15.2622 0.480903
15.3959 0.469073
15.5058 0.454169
15.4383 0.433923
15.4571 0.411493
15.4157 0.392998
15.2691 0.400706
15.0638 0.431857
15.06 0.413098
15.1796 0.412858
15.3568 0.432668
15.2955 0.420335
15.3369 0.406795
15.2926 0.394675
15.3273 0.382587
15.2814 0.372571
15.2421 0.362621
15.1837 0.355955
15.2408 0.349718
15.3284 0.350222
15.3997 0.347406
15.424 0.338601
15.4054 0.32996
15.3236 0.331253
15.2342 0.334607
15.2701 0.328159
15.2375 0.321767
15.227 0.314279
15.1962 0.308476
15.1422 0.306156
15.0861 0.304452
15.1045 0.298394
15.1189 0.29239
15.0105 0.305738
14.9786 0.301161
15.0083 0.296602
14.9654 0.293869
15.0057 0.29096
14.9669 0.288041
14.9978 0.284359
14.9588 0.281847
14.9109 0.280863
14.9053 0.275991
14.9129 0.271336
14.907 0.266801
14.9337 0.263696
14.909 0.260536
14.9132 0.256368
14.9413 0.253842
14.94 0.249879
15.0429 0.266384
15.0621 0.263041
15.0363 0.260375
15.0306 0.256608
15.024 0.252975
15.0223 0.249367
15.0133 0.246017
15.047 0.244906
15.0395 0.241667
15.0299 0.238593
15.0812 0.24087
15.133 0.243205
15.1443 0.240309
15.1477 0.237252
15.1713 0.235419
15.1611 0.232698
15.1563 0.229874
15.1824 0.228543
15.1543 0.227506
15.1521 0.224808
15.157 0.222215
15.129 0.221393
15.1648 0.221736
15.1006 0.228331
15.1227 0.226836
15.1115 0.224595
15.115 0.222156
15.0787 0.222686
15.118 0.223718
15.1211 0.221361
15.0891 0.221336
15.0806 0.219195
15.0699 0.217197
15.0932 0.216235
15.079 0.214522
15.0817 0.212394
15.0824 0.210292
15.1012 0.209072
15.0998 0.207046
15.0832 0.205722
15.0797 0.203792
15.1069 0.203665
15.0835 0.203097
15.0458 0.204681
15.0231 0.204065
15.0003 0.203473
15.0084 0.201801
15.0502 0.204277
15.0485 0.202476
15.0469 0.200707
15.0515 0.199015
15.0594 0.197457
15.027 0.198414
15.0129 0.19723
15.0377 0.197119
15.0214 0.196147
15.0251 0.19456
15.0102 0.193532
15.0159 0.192042
15.0459 0.192826
15.0606 0.191839
15.0553 0.19039
15.048 0.189029
15.0429 0.187621
15.0469 0.18621
15.045 0.184788
15.0191 0.185184
15.0158 0.183809
15.0099 0.182524
15.0202 0.181457
15.0222 0.180123
15.0201 0.17881
15.0182 0.177515
15.0143 0.176272
15.0216 0.175155
15.0392 0.174782
15.0529 0.174077
15.0515 0.172856
15.0375 0.172214
15.0282 0.17127
15.0284 0.170089
15.0167 0.169326
14.9888 0.170466
14.9687 0.170492
14.9521 0.170155
14.9702 0.169979
14.9773 0.169005
14.9858 0.168104
14.9802 0.167097
14.9923 0.166445
14.9755 0.166215
14.9877 0.165598
14.981 0.164679
14.9764 0.163702
14.9799 0.162711
14.9757 0.161749
14.973 0.160767
14.9695 0.159812
14.9444 0.160797
14.9191 0.161801
14.9104 0.161052
14.8966 0.160668
14.896 0.159708
14.884 0.159202
14.8926 0.15849
14.8863 0.157685
14.9029 0.157642
14.9118 0.156973
14.9187 0.156218
14.947 0.157872
14.9612 0.157607
14.9603 0.156715
14.963 0.155853
14.9562 0.155129
14.9598 0.154303
14.9503 0.153736
14.9438 0.153026
14.9371 0.15233
14.9488 0.151948
14.9467 0.151136
14.9359 0.150708
14.937 0.149902
14.9448 0.149304
14.9522 0.148694
14.9444 0.148112
14.9448 0.147334
14.9562 0.147001
14.9428 0.146846
14.9319 0.146492
14.9393 0.145924
14.9332 0.145303
14.9316 0.144569
14.936 0.143902
14.9295 0.143325
14.9237 0.142721
14.9222 0.142015
14.9233 0.141313
14.9194 0.140666
14.9092 0.140347
14.9181 0.139942
14.9224 0.139324
14.9282 0.138771
14.9226 0.138217
14.9317 0.137854
14.9306 0.137199
14.9246 0.136676
14.9316 0.136207
14.9367 0.135658
14.9365 0.135021
14.9454 0.134683
14.9415 0.134111
14.9334 0.133734
14.9437 0.133511
14.9447 0.132902
14.9377 0.132475
14.9498 0.132418
14.9362 0.132514
14.9322 0.131977
14.9304 0.131398
14.9314 0.130815
14.9454 0.130986
14.9523 0.130587
14.9407 0.130523
14.9386 0.129967
14.9191 0.130863
14.9184 0.130295
14.9143 0.129796
14.9202 0.129372
14.9124 0.129054
14.9031 0.128833
14.8965 0.128453
14.9014 0.128001
14.8934 0.127714
14.8998 0.127339
14.9081 0.127078
14.9126 0.126628
14.9121 0.126103
14.9132 0.125587
14.9166 0.125116
14.9183 0.124614
14.9093 0.12443
14.8969 0.124543
14.8903 0.124214
14.895 0.123803
14.9129 0.124592
14.915 0.124113
14.9262 0.124121
14.9307 0.12371
14.9246 0.123372
14.9232 0.122895
14.9199 0.122456
14.9146 0.122095
14.9185 0.121684
14.9314 0.12189
14.9363 0.12152
14.934 0.121075
14.9299 0.120681
14.935 0.120326
14.9352 0.119869
14.9311 0.119484
14.9389 0.119285
14.9353 0.118889
14.9457 0.118891
14.9461 0.118448
14.9587 0.118674
14.9584 0.118235
14.9686 0.11823
14.9711 0.117823
14.9726 0.117401
14.9755 0.117009
14.9767 0.116589
14.9745 0.116187
14.9773 0.115802
14.9843 0.115597
14.9903 0.115338
14.9834 0.115137
14.9883 0.114833
15.0031 0.115372
14.9993 0.115025
14.9959 0.114671
14.9874 0.114584
14.988 0.114185
14.9789 0.114148
14.9752 0.113815
14.9741 0.113426
14.9902 0.114174
14.9986 0.114088
15.0045 0.113848
15.0082 0.11352
15.003 0.113256
15.0087 0.113017
15.0141 0.112764
15.001 0.113143
14.9931 0.113037
14.9937 0.112661
14.9864 0.112521
14.9885 0.112168
14.9872 0.111805
14.9847 0.111463
14.9773 0.111339
14.9712 0.111143
14.9708 0.110781
14.9799 0.110791
14.9849 0.110543
14.9908 0.110343
14.9892 0.109997
14.9933 0.109718
14.9927 0.109368
14.9914 0.109026
14.997 0.10882
15.0051 0.108777
15.0142 0.108815
15.0085 0.108621
15.0142 0.108426
15.0173 0.108132
15.0195 0.107815
15.0219 0.107507
15.027 0.107293
15.0286 0.106973
15.021 0.106912
15.0196 0.106592
15.0166 0.106307
15.013 0.106042
15.0047 0.106047
15.0068 0.105747
15.0006 0.105608
15.0046 0.105365
15.0164 0.105705
15.0157 0.105389
15.0123 0.105129
15.0143 0.104833
15.0029 0.105141
15.0108 0.105125
15.0133 0.104845
15.0027 0.10507
15.0104 0.105042
15.0097 0.104737
15.0135 0.104501
15.0147 0.104203
15.0117 0.103944
15.0126 0.103647
15.0128 0.103347
15.0135 0.103052
15.0124 0.102761
15.0096 0.102505
15.0066 0.102257
15.009 0.101993
15.0096 0.101705
15.0081 0.101428
14.9973 0.101717
14.9987 0.101439
14.9925 0.101341
14.99 0.101087
14.9799 0.101309
14.9807 0.10103
14.9784 0.100776
14.9853 0.100734
14.9882 0.100498
14.9774 0.100802
14.9722 0.100657
14.9717 0.100383
14.9764 0.100217
14.9778 0.0999531
14.9828 0.0998076
14.9864 0.0996037
14.9845 0.0993526
14.9842 0.0990855
14.9946 0.0993633
14.997 0.0991262
14.9956 0.0988707
14.9953 0.0986076
14.9992 0.0984233
14.9989 0.0981627
15.0045 0.0980635
15.0073 0.0978453
14.9989 0.0979424
15.013 0.0986934
15.0049 0.0987702
15.0096 0.098626
15.0099 0.0983695
15.0029 0.0983623
15.0051 0.0981323
14.9992 0.0980555
15.0067 0.098088
15.0093 0.0978709
15.0039 0.097771
14.994 0.0980244
14.9973 0.0978323
14.9998 0.0976147
15.0007 0.0973713
15.001 0.0971252
14.9976 0.0969402
15.0052 0.0969978
15.0013 0.0968329
14.9951 0.0967901
15.0018 0.09678
14.9961 0.0967076
15.0009 0.0965868
15.0013 0.096348
14.9969 0.0962108
14.9991 0.0959981
14.9935 0.0959243
14.9959 0.0957185
14.9883 0.0957866
14.9839 0.0956538
14.9777 0.0956184
14.9777 0.0953858
14.9823 0.0952639
14.9837 0.0950429
14.9787 0.0949412
14.9761 0.094749
14.9859 0.0950284
14.9956 0.0952952
14.9968 0.095075
14.9926 0.0949418
14.9854 0.0949891
14.9848 0.0947653
14.9848 0.0945408
14.9903 0.0944801
14.9929 0.0942925
14.9922 0.0940733
14.9909 0.0938614
14.9883 0.0936772
14.992 0.0935312
15.0057 0.0943155
15.0048 0.0941011
15.0098 0.0940197
15.0075 0.0938308
15.0101 0.0936508
15.0192 0.0938694
15.0174 0.09367
15.0251 0.093769
15.0298 0.0936741
15.0249 0.0935917
15.0249 0.0933785
15.0258 0.0931715
15.0228 0.0930116
15.0212 0.0928135
15.0134 0.092938
15.0188 0.0928871
15.0223 0.0927453
15.0193 0.0925855
15.0168 0.0924139
15.0066 0.0927616
15.0147 0.0929089
15.0112 0.092771
15.0084 0.0926056
15.0159 0.0927029
15.0148 0.0925056
15.0137 0.0923082
15.0124 0.0921147
15.0147 0.0919428
15.0044 0.0923148
15.0003 0.0922048
14.9986 0.0920199
14.992 0.0920536
14.9919 0.091854
14.9869 0.0917903
14.9922 0.0917455
14.9936 0.0915589
14.9927 0.091367
14.9906 0.0911953
14.9872 0.0910636
14.9879 0.0908717
14.9892 0.0906882
14.9914 0.09052
14.9903 0.0903335
14.9903 0.0901422
14.9865 0.0900306
14.9849 0.0898553
14.9845 0.0896668
14.9786 0.0896742
14.9795 0.0894902
14.9789 0.0893049
14.9797 0.089122
14.9806 0.0889414
14.9761 0.0888726
14.9719 0.0887866
14.9725 0.0886047
14.9729 0.0884226
14.9679 0.0883824
14.9687 0.0882042
14.9611 0.0883453
14.9547 0.0883997
14.9546 0.088219
14.9524 0.088068
14.9536 0.0878975
14.9577 0.0878124
14.9559 0.0876519
14.9558 0.0874745
14.9547 0.0873043
14.9533 0.0871402
14.9583 0.0871072
14.961 0.0869764
14.9582 0.0868495
14.9575 0.0866781
14.9572 0.0865057
14.9527 0.0864514
14.9626 0.0868442
14.9607 0.0866925
14.9683 0.0868518
14.9657 0.0867174
14.9634 0.0865784
14.9635 0.0864081
14.9614 0.0862644
14.9619 0.086097
14.9595 0.085964
14.9616 0.0858221
14.962 0.0856558
14.9625 0.085491
14.9662 0.0854027
14.9669 0.0852398
14.9695 0.0851151
14.9685 0.0849568
14.9593 0.085291
14.9619 0.0851677
14.9602 0.0850209
14.9591 0.0848658
14.95 0.0851851
14.9585 0.0854437
14.9592 0.0852837
14.9626 0.0851902
14.9623 0.085029
14.9671 0.0850034
14.9662 0.0848475
14.9604 0.0848846
14.9598 0.0847268
14.9526 0.0848764
14.9543 0.0847354
14.9566 0.0846062
14.9581 0.0844621
14.9632 0.0844547
14.964 0.0843015
14.9621 0.0841648
14.9567 0.0841863
14.9531 0.0841082
14.96 0.0842385
14.9598 0.0840832
14.9628 0.0839805
14.9639 0.0838329
14.9612 0.083721
14.9602 0.0835738
14.9592 0.0834266
14.9636 0.0833901
14.973 0.0837574
14.9689 0.083701
14.9682 0.0835528
14.97 0.0834212
14.9695 0.0832717
14.9685 0.0831272
14.9609 0.0833251
14.9585 0.0832111
14.9615 0.0831163
14.9557 0.0831706
14.9513 0.0831361
14.9481 0.0830485
14.9473 0.0829043
14.9545 0.0830697
14.9526 0.0829455
14.947 0.0829824
14.9435 0.0829095
14.9465 0.0828143
14.9533 0.08295
14.9586 0.0829752
14.9547 0.0829233
14.9539 0.0827814
14.9567 0.0826851
14.9541 0.082584
14.9563 0.0824705
14.9553 0.0823324
14.9536 0.0822086
14.9497 0.0821571
14.9498 0.0820147
14.951 0.0818826
14.9507 0.0817417
14.9481 0.0816435
14.9483 0.0815033
14.953 0.0814991
14.9518 0.081369
14.9547 0.0812843
14.9548 0.0811454
14.9633 0.0814452
14.9627 0.0813083
14.9629 0.0811702
14.9624 0.0810335
14.9646 0.0809239
14.9654 0.0807913
14.9622 0.0807196
14.9619 0.0805839
14.9541 0.0808217
14.9479 0.0809228
14.9511 0.0808498
14.9487 0.0807503
14.9503 0.0806306
14.9499 0.0804969
14.9475 0.0803973
14.9388 0.0807419
14.9387 0.0806078
14.9362 0.0805134
14.9387 0.0804172
14.9388 0.0802844
14.9379 0.0801568
14.9359 0.0800505
14.9377 0.0799409
14.9396 0.079832
14.9364 0.0797657
14.9375 0.0796419
14.9358 0.079528
14.9359 0.0793983
14.9409 0.0794221
14.9376 0.0793588
14.9344 0.0792962
14.9349 0.0791694
14.9369 0.0790674
14.9396 0.0789841
14.9388 0.0788607
14.9389 0.0787338
14.9347 0.0787196
14.9301 0.0787292
14.928 0.0786316
14.9317 0.0785931
14.9288 0.078521
14.9301 0.078407
14.9379 0.0786658
14.9391 0.0785509
14.938 0.078435
14.9368 0.0783187
14.94 0.078257
14.9416 0.0781501
14.9398 0.0780472
14.9438 0.0780244
14.9432 0.0779035
14.9503 0.0780989
14.9498 0.0779776
14.9542 0.0779799
14.9519 0.0778924
14.9553 0.0778433
14.9543 0.0777286
14.9571 0.0776596
14.955 0.0775685
14.9601 0.0776189
14.9626 0.0775385
14.9655 0.0774732
14.9624 0.0774176
14.9594 0.0773543
14.9672 0.0776305
14.968 0.0775146
14.9657 0.0774276
14.9634 0.0773434
14.9576 0.0774476
14.9562 0.0773412
14.9549 0.0772338
14.9609 0.0773469
14.9627 0.0772495
14.959 0.0772187
14.9615 0.0771408
14.9642 0.0770706
14.9631 0.0769617
14.9667 0.0769334
14.9662 0.0768192
14.9699 0.0767917
14.9697 0.0766769
14.9744 0.0767064
14.9774 0.0766528
14.974 0.076614
14.9692 0.0766483
14.9733 0.076643
14.9687 0.0766685
14.967 0.0765737
14.9719 0.0766155
14.9699 0.0765279
14.9696 0.0764151
14.9643 0.0764841
14.9641 0.0763717
14.9662 0.0762885
14.9669 0.0761789
14.9654 0.0760808
14.9602 0.0761485
14.9546 0.0762446
14.957 0.0761718
14.9614 0.0761914
14.9623 0.0760849
14.9644 0.0760033
14.9657 0.0759034
14.9649 0.0757967
14.9689 0.0757906
14.968 0.0756864
14.9703 0.075612
14.9701 0.0755032
14.9704 0.0753952
14.9683 0.0753163
14.9661 0.07524
14.9677 0.0751499
14.9646 0.0751063
14.963 0.0750163
14.964 0.0749158
14.9651 0.0748173
14.9654 0.0747113
14.9714 0.0748452
14.9677 0.0748307
14.97 0.0747593
14.9802 0.0753525
14.9746 0.0754543
14.9767 0.0753769
14.9763 0.075272
14.9742 0.0751943
14.9765 0.0751235
14.9801 0.0751063
14.985 0.0751593
14.9875 0.0750953
14.9893 0.0750114
14.9931 0.0750052
14.9931 0.0749006
14.9946 0.0748114
14.9982 0.0747936
14.9988 0.0746921
14.9977 0.0745975
14.9992 0.0745102
15.0025 0.0744793
15.0049 0.0744139
15.0096 0.0744631
15.0114 0.0743824
15.0106 0.0742853
15.0148 0.0743055
15.0143 0.074205
15.0105 0.074204
15.012 0.0741184
15.0098 0.0740516
15.0102 0.0739519
15.0074 0.0739035
15.0108 0.0738818
15.0108 0.0737814
15.0119 0.0736904
15.0137 0.0736108
15.0137 0.0735112
15.0134 0.0734126
15.0151 0.0733336
15.0168 0.0732559
15.0161 0.0731612
15.0145 0.0730795
15.0115 0.0730445
15.0153 0.0730431
15.0134 0.0729688
15.0157 0.0729059
15.0123 0.0728877
15.0141 0.0728144
15.0124 0.0727382
15.0153 0.0727002
15.0112 0.0727219
15.0127 0.072642
15.0132 0.0725476
15.0123 0.0724571
15.0149 0.0724072
15.0132 0.0723314
15.0128 0.0722375
15.011 0.0721647
15.0071 0.0721753
15.0073 0.0720809
15.0149 0.0723895
15.0146 0.0722954
15.0094 0.0723905
15.0092 0.0722964
15.0086 0.0722041
15.0124 0.0722072
15.0103 0.0721447
15.0097 0.0720529
15.0115 0.0719801
15.0158 0.0720201
15.0178 0.0719544
15.0176 0.0718618
15.0142 0.0718484
15.0165 0.0717913
15.0138 0.0717473
15.0197 0.0718938
15.0157 0.0719128
15.0147 0.0718281
15.0141 0.0717387
15.0114 0.0716949
15.012 0.0716057
15.0155 0.0715967
15.0167 0.0715168
15.0175 0.0714303
15.0157 0.0713633
15.0162 0.0712743
15.015 0.0711932
15.0122 0.0711603
15.0174 0.0712668
15.0168 0.0711797
15.0169 0.07109
15.0172 0.0710013
15.011 0.0711829
15.0081 0.0711532
15.0068 0.0710761
15.0099 0.0710536
15.0105 0.0709675
15.0162 0.0711044
15.0188 0.0710653
15.0182 0.0709793
15.0186 0.0708921
15.0211 0.0708449
15.0175 0.0708451
15.0178 0.0707578
15.0194 0.0706877
15.0136 0.0708343
15.0198 0.0710142
15.0192 0.0709287
15.0156 0.0709323
15.015 0.0708475
15.018 0.0708243
15.0215 0.0708232
15.0218 0.0707367
15.02 0.070672
15.0195 0.0705871
15.016 0.0705897
15.0136 0.0705438
15.0114 0.0704906
15.0097 0.0704263
15.0089 0.0703446
15.0087 0.0702596
15.0104 0.070196
15.0086 0.0701346
15.0089 0.0700503
15.0078 0.0699737
15.0066 0.0698993
15.0071 0.0698168
15.0098 0.0697836
15.0097 0.0696998
15.0084 0.0696267
15.0057 0.0695968
15.0064 0.0695174
15.0067 0.0694346
15.0087 0.0693801
15.0124 0.0693969
15.0105 0.0693417
15.0094 0.0692669
15.0063 0.0692539
15.0053 0.0691794
15.0042 0.0691058
15.0028 0.0690369
15.0014 0.0689711
15.002 0.0688929
14.9995 0.0688567
15.001 0.0687904
15.0036 0.0687601
15.0007 0.0687394
14.9998 0.0686654
14.9985 0.0685966
14.9977 0.0685211
14.9953 0.0684828
14.9929 0.068444
14.9934 0.0683658
14.9956 0.0683213
14.9971 0.0682579
14.9959 0.068188
14.9963 0.0681094
14.9937 0.0680779
14.9942 0.068001
14.9936 0.0679255
14.9944 0.0678517
14.9924 0.0678026
14.9896 0.0677814
14.9921 0.0677512
14.9902 0.0677006
14.9848 0.0678372
14.9851 0.0677597
14.9844 0.0676849
14.9836 0.067613
14.9849 0.0675492
14.9867 0.0674962
14.9872 0.0674207
14.9856 0.0673636
14.9842 0.0673014
14.9855 0.0672378
14.9843 0.0671716
14.9838 0.0670975
14.9816 0.067055
14.9802 0.0669954
14.9837 0.0670111
14.9842 0.0669377
14.9839 0.0668629
14.9779 0.0670569
14.9818 0.0670972
14.9817 0.0670217
14.9834 0.0669671
14.9872 0.0670047
14.9827 0.0670864
14.9835 0.0670164
14.9819 0.0669604
14.982 0.0668855
14.9799 0.0668434
14.981 0.0667775
14.9813 0.0667037
14.9814 0.0666295
14.9818 0.0665563
14.9801 0.0665037
14.981 0.0664356
14.9801 0.0663682
14.9802 0.0662948
14.9834 0.0663005
14.9825 0.0662339
14.9785 0.0662803
14.9774 0.0662163
14.9759 0.0661595
14.9748 0.0660961
14.9751 0.0660238
14.9748 0.0659517
14.9764 0.0658973
14.9737 0.0658796
14.976 0.065848
14.9757 0.0657768
14.9761 0.0657067
14.9766 0.0656369
14.9774 0.06557
14.9761 0.0655112
14.9722 0.0655571
14.9735 0.0654989
14.975 0.0654441
14.9772 0.0654105
14.9771 0.0653398
14.9731 0.0653896
14.977 0.0654364
14.9732 0.0654754
14.9746 0.0654183
14.974 0.0653502
14.9774 0.0653694
14.9743 0.065374
14.9705 0.065415
14.9716 0.0653546
14.9747 0.0653559
14.9717 0.0653558
14.9722 0.065288
14.9766 0.0653705
14.978 0.0653142
14.9764 0.065263
14.978 0.0652124
14.9757 0.0651834
14.9737 0.0651457
14.9742 0.0650791
14.9731 0.0650205
14.9743 0.0649642
14.9777 0.0649806
14.9778 0.064912
14.976 0.0648691
14.9787 0.0648591
14.9802 0.0648065
14.98 0.0647387
14.9827 0.0647301
14.985 0.0647022
14.9831 0.064663
14.9839 0.0646004
14.9861 0.0645708
14.985 0.0645125
14.9876 0.0644954
14.9882 0.064431
14.9892 0.0643711
14.9891 0.0643041
14.991 0.064266
14.9897 0.0642119
14.9926 0.0642074
14.9962 0.0642449
15.0003 0.0643084
15.0025 0.0642793
15.002 0.0642152
15.0017 0.0641493
15.0017 0.0640831
15.0031 0.0640329
15.0045 0.0639813
15.004 0.0639175
15.0035 0.0638536
15.0055 0.0638186
15.0041 0.0637682
15.0009 0.0637838
14.9999 0.0637264
14.9988 0.0636699
15.0026 0.0637175
15.0026 0.0636525
15.002 0.0635907
15.0019 0.0635259
15.0027 0.0634658
15.0025 0.0634015
15.0056 0.0634128
15.0059 0.063349
15.0049 0.0632934
15.0029 0.0632602
15.0019 0.0632032
14.9993 0.0631929
14.9981 0.0631407
14.9944 0.0631843
14.9959 0.0631372
14.9951 0.0630784
14.9964 0.0630273
14.9932 0.0630443
14.9896 0.0630822
14.9918 0.0630588
14.9957 0.063116
14.9914 0.0632018
