46.9902 0
23.7445 16.4372
22.9431 10.9777
23.3299 8.24007
24.555 6.68251
20.8364 6.52186
18.3833 6.03388
17.456 5.35042
15.5989 5.068
15.2187 4.57544
13.9581 4.32967
12.978 4.07828
12.7611 3.77033
12.0335 3.57053
12.8156 3.41706
15.155 3.92345
14.8955 3.70124
14.5887 3.5083
13.922 3.38643
13.9446 3.21718
13.2806 3.13176
13.5618 3.00201
14.0124 2.9051
15.1825 3.01049
15.7601 2.94495
15.3324 2.86257
15.5381 2.76394
15.7378 2.67243
15.3615 2.60664
14.8774 2.5643
14.3975 2.52609
14.1901 2.45566
15.4959 2.70626
16.2353 2.7258
16.0921 2.65168
15.9009 2.58491
15.4991 2.54607
15.0913 2.51153
14.8789 2.45609
14.8988 2.39477
14.6371 2.35061
14.3873 2.30788
14.0527 2.27833
13.7404 2.24786
13.9603 2.20864
13.8201 2.16508
13.5608 2.13447
13.2783 2.10862
13.2359 2.06601
13.5344 2.04613
13.4592 2.00739
13.6957 1.98268
13.5718 1.94914
13.4518 1.91673
13.223 1.89549
13.0052 1.87411
12.9184 1.84324
12.8153 1.81435
12.895 1.78535
12.6957 1.76669
12.6453 1.73844
12.7827 1.71583
12.8077 1.68878
13.4574 1.78298
14.0349 1.84672
14.0405 1.81875
13.878 1.79885
13.7011 1.78108
13.5455 1.76205
13.5072 1.73729
13.4594 1.71348
13.6667 1.70218
13.5732 1.68143
13.7714 1.67035
14.3312 1.73935
14.4474 1.72034
14.4159 1.69828
14.3605 1.67742
14.3313 1.65644
14.1727 1.6433
14.2589 1.62528
14.1424 1.60963
14.1029 1.59072
14.0102 1.57448
13.8719 1.56202
14.0265 1.55149
13.9962 1.53396
13.9593 1.51697
14.2462 1.52682
14.1451 1.5132
14.0153 1.50213
14.2791 1.50878
14.4339 1.50048
14.2804 1.49235
14.1304 1.48416
14.0399 1.47146
14.0018 1.45678
14.0219 1.44206
13.9291 1.43047
13.8169 1.42057
13.8684 1.40743
14.0247 1.40229
13.8949 1.39467
13.7844 1.38563
14.0545 1.3985
13.9677 1.388
13.8371 1.38116
13.709 1.3743
13.5881 1.367
13.552 1.35505
13.8095 1.36709
14.4186 1.48436
14.5189 1.47461
14.4842 1.46209
14.5538 1.45103
14.4644 1.44127
14.3418 1.43416
14.5318 1.43453
14.6614 1.42832
14.7088 1.4172
14.6536 1.40656
14.545 1.39922
14.6688 1.39331
15.052 1.43379
15.1927 1.42921
15.0973 1.42104
15.0163 1.41216
15.031 1.40121
15.2459 1.40673
15.134 1.40036
15.021 1.39422
14.9583 1.38506
15.0762 1.37966
15.2109 1.37593
15.3112 1.36938
15.2267 1.36191
15.1158 1.35648
15.1673 1.34763
15.5253 1.38466
15.5274 1.37477
15.5485 1.36518
15.4423 1.35969
15.4687 1.35044
15.3613 1.34533
15.2584 1.33998
15.1539 1.33488
15.0508 1.32977
14.9491 1.32467
14.8956 1.31685
15.1558 1.33352
15.272 1.32975
15.1835 1.32394
15.2396 1.31647
15.1492 1.31103
15.0972 1.3036
15.054 1.29596
15.0198 1.28816
14.9308 1.28308
14.9004 1.27537
14.9291 1.26772
14.8471 1.2625
14.7555 1.25803
14.6649 1.25356
14.5755 1.2491
14.4886 1.24455
14.4045 1.23989
14.3195 1.23538
14.3193 1.22803
14.264 1.22201
14.2456 1.21496
14.3941 1.21691
14.3466 1.21076
14.6369 1.23806
14.9368 1.26676
14.9363 1.25952
14.9524 1.25247
14.8859 1.24715
14.8102 1.24245
14.8301 1.23567
14.7477 1.23154
14.6817 1.22651
14.8079 1.22624
14.7766 1.21994
14.7985 1.2135
14.7185 1.20958
14.7164 1.20308
14.7199 1.19665
14.7161 1.19029
14.6426 1.18626
14.8666 1.201
14.8432 1.19494
14.7659 1.19121
14.6972 1.18702
14.7121 1.18099
14.6722 1.17561
14.6899 1.16974
14.6479 1.16456
14.6712 1.15891
14.6491 1.1533
14.6071 1.14829
14.5358 1.14479
14.4639 1.14139
14.53 1.13768
14.7499 1.15315
14.7114 1.14816
14.7564 1.14347
14.7342 1.13816
14.7272 1.13271
14.6721 1.12863
14.6299 1.12404
14.6331 1.11872
14.6241 1.11348
14.582 1.10905
14.6163 1.1044
14.6375 1.09946
14.6542 1.0945
14.6687 1.08955
14.6229 1.08552
14.6319 1.0806
14.5922 1.07642
14.5283 1.07344
14.4778 1.06979
14.5492 1.06738
14.5186 1.06305
14.5408 1.05856
14.4821 1.0555
14.4227 1.05252
14.3657 1.04945
14.3192 1.04589
14.2968 1.04159
14.2801 1.03721
14.2293 1.03398
14.1703 1.03123
14.1097 1.0286
14.11 1.02422
14.0815 1.02027
14.0258 1.01749
14.0862 1.01501
14.0931 1.01078
14.0737 1.00676
14.0281 1.00361
14.0088 0.99965
14.0179 0.995578
14.0258 0.991529
13.9691 0.989104
13.9123 0.986711
13.8849 0.983097
14.093 1.00092
14.2916 1.01641
14.2693 1.01258
14.2445 1.00885
14.211 1.00541
14.1727 1.00216
14.1455 0.998585
14.1135 0.995179
14.0865 0.991659
14.0851 0.987801
14.294 1.00581
14.2543 1.00271
14.2065 0.999989
14.2098 0.996162
14.1634 0.993441
14.116 0.990791
14.2211 0.992593
14.2491 0.989242
14.2504 0.985524
14.2972 0.982944
14.3348 0.979994
14.3377 0.976355
14.4459 0.978723
14.4643 0.975283
14.5137 0.972952
14.5697 0.970997
14.5393 0.967928
14.5258 0.964503
14.5018 0.961307
14.5168 0.957954
14.5558 0.9553
14.5784 0.952144
14.5396 0.949531
14.5988 0.947994
14.6832 0.948379
14.6359 0.946206
14.5844 0.944277
14.5385 0.942076
14.507 0.939307
14.4583 0.937301
14.4434 0.934164
14.4709 0.931339
14.7542 0.970251
14.8215 0.96925
14.7926 0.966364
14.8022 0.963113
14.8069 0.959849
14.8683 0.958553
14.8193 0.956564
14.7694 0.954643
14.7719 0.951443
14.7837 0.948334
14.7402 0.946171
14.7029 0.943763
14.6885 0.940747
14.6401 0.938889
14.5919 0.937035
14.5472 0.935027
14.57 0.932248
14.5403 0.929685
14.5085 0.92721
14.5769 0.926731
14.5679 0.923786
14.5533 0.92093
14.5206 0.91856
14.4835 0.916374
14.539 0.915133
14.6131 0.915227
14.6531 0.913206
14.6102 0.911332
14.71 0.913914
14.7194 0.911098
14.7228 0.908257
14.7198 0.905432
14.7271 0.902649
14.7008 0.900239
14.6589 0.898435
14.6462 0.89576
14.621 0.893369
14.5804 0.891554
14.5897 0.888884
14.5915 0.886184
14.5473 0.884597
14.5646 0.882093
14.6392 0.882588
14.6008 0.880774
14.5586 0.879147
14.5552 0.876529
14.5335 0.874189
14.6234 0.876204
14.5823 0.874577
14.6065 0.872332
14.6101 0.869774
14.632 0.867498
14.6848 0.866567
14.6804 0.864052
14.6521 0.862005
14.6435 0.859549
14.6414 0.857067
14.6226 0.854804
14.5879 0.85305
14.5686 0.850824
14.5353 0.849044
14.5118 0.84695
14.4734 0.845417
14.4324 0.844014
14.3916 0.842614
14.361 0.840796
14.3297 0.839019
14.2895 0.837628
14.2519 0.836132
14.2392 0.833899
14.2443 0.831598
14.2624 0.82949
14.2536 0.827244
14.2386 0.825102
14.2009 0.823694
14.1786 0.821739
14.1611 0.819681
14.187 0.817858
14.2055 0.815845
14.2318 0.814055
14.2452 0.811965
14.3088 0.812264
14.3285 0.81032
14.3039 0.80852
14.2696 0.807087
14.2528 0.80511
14.2738 0.803241
14.335 0.803441
14.3916 0.803311
14.3747 0.801369
14.3891 0.799389
14.494 0.804144
14.476 0.802239
14.5447 0.803076
14.5111 0.801686
14.4878 0.799941
14.4714 0.798038
14.4645 0.796005
14.4721 0.79399
14.4935 0.792237
14.4563 0.791077
14.4256 0.78965
14.4435 0.787838
14.4474 0.785843
14.4229 0.78423
14.3955 0.782722
14.4173 0.781049
14.3934 0.779448
14.3606 0.778177
14.3917 0.776846
14.3835 0.774947
14.4314 0.774492
14.4065 0.772966
14.3773 0.771597
14.3593 0.769899
14.3315 0.768497
14.3202 0.766687
14.2949 0.765222
14.283 0.763438
14.2638 0.761814
14.247 0.760141
14.2195 0.758789
14.2959 0.760784
14.263 0.759652
14.2501 0.757926
14.3065 0.758195
14.4205 0.764891
14.4864 0.765894
14.489 0.764066
14.4544 0.763025
14.4436 0.761284
14.4371 0.759504
14.4874 0.759368
14.4557 0.758233
14.4511 0.756458
14.4365 0.75482
14.4026 0.753808
14.4145 0.752137
14.5384 0.76052
14.5518 0.758864
14.5547 0.757105
14.5923 0.756284
14.5648 0.755035
14.5888 0.753674
14.6185 0.752522
14.609 0.750852
14.7361 0.759803
14.7171 0.758302
14.6973 0.756827
14.7027 0.755123
14.693 0.753469
14.6649 0.752285
14.6324 0.751285
14.6609 0.750128
14.6534 0.748476
14.6965 0.748034
14.6636 0.747082
14.6308 0.74613
14.6045 0.744928
14.6008 0.743278
14.5685 0.742327
14.5774 0.740734
14.5524 0.739518
14.5391 0.738006
14.5071 0.737072
14.481 0.735913
14.4541 0.734793
14.4224 0.733866
14.391 0.732939
14.3599 0.731999
14.3441 0.730579
14.3178 0.729465
14.2965 0.728199
14.3122 0.726795
14.3153 0.725236
14.2992 0.723855
14.2686 0.722947
14.2509 0.721618
14.2236 0.720591
14.2152 0.719104
14.235 0.717846
14.2678 0.717073
14.2485 0.715813
14.2661 0.714517
14.2389 0.713528
14.2107 0.712584
14.1823 0.71165
14.1569 0.710613
14.1547 0.70913
14.1679 0.707773
14.1666 0.706299
14.1418 0.705265
14.1218 0.704084
14.1261 0.70264
14.1117 0.701335
14.0956 0.700074
14.0768 0.698885
14.0479 0.698047
14.0325 0.696786
14.0133 0.695627
13.9935 0.69449
14.0195 0.693562
14.0014 0.692388
13.9807 0.691291
13.9532 0.69044
13.9378 0.689216
14.0481 0.696591
14.0359 0.695296
14.0354 0.6939
14.0088 0.693017
14.0263 0.69185
14.0014 0.690914
14.0392 0.690567
14.1191 0.693804
14.1763 0.69478
14.1823 0.69343
14.1831 0.69206
14.1682 0.690856
14.1433 0.689943
14.1193 0.689005
14.093 0.688156
14.1354 0.688112
14.1673 0.687507
14.158 0.68623
14.1872 0.685516
14.2184 0.684896
14.2216 0.683576
14.2107 0.682342
14.1832 0.681576
14.1632 0.680557
14.1537 0.679314
14.128 0.678496
14.101 0.677736
14.1058 0.676458
14.1005 0.675188
14.1457 0.675416
14.1416 0.674145
14.1781 0.673855
14.2102 0.67334
14.1919 0.672314
14.1683 0.671461
14.1416 0.670726
14.115 0.669992
14.1083 0.668769
14.0896 0.667777
14.0917 0.666532
14.1107 0.66556
14.1328 0.664686
14.1113 0.663799
14.0854 0.663071
14.1382 0.663939
14.199 0.665492
14.2142 0.664438
14.2459 0.66397
14.224 0.663109
14.2063 0.662129
14.1825 0.661345
14.1912 0.660193
14.2326 0.660289
14.2237 0.659148
14.2064 0.658174
14.1908 0.657166
14.1889 0.655978
14.1638 0.65527
14.1383 0.654585
14.1182 0.653715
14.1018 0.652744
14.0819 0.651874
14.059 0.651109
14.0358 0.650357
14.0108 0.649678
14.074 0.651592
14.0606 0.65057
14.0358 0.649888
14.0109 0.649212
14.0129 0.648066
14.0759 0.649973
14.1472 0.652725
14.1461 0.651577
14.1221 0.650873
14.2027 0.654706
14.1954 0.653601
14.2294 0.653342
14.2568 0.652778
14.2324 0.652098
14.2256 0.650999
14.2025 0.650281
14.2165 0.649307
14.2111 0.648206
14.1912 0.647393
14.1679 0.646696
14.1692 0.645584
14.1973 0.645086
14.1964 0.64398
14.2244 0.643486
14.2844 0.645177
14.3316 0.645801
14.3407 0.644764
14.3257 0.643841
14.3136 0.642861
14.2934 0.642088
14.2693 0.641457
14.2461 0.64079
14.2221 0.640159
14.1982 0.639529
14.2056 0.638498
14.214 0.637482
14.258 0.63793
14.2688 0.636955
14.2658 0.635898
14.2453 0.63517
14.2249 0.634442
14.219 0.633415
14.1997 0.63266
14.1799 0.631922
14.1564 0.631312
14.1442 0.630388
14.16 0.629547
14.1413 0.628788
14.1641 0.628166
14.1611 0.627143
14.1904 0.626802
14.172 0.626048
14.1911 0.62532
14.2148 0.624749
14.1917 0.624161
14.1719 0.623461
14.1791 0.622492
14.2266 0.623292
14.2239 0.622291
14.2213 0.621293
14.2062 0.620476
14.1833 0.619899
14.1617 0.619281
14.1455 0.618501
14.1387 0.617549
14.1219 0.61679
14.1725 0.617881
14.2222 0.618889
14.228 0.617932
14.2345 0.616986
14.2364 0.616011
14.2528 0.615254
14.2329 0.614603
14.2572 0.614114
14.2677 0.613236
14.281 0.612416
14.3321 0.613583
14.3269 0.612643
14.3292 0.611689
14.3244 0.610751
14.3104 0.60996
14.3088 0.609012
14.3192 0.608154
14.377 0.609948
14.3974 0.609342
14.4118 0.608569
14.4111 0.607629
14.3888 0.607098
14.4262 0.607308
14.5042 0.611372
14.4851 0.610734
14.4695 0.609994
14.4479 0.609445
14.4258 0.608914
14.4039 0.608378
14.4186 0.607629
14.4539 0.607728
14.4359 0.607071
14.4288 0.606192
14.4349 0.605305
14.4241 0.604486
14.456 0.604415
14.5161 0.606485
14.5144 0.605574
14.5313 0.604898
14.5631 0.604823
14.5623 0.603917
14.545 0.603262
14.5233 0.602751
14.5059 0.602103
14.5096 0.601217
14.4897 0.60065
14.5077 0.600026
14.53 0.599549
14.5118 0.598935
14.4949 0.598288
14.4735 0.597787
14.4855 0.597026
14.5064 0.596513
14.5303 0.596116
14.5117 0.595534
14.4905 0.595038
14.4833 0.594209
14.5075 0.593834
14.5194 0.593086
14.5418 0.592643
14.5505 0.591845
14.5362 0.591158
14.521 0.590496
14.5617 0.591044
14.5618 0.590189
14.6131 0.591568
14.6023 0.590813
14.5933 0.590031
14.5723 0.589556
14.5709 0.588711
14.5549 0.588083
14.5341 0.587609
14.5313 0.586775
14.5667 0.587006
14.5578 0.586237
14.5724 0.585585
14.6231 0.586937
14.6171 0.586133
14.6734 0.587998
14.686 0.5873
14.6709 0.586664
14.6882 0.586089
14.6687 0.585585
14.6507 0.585038
14.7171 0.587973
14.7827 0.590798
14.8029 0.590312
14.8088 0.589515
14.8146 0.588719
14.8181 0.587907
14.817 0.587088
14.8088 0.586328
14.8544 0.587281
14.8459 0.586526
14.8397 0.585745
14.8365 0.584943
14.8656 0.584859
14.9022 0.585194
14.9194 0.584639
14.9151 0.583849
14.9749 0.586098
14.9756 0.585294
14.956 0.584819
14.9614 0.584043
14.9491 0.583374
14.9442 0.582597
14.9249 0.582122
14.9183 0.581367
14.9152 0.580584
14.9317 0.580029
14.9496 0.579518
14.9417 0.578787
14.9519 0.578094
14.9638 0.577433
14.9647 0.576655
14.9548 0.575963
14.9499 0.575209
14.9392 0.574535
14.9302 0.573835
14.9238 0.573101
14.9463 0.572775
14.9413 0.572032
14.9514 0.571357
14.9587 0.570642
14.9676 0.569952
14.9489 0.569501
14.9669 0.569029
14.9971 0.569078
14.9976 0.568325
15.0005 0.56758
15.0467 0.568707
15.0298 0.568207
15.0276 0.567463
15.008 0.567056
14.9901 0.566591
15.0172 0.566496
15.0916 0.570621
15.0746 0.570129
15.062 0.569521
15.0684 0.568813
15.0651 0.568081
15.0673 0.567346
15.0486 0.566914
15.0343 0.56636
15.0916 0.568515
15.1754 0.573931
15.1744 0.573189
15.1592 0.572651
15.1629 0.571925
15.153 0.571274
15.187 0.571549
15.1886 0.570817
15.1773 0.570196
15.1762 0.569466
15.1619 0.568918
15.1455 0.568425
15.1486 0.567707
15.1876 0.568319
15.1733 0.567773
15.1642 0.567124
15.1567 0.566454
15.1436 0.565886
15.1246 0.565487
15.1353 0.564872
15.1434 0.564215
15.1302 0.563657
15.1185 0.563068
15.0995 0.562678
15.0805 0.562291
15.0672 0.561741
15.0612 0.561069
15.0876 0.560988
15.1046 0.560541
15.1226 0.560131
15.1353 0.559575
15.1488 0.55904
15.1474 0.558345
15.1429 0.557669
15.1278 0.557181
15.1253 0.556495
15.1086 0.556058
15.0949 0.555537
15.1096 0.555044
15.0921 0.554633
15.079 0.554105
15.0837 0.553443
15.0987 0.552966
15.1508 0.554733
15.1415 0.55413
15.123 0.55376
15.1055 0.553358
15.087 0.55299
15.0728 0.552498
15.0544 0.552129
15.0371 0.551728
15.019 0.551353
15.059 0.552129
15.0521 0.551501
15.0347 0.551108
15.0185 0.550678
15.0152 0.550022
15 0.54957
15.0028 0.548914
15.011 0.548314
15.005 0.547687
14.9875 0.547308
14.9727 0.546852
14.9825 0.546285
14.9782 0.545648
14.9967 0.545309
15.0154 0.54498
14.9975 0.544624
14.9797 0.544266
14.9644 0.543833
14.9478 0.543441
14.9384 0.542875
14.9207 0.54252
14.9343 0.542048
14.919 0.541623
14.9022 0.541245
14.9129 0.540712
14.9009 0.540208
14.8844 0.539823
14.8725 0.539319
14.8705 0.538689
14.8609 0.538142
14.8435 0.537792
14.8445 0.537164
14.85 0.536564
14.8588 0.536008
14.8535 0.535409
14.8417 0.534915
14.8322 0.534376
14.8184 0.533932
14.8075 0.533424
14.7974 0.532901
14.8053 0.532343
14.7882 0.532003
14.7772 0.531501
14.7799 0.530895
14.7629 0.530556
14.7481 0.530149
14.7389 0.52962
14.7266 0.529155
14.7325 0.528581
14.7763 0.529785
14.8006 0.529736
14.7979 0.529136
14.7829 0.528745
14.7687 0.528333
14.7597 0.527807
14.7449 0.527414
14.736 0.526889
14.7195 0.526547
14.7128 0.525993
14.7136 0.525397
14.7218 0.524866
14.7052 0.524537
14.7101 0.523967
14.7229 0.523532
14.7359 0.523103
14.7582 0.522991
14.7631 0.522425
14.7508 0.521983
14.751 0.521397
14.7354 0.521044
14.7199 0.520692
14.7242 0.520127
14.718 0.519583
14.7035 0.519207
14.6987 0.51865
14.683 0.51831
14.675 0.517794
14.6804 0.517246
14.6666 0.516856
14.6594 0.516334
14.6784 0.516111
14.6621 0.515796
14.6461 0.515474
14.6386 0.51496
14.6224 0.514646
14.6159 0.51412
14.6139 0.513558
14.6019 0.513134
14.5928 0.512652
14.583 0.512185
14.5825 0.511624
14.5819 0.511064
14.5808 0.510507
14.5713 0.510039
14.5587 0.509637
14.5447 0.509275
14.5349 0.508815
14.5408 0.508295
14.5651 0.508325
14.5564 0.507849
14.5586 0.507304
14.5516 0.506803
14.5905 0.507745
14.5763 0.507397
14.5758 0.506849
14.5932 0.506602
14.5871 0.506094
14.5714 0.505792
14.5703 0.50525
14.5864 0.504966
14.584 0.50443
14.5814 0.503897
14.6094 0.504135
14.6071 0.503601
14.6045 0.503071
14.5956 0.502612
14.6149 0.502446
14.5993 0.502152
14.5898 0.50171
14.601 0.501304
14.6078 0.500819
14.6451 0.501675
14.6558 0.501259
14.6624 0.500772
14.6641 0.500246
14.6732 0.4998
14.7011 0.500054
14.7022 0.499529
14.725 0.499524
14.7223 0.499006
14.7071 0.498714
14.7291 0.498676
14.7229 0.498193
14.7251 0.497676
14.7371 0.497303
14.7716 0.497973
14.7623 0.497541
14.7705 0.497092
14.7679 0.496581
14.756 0.496207
14.7742 0.496024
14.8316 0.498826
14.8519 0.498722
14.8685 0.498482
14.8534 0.498194
14.8433 0.497783
14.8636 0.497683
14.8965 0.49826
14.8914 0.497773
14.89 0.497263
14.9 0.496854
14.8926 0.496399
14.8777 0.496115
14.8624 0.495841
14.8564 0.49537
14.8557 0.494864
14.8686 0.494529
14.8706 0.494028
14.8671 0.493536
14.8524 0.493254
14.8479 0.492772
14.851 0.492281
14.8752 0.492374
14.8642 0.491998
14.8494 0.491723
14.8424 0.491274
14.8274 0.491007
14.8141 0.490692
14.7994 0.490416
14.7929 0.489966
14.7958 0.489481
14.7863 0.489081
14.7783 0.488656
14.7635 0.48839
14.7507 0.488066
14.8152 0.491813
14.8052 0.491421
14.7927 0.49109
