0.193892 0
6.26327 4.2917
5.31893 2.96321
4.44553 2.3476
3.68796 1.99657
3.99943 1.68793
3.79133 1.45957
3.65292 1.28367
4.14935 1.2333
3.74137 1.17552
4.77415 1.45316
5.32628 1.43312
4.95085 1.37117
4.67966 1.29977
4.36768 1.25
4.0947 1.20132
3.98883 1.13531
3.77565 1.09207
3.69513 1.03755
3.59629 0.990372
4.9984 1.66191
4.97104 1.58659
4.75561 1.53217
4.55746 1.48108
4.37878 1.43258
4.37652 1.37748
4.21659 1.33571
4.07853 1.29513
4.16151 1.25312
4.24039 1.21383
4.76622 1.28352
4.91294 1.25177
4.76407 1.22266
4.62395 1.1947
4.52181 1.16493
4.40865 1.13805
4.64178 1.13092
5.25335 1.25568
5.23922 1.22356
5.30977 1.195
5.53136 1.18622
5.42813 1.16246
5.67288 1.16091
5.74874 1.137
5.63394 1.11751
5.53939 1.09721
5.56317 1.07413
5.98584 1.13186
6.00905 1.10899
5.90511 1.09167
5.83519 1.07251
5.72673 1.05735
5.65111 1.0401
5.59592 1.0223
5.60335 1.00374
5.82034 1.009
5.72636 0.995666
5.63815 0.9824
5.54542 0.970115
5.65642 0.960276
5.57213 0.948226
5.48235 0.937173
5.39636 0.926233
5.31205 0.915591
5.23032 0.905145
5.18235 0.892701
5.2062 0.879695
5.27593 0.869518
5.23896 0.857702
5.17472 0.847852
5.1727 0.835913
5.10086 0.827384
5.06486 0.816833
4.99714 0.808597
4.93051 0.800556
4.87728 0.79179
4.82039 0.783548
4.781 0.774492
4.7228 0.766872
4.71872 0.757297
4.67567 0.74917
4.71489 0.741059
4.67823 0.733037
4.67051 0.724351
4.70428 0.716616
4.6881 0.708466
4.7616 0.704124
4.81516 0.698157
4.76105 0.692406
4.75346 0.684754
4.90261 0.693281
4.88773 0.685905
4.83677 0.68042
5.13544 0.73582
5.29659 0.745511
5.25227 0.739062
5.20751 0.732797
5.16064 0.726817
5.14651 0.719612
5.17693 0.713059
5.14006 0.706952
5.08966 0.701815
5.17602 0.700295
5.22405 0.695206
5.1743 0.690363
5.19814 0.684262
5.43055 0.71625
5.6211 0.734528
5.69592 0.73159
5.66846 0.725455
5.61739 0.720714
5.56724 0.716022
5.51985 0.711252
5.47739 0.706279
5.42989 0.701733
5.4911 0.698348
5.60721 0.701965
5.5607 0.697555
5.51397 0.693257
5.46802 0.689001
5.42596 0.684589
5.42209 0.678989
5.378 0.674898
5.33463 0.670847
5.29196 0.666837
5.26516 0.662083
5.2563 0.656929
5.22072 0.652759
5.18024 0.648953
5.23523 0.646286
5.27325 0.64247
5.23929 0.638499
5.1999 0.634913
5.16109 0.631359
5.12402 0.62777
5.14026 0.623364
5.20074 0.62174
5.1646 0.618285
5.12744 0.614952
5.09974 0.611183
5.06417 0.607882
5.10702 0.60511
5.07281 0.601844
5.18932 0.608838
5.21969 0.605396
5.31884 0.609315
5.4393 0.616963
5.59978 0.633322
5.68902 0.635327
5.6511 0.632223
5.61378 0.629137
5.6026 0.625097
5.56598 0.622083
5.63774 0.622169
5.63437 0.618164
5.60991 0.614685
5.57598 0.611706
5.57133 0.607852
5.54308 0.604685
5.509 0.601865
5.51638 0.598172
5.64132 0.607389
5.76967 0.617075
5.86162 0.620126
5.92378 0.619475
5.97835 0.618142
6.0325 0.616807
6.01605 0.613355
5.98599 0.610462
5.9684 0.607124
5.9335 0.604576
5.90417 0.601772
5.87004 0.59926
5.83631 0.596765
5.80313 0.594277
5.77025 0.591809
5.85803 0.594941
5.90717 0.593624
5.87512 0.591172
5.98211 0.597492
5.97117 0.594291
5.93884 0.591904
5.93347 0.588694
5.90429 0.586218
5.9778 0.58764
5.95151 0.585068
5.92187 0.58269
5.92304 0.579592
5.95498 0.577405
5.92364 0.575216
5.92866 0.572226
5.9731 0.570968
6.00935 0.56916
5.97845 0.567064
5.95957 0.564471
5.92916 0.562409
5.93365 0.559572
5.90424 0.557519
5.87628 0.555418
5.85376 0.553097
5.86059 0.550387
5.93956 0.553299
5.91806 0.550991
5.88905 0.549053
5.87693 0.546508
5.85089 0.544475
5.82971 0.542257
5.80954 0.540025
5.79616 0.537607
5.79638 0.535047
5.77058 0.533133
5.74349 0.531306
5.77028 0.529486
5.74354 0.527687
5.71685 0.525907
5.69085 0.524114
5.66463 0.522354
5.64939 0.520181
5.62606 0.518328
5.63133 0.515999
5.6424 0.513783
5.64395 0.511471
5.61864 0.509803
5.59698 0.507987
5.57211 0.506338
5.58527 0.504268
5.67365 0.509733
5.70173 0.50827
5.74851 0.508199
5.73007 0.506324
5.70708 0.504654
5.70594 0.50248
5.72026 0.500527
5.77301 0.50116
5.76194 0.499149
5.7759 0.49723
5.79936 0.495684
5.77499 0.4942
5.75084 0.492722
5.72848 0.491176
5.72834 0.489138
5.7068 0.487591
5.68636 0.486013
5.66599 0.484448
5.69204 0.48317
5.7641 0.48655
5.76189 0.484585
5.73866 0.483188
5.71615 0.481771
5.72289 0.479891
5.70461 0.478328
5.70921 0.476452
5.69892 0.47468
5.68069 0.473161
5.66842 0.471464
5.65244 0.469893
5.63421 0.468419
5.61237 0.467112
5.61528 0.465317
5.60863 0.463575
5.58986 0.462179
5.59373 0.460431
5.60601 0.458844
5.58478 0.457597
5.57198 0.456049
5.56382 0.454408
5.54298 0.453184
5.5232 0.451924
5.51171 0.45039
5.4913 0.449184
5.47103 0.447984
5.45092 0.446788
5.43095 0.445597
5.42812 0.44398
5.41129 0.442684
5.40062 0.441209
5.38117 0.440045
5.36181 0.438887
5.35406 0.437383
5.36042 0.435867
5.3416 0.434722
5.32399 0.433536
5.32313 0.432005
5.36734 0.432741
5.37247 0.431253
5.37692 0.429768
5.3916 0.428521
5.37702 0.427281
5.35865 0.426198
5.34018 0.425128
5.32182 0.424063
5.32738 0.422647
5.31435 0.421406
5.30653 0.420045
5.28902 0.418986
5.31531 0.418395
5.37782 0.421629
5.36035 0.420576
5.36095 0.419169
5.39532 0.419179
5.38726 0.417863
5.3718 0.416766
5.43206 0.419724
5.46728 0.419819
5.47612 0.418536
5.45823 0.41755
5.44842 0.416305
5.44064 0.415026
5.42303 0.414056
5.4058 0.413079
5.39079 0.412024
5.38497 0.410744
5.38208 0.409442
5.36497 0.408495
5.34794 0.407553
5.3388 0.406366
5.40195 0.409962
5.38496 0.409025
5.36808 0.408091
5.35139 0.407157
5.33493 0.406221
5.31837 0.405297
5.31224 0.404088
5.34318 0.404024
5.32903 0.403029
5.31566 0.402014
5.33036 0.401054
5.32058 0.39995
5.3081 0.398929
5.33345 0.398525
5.32004 0.397547
5.30453 0.396652
5.29974 0.39549
5.31947 0.394798
5.30611 0.393845
5.31616 0.392801
5.30039 0.391952
5.30761 0.390859
5.29631 0.38987
5.28092 0.389026
5.26544 0.388194
5.25017 0.387359
5.23516 0.38652
5.22323 0.38558
5.20816 0.384757
5.19347 0.383926
5.18374 0.382943
5.17776 0.381889
5.16812 0.380916
5.17602 0.37991
5.17236 0.378845
5.18683 0.378046
5.20824 0.37758
5.23982 0.377832
5.23913 0.376768
5.23241 0.37577
5.2847 0.378337
5.30735 0.377958
5.29386 0.377145
5.28779 0.376147
5.27353 0.375375
5.27389 0.374338
5.27442 0.373307
5.29997 0.373155
5.28985 0.37227
5.27823 0.371434
5.26386 0.3707
5.25 0.369951
5.23604 0.369212
5.22189 0.368485
5.20781 0.367761
5.19446 0.367015
5.1885 0.366079
5.19057 0.365106
5.20119 0.364287
5.18736 0.363581
5.1736 0.362877
5.15991 0.362175
5.16086 0.36122
5.16347 0.360279
5.15142 0.359535
5.14759 0.358614
5.13415 0.35793
5.13793 0.357018
5.13659 0.356093
5.14388 0.355245
5.15897 0.354647
5.14574 0.35398
5.13262 0.353313
5.16216 0.353639
5.16213 0.352735
5.14896 0.352081
5.13597 0.351425
5.12779 0.350628
5.12792 0.34974
5.11497 0.349097
5.13813 0.348985
5.14833 0.348257
5.13616 0.347597
5.12794 0.346825
5.11602 0.346165
5.12691 0.345475
5.12289 0.344641
5.1168 0.343842
5.11686 0.342993
5.1066 0.342301
5.11486 0.34156
5.11312 0.340727
5.1149 0.339899
5.11519 0.33907
5.11432 0.338246
5.10191 0.337652
5.13754 0.33871
5.13344 0.337917
5.12107 0.337329
5.10876 0.336742
5.09651 0.336158
5.09293 0.335373
5.11725 0.335453
5.10798 0.334782
5.09974 0.334088
5.08766 0.333515
5.11412 0.333775
5.10279 0.33318
5.09291 0.332543
5.11861 0.332754
5.10724 0.332169
5.0953 0.331607
5.08346 0.331046
5.07183 0.33048
5.0602 0.329918
5.06566 0.3292
5.05399 0.328646
5.04235 0.328095
5.03211 0.327501
5.02056 0.326953
5.02455 0.326229
5.01635 0.325587
5.00496 0.325045
4.99582 0.324435
4.99299 0.323711
5.00274 0.323126
4.99663 0.322454
4.99968 0.321742
4.9885 0.321214
5.04719 0.325811
5.07744 0.326483
5.07922 0.325759
5.06895 0.325196
5.08009 0.324664
5.0706 0.324082
5.08201 0.323566
5.07259 0.322989
5.09043 0.322771
5.09656 0.322119
5.11312 0.321839
5.14267 0.322488
5.16273 0.322407
5.17839 0.322085
5.17666 0.32139
5.19197 0.321057
5.21906 0.321504
5.20779 0.321007
5.19844 0.320451
5.19152 0.319837
5.22719 0.321132
5.22278 0.320475
5.22509 0.319799
5.21479 0.319283
5.20369 0.318796
5.19265 0.318311
5.19424 0.31764
5.18484 0.317108
5.19712 0.316676
5.22035 0.316861
5.23044 0.316356
5.22828 0.3157
5.21994 0.315149
5.20923 0.314674
5.20064 0.314135
5.19782 0.313495
5.19109 0.312916
5.1823 0.312392
5.17791 0.311777
5.16784 0.311297
5.16136 0.310724
5.1758 0.310421
5.18711 0.309991
5.18641 0.309358
5.18137 0.308768
5.17082 0.308319
5.17151 0.307693
5.17058 0.307071
5.18391 0.306738
5.18058 0.306137
5.17013 0.305698
5.16662 0.305103
5.15862 0.304595
5.16049 0.30399
5.15116 0.303525
5.16658 0.303311
5.1646 0.302713
5.15433 0.302285
5.1441 0.301858
5.13677 0.30135
5.12917 0.30085
5.12452 0.300293
5.12026 0.299732
5.11663 0.299165
5.1227 0.29864
5.11406 0.29818
5.10407 0.297765
5.095 0.297323
5.08508 0.29691
5.07521 0.296497
5.0654 0.296085
5.06521 0.295512
5.11856 0.299719
5.13608 0.299653
5.13127 0.299115
5.1427 0.298759
5.18653 0.301386
5.19427 0.300909
5.1855 0.300462
5.17563 0.300052
5.16733 0.299597
5.15793 0.299176
5.14816 0.298768
5.16134 0.298494
5.16711 0.297987
5.19344 0.298587
5.22562 0.299755
5.21777 0.299295
5.21127 0.298805
5.20562 0.2983
5.19605 0.297897
5.18637 0.2975
5.17946 0.297027
5.19317 0.296792
5.184 0.296384
5.17442 0.295991
5.16687 0.295541
5.15736 0.29515
5.17289 0.295016
5.17702 0.294503
5.18794 0.294166
5.18199 0.293689
5.17254 0.293305
5.19058 0.293326
5.19827 0.292893
5.1922 0.292424
5.18453 0.291995
5.1862 0.291472
5.20271 0.291413
5.20732 0.290924
5.20628 0.290403
5.23464 0.291263
5.24352 0.290876
5.24159 0.290362
5.26064 0.290468
5.25133 0.2901
5.25829 0.289667
5.27064 0.289415
5.2963 0.290038
5.28895 0.289618
5.27961 0.289257
5.2703 0.288896
5.2811 0.28859
5.32175 0.290931
5.31241 0.29057
5.31049 0.290068
5.30133 0.289705
5.29208 0.289347
5.30937 0.28936
5.3085 0.288858
5.32396 0.28877
5.31478 0.288415
5.30716 0.288017
5.30398 0.287537
5.30374 0.287041
5.29483 0.286685
5.28573 0.286337
5.27775 0.285957
5.26871 0.28561
5.2597 0.285264
5.25073 0.284918
5.24196 0.284568
5.23552 0.284157
5.23293 0.283686
5.2308 0.283213
5.25946 0.284181
5.26737 0.283811
5.29591 0.284764
5.35773 0.290916
5.35118 0.290501
5.3422 0.290152
5.33326 0.289804
5.32458 0.28945
5.31581 0.289099
5.3281 0.288878
5.34112 0.288691
5.33376 0.288305
5.33237 0.28783
5.3323 0.287354
5.35899 0.288116
5.36173 0.287654
5.35316 0.287308
5.36526 0.28709
5.35837 0.286702
5.35478 0.286254
5.34601 0.28592
5.3457 0.285453
5.33729 0.285111
5.33306 0.284678
5.36639 0.286158
5.37041 0.285722
5.36171 0.285392
5.35303 0.285062
5.34649 0.284676
5.33788 0.284347
5.33185 0.283953
5.35136 0.284166
5.36349 0.283968
5.36195 0.283517
5.35503 0.283148
5.35932 0.282728
5.35077 0.282407
5.34225 0.282086
5.3338 0.281764
5.32536 0.281443
5.31778 0.281099
5.30973 0.280769
5.3159 0.280394
5.30752 0.280077
5.29996 0.279738
5.29201 0.279411
5.28397 0.279088
5.28632 0.27866
5.27805 0.278347
5.27037 0.278018
5.26383 0.277661
5.2557 0.277347
5.24753 0.277036
5.23938 0.276726
5.23148 0.27641
5.22338 0.276101
5.2182 0.275723
5.24572 0.276668
5.24105 0.276281
5.23298 0.275974
5.25119 0.27615
5.25385 0.275739
5.26798 0.275678
5.30099 0.277226
5.3065 0.276858
5.29989 0.276515
5.29218 0.276201
5.28935 0.275796
5.28744 0.275384
5.28089 0.275045
5.27393 0.274717
5.26596 0.274417
5.25802 0.274118
5.25121 0.27379
5.24331 0.273492
5.23545 0.273194
5.22799 0.272887
5.23472 0.272561
5.24674 0.272418
5.26973 0.272981
5.26659 0.272592
5.2783 0.272437
5.27045 0.272145
5.26374 0.271824
5.2696 0.271485
5.27842 0.271226
5.31222 0.272924
5.30517 0.272613
5.29736 0.272323
5.28957 0.272034
5.28943 0.271634
5.30189 0.271522
5.30021 0.271129
5.29247 0.270844
5.28479 0.270557
5.27709 0.270272
5.26941 0.269988
5.26816 0.269598
5.26558 0.269219
5.25795 0.268937
5.251 0.268638
5.24341 0.268357
5.24826 0.268013
5.2439 0.267663
5.26065 0.267802
5.25423 0.267494
5.25013 0.267142
5.27416 0.267838
5.27578 0.26746
5.26825 0.267184
5.2636 0.266843
5.25708 0.266543
5.24968 0.266266
5.24288 0.265975
5.23544 0.265702
5.23804 0.265338
5.25029 0.265245
5.24287 0.264974
5.25044 0.264708
5.26511 0.264742
5.25771 0.264473
5.25032 0.264205
5.24296 0.263937
5.23598 0.26366
5.22866 0.263393
5.22135 0.263126
5.21424 0.262855
5.21233 0.262496
5.20508 0.262231
5.20145 0.261892
5.19573 0.261591
5.19293 0.261244
5.18575 0.260981
5.17859 0.260719
5.17931 0.26036
5.17992 0.260002
5.17279 0.259742
5.17004 0.2594
5.17636 0.259122
5.17434 0.258774
5.17913 0.258465
5.17315 0.258181
5.18179 0.257973
5.1772 0.257662
5.17095 0.257388
5.16393 0.257134
5.15692 0.25688
5.15197 0.25658
5.145 0.256327
5.13805 0.256075
5.13132 0.255818
5.12555 0.255538
5.1213 0.25523
5.11541 0.254955
5.11113 0.254648
5.11214 0.254309
5.10968 0.25398
5.12166 0.253923
5.11862 0.253602
5.11188 0.253354
5.10507 0.253108
5.12237 0.253361
5.11597 0.253106
5.10919 0.252861
5.10833 0.252527
5.10636 0.252201
5.09961 0.251958
5.09735 0.251636
5.09066 0.251393
5.1158 0.252317
5.11989 0.252018
5.11317 0.251777
5.10647 0.251536
5.12007 0.251575
5.12654 0.251329
5.11985 0.25109
5.11378 0.250836
5.10829 0.250569
5.11108 0.250259
5.10718 0.249964
5.10055 0.249728
5.09394 0.249492
5.08874 0.249223
5.0864 0.248912
5.08678 0.248591
5.08307 0.248299
5.07658 0.248064
5.07937 0.247761
5.0772 0.247452
5.07088 0.247216
5.07693 0.246973
5.08596 0.246823
5.07953 0.246591
5.07305 0.246362
5.07281 0.246048
5.06781 0.245786
5.0614 0.245557
5.05563 0.245313
5.06448 0.245162
5.05891 0.244915
5.05251 0.244689
5.05028 0.24439
5.05026 0.244082
5.06757 0.244387
5.09121 0.24522
5.09443 0.244933
5.10976 0.245105
5.10335 0.244882
5.09697 0.244659
5.0907 0.244433
5.08434 0.244211
5.078 0.243988
5.07239 0.243749
5.07606 0.243474
5.08423 0.243308
5.07826 0.243079
5.09023 0.243073
5.09853 0.242914
5.09223 0.242695
5.09861 0.242479
5.10782 0.242355
5.10153 0.242138
5.09526 0.241922
5.089 0.241706
5.08812 0.241411
5.0986 0.241342
5.09969 0.241049
5.12849 0.242468
5.12766 0.242174
5.13171 0.241912
5.13434 0.241632
5.1453 0.241586
5.13905 0.241374
5.14028 0.241084
5.14478 0.240834
5.14242 0.240554
5.1363 0.240341
5.1357 0.240051
5.12963 0.239838
5.12383 0.23962
5.11792 0.239404
5.12921 0.239382
5.13685 0.239217
5.13073 0.239008
5.12482 0.238795
5.11869 0.238588
5.11709 0.238308
5.13121 0.238442
5.1427 0.238434
5.14592 0.238172
5.14986 0.237922
5.1447 0.237695
5.15816 0.237794
5.15227 0.237585
5.15714 0.237354
5.16057 0.237098
5.15448 0.236896
5.15616 0.236623
5.1608 0.23639
5.15657 0.236149
5.15067 0.235945
5.15091 0.235669
5.16669 0.235919
5.16106 0.23571
5.15543 0.235502
5.1495 0.235301
5.14724 0.235038
5.15022 0.234783
5.15514 0.234561
5.15468 0.234288
5.15178 0.234034
5.14656 0.233821
5.14148 0.233605
5.16159 0.234199
5.16526 0.233957
5.16499 0.233687
5.18426 0.234211
5.1956 0.234215
5.19037 0.234004
5.19052 0.233735
5.1854 0.233523
5.17945 0.233331
5.17352 0.233139
5.16779 0.232943
5.16749 0.232677
5.16363 0.232443
5.15782 0.232251
5.15688 0.231988
5.15206 0.231774
5.15711 0.231566
5.15413 0.231322
5.14957 0.231105
5.14507 0.230887
5.16299 0.23132
5.16216 0.23106
5.15634 0.230873
5.15052 0.230686
5.14472 0.230499
5.14459 0.23024
5.15041 0.230055
5.1448 0.229865
5.14364 0.22961
5.1533 0.229556
5.14914 0.229337
5.1441 0.229136
5.14446 0.228881
5.13978 0.228673
5.14561 0.228493
5.14468 0.228241
5.14033 0.228029
5.1388 0.227781
5.13836 0.227529
5.13327 0.227333
5.1407 0.227203
5.15964 0.22774
5.15983 0.227489
5.18761 0.228928
5.18262 0.22873
5.17962 0.228499
5.18533 0.228319
5.18526 0.228068
5.18259 0.227834
5.17698 0.227653
5.17163 0.227467
5.16598 0.227289
5.16433 0.227046
5.16572 0.226803
5.16752 0.226563
5.1762 0.226483
5.17064 0.226305
5.16503 0.226129
5.16667 0.225889
5.16355 0.225666
5.16936 0.225497
5.16416 0.225313
5.17705 0.225438
5.17223 0.225246
5.16869 0.225031
5.17717 0.224949
5.19927 0.22579
5.20012 0.225549
5.19455 0.225376
5.20004 0.225201
5.20155 0.224965
5.19599 0.224793
5.19526 0.224554
5.19003 0.224375
5.19112 0.224139
5.18561 0.223968
5.19697 0.224017
5.19707 0.223779
5.19155 0.22361
5.18604 0.22344
5.18055 0.223271
5.17536 0.223095
5.16991 0.222926
5.16513 0.222742
5.15969 0.222573
5.15425 0.222405
5.14886 0.222236
5.14345 0.222069
5.14012 0.22186
5.14804 0.221769
5.1427 0.221601
5.14946 0.221472
5.14747 0.221249
5.14209 0.221083
5.13672 0.220917
5.13311 0.220717
5.12776 0.220551
5.12982 0.220332
5.13755 0.220238
5.13221 0.220074
5.12689 0.21991
5.12158 0.219746
5.11628 0.219583
5.12328 0.219467
5.11937 0.219276
5.11409 0.219113
5.10882 0.21895
5.10423 0.218773
5.10062 0.218578
5.09541 0.218415
5.09648 0.218193
5.10221 0.218045
5.1252 0.21903
5.12218 0.218826
5.11714 0.21866
5.11192 0.218499
5.10691 0.218334
5.10195 0.218168
5.10568 0.217977
5.10145 0.217797
5.09768 0.217608
5.09251 0.217448
5.09008 0.217241
5.09821 0.217173
5.09349 0.217005
5.10934 0.217364
5.11136 0.217153
5.11934 0.217081
5.12694 0.216995
5.12276 0.216816
5.12385 0.216601
5.12649 0.216399
5.16013 0.218782
5.18226 0.219679
5.17707 0.21952
5.20421 0.220973
5.20961 0.220818
