3.95067 0
4.9805 0.728198
5.51169 0.650988
5.07343 0.618409
5.26841 0.524563
5.31974 0.43964
5.3698 0.379675
5.40151 0.333537
5.46549 0.302551
5.50927 0.275445
5.4767 0.252322
5.63154 0.274727
5.59226 0.256386
5.60468 0.238374
5.61221 0.222601
5.56204 0.214267
5.56466 0.201679
5.51749 0.195913
5.54131 0.187044
5.48222 0.186793
5.51419 0.180614
5.53608 0.173726
5.48607 0.173221
5.4719 0.166583
5.47345 0.159926
5.48094 0.153951
5.44163 0.153188
5.43401 0.147906
5.42408 0.143139
5.4596 0.142708
5.49487 0.142395
5.54863 0.147746
5.51857 0.146296
5.5103 0.142227
5.49811 0.138684
5.53134 0.138758
5.51774 0.135672
5.5378 0.133576
5.54717 0.130479
5.5771 0.130606
5.60667 0.130723
5.59783 0.12791
5.61057 0.125568
5.6061 0.122794
5.60081 0.120179
5.58118 0.119158
5.58154 0.116623
5.59214 0.114674
5.60142 0.112709
5.56701 0.115586
5.5658 0.113326
5.55497 0.111662
5.54602 0.109914
5.53193 0.108779
5.52999 0.106818
5.54243 0.105632
5.52697 0.104904
5.53696 0.10357
5.54785 0.102386
5.54237 0.100826
5.54835 0.0993502
5.54521 0.0977974
5.54163 0.0963104
5.53922 0.0948358
5.5213 0.0950535
5.50241 0.095472
5.52569 0.0968433
5.52854 0.0954611
5.53849 0.0945945
5.52919 0.0936989
5.5354 0.0925846
5.52084 0.0924366
5.52058 0.0911707
5.51576 0.0900663
5.50812 0.0891885
5.49376 0.0891642
5.50787 0.0891161
5.51832 0.088584
5.52736 0.0879228
5.53265 0.0869829
5.5331 0.0859102
5.53523 0.0848891
5.53667 0.0838785
5.51627 0.0853258
5.52991 0.0854048
5.54303 0.085414
5.52309 0.0867282
5.52331 0.085743
5.51525 0.0851576
5.51015 0.0843642
5.50292 0.0837461
5.51823 0.0842233
5.49917 0.0854473
5.51619 0.0862178
5.54488 0.089957
5.54653 0.0890349
5.55031 0.0881975
5.54508 0.0874526
5.54463 0.0865704
5.54663 0.085728
5.55925 0.0858029
5.55721 0.0849861
5.55135 0.0843625
5.56475 0.0846086
5.55686 0.0841701
5.56486 0.0837554
5.56552 0.0829753
5.57798 0.0831361
5.5862 0.0827795
5.58604 0.0820272
5.573 0.0823189
5.55417 0.0837088
5.54513 0.0834553
5.53481 0.0833582
5.52548 0.0831543
5.52266 0.0824853
5.53283 0.082406
5.53296 0.0817078
5.51707 0.0825517
5.50538 0.0826868
5.50285 0.0820422
5.49846 0.0814868
5.49633 0.0808523
5.49519 0.0802082
5.4849 0.0802238
5.47543 0.0801445
5.47708 0.0795305
5.46884 0.0793348
5.45708 0.0795864
5.45621 0.078979
5.45516 0.078383
5.46428 0.0783178
5.45037 0.0789544
5.44274 0.0787336
5.43577 0.0784577
5.44293 0.0782066
5.44233 0.0776381
5.44399 0.0770932
5.43182 0.0774929
5.43069 0.0769476
5.42387 0.0767035
5.42765 0.076256
5.42713 0.0757245
5.43065 0.0752803
5.44078 0.0754393
5.44282 0.0749503
5.44909 0.0747017
5.45257 0.0742782
5.46374 0.0746151
5.46113 0.0741633
5.45483 0.073939
5.45448 0.0734534
5.45151 0.0730335
5.45468 0.0726283
5.46441 0.0728085
5.46556 0.0723508
5.46504 0.0718918
5.46352 0.071453
5.46322 0.0710042
5.46301 0.0705607
5.4572 0.0703618
5.46212 0.0700996
5.47119 0.0702536
5.47858 0.0702133
5.48211 0.0698764
5.49486 0.0706093
5.49753 0.0702369
5.5025 0.0699939
5.50195 0.0695818
5.49885 0.0692415
5.49571 0.0689077
5.49419 0.068524
5.49339 0.0681325
5.48665 0.0680735
5.48488 0.0677075
5.48656 0.0673435
5.48516 0.0669775
5.49848 0.0679125
5.50091 0.0675766
5.50089 0.0672012
5.5052 0.0669681
5.50199 0.0666773
5.49699 0.0665002
5.49725 0.0661393
5.49964 0.0658249
5.50442 0.065644
5.5054 0.0653003
5.50166 0.0650603
5.51013 0.065266
5.50694 0.0650007
5.50268 0.0647998
5.49897 0.0645686
5.50636 0.0646556
5.5043 0.0643551
5.49886 0.0642543
5.49942 0.0639288
5.49818 0.0636162
5.49805 0.0632951
5.49147 0.0633182
5.49142 0.0630016
5.4956 0.0628266
5.49875 0.0625942
5.49773 0.0622941
5.49283 0.0621816
5.49104 0.061904
5.48579 0.0618258
5.48655 0.0615319
5.48519 0.061251
5.48848 0.061046
5.48983 0.0607703
5.4869 0.0605528
5.48957 0.060326
5.49017 0.0600458
5.49259 0.059814
5.48764 0.0597405
5.48539 0.0595063
5.48227 0.0593135
5.47992 0.059088
5.47971 0.0588185
5.47903 0.0585552
5.48289 0.0584175
5.48235 0.0581568
5.47781 0.0580728
5.47599 0.0578421
5.47889 0.0576574
5.47962 0.057407
5.4895 0.0579969
5.48916 0.0577435
5.49725 0.0580544
5.49205 0.0580343
5.49079 0.0577967
5.4966 0.0578391
5.49928 0.0576528
5.5018 0.0574613
5.50419 0.0572666
5.49844 0.0573125
5.50049 0.0571075
5.50179 0.0568822
5.50088 0.0566514
5.50424 0.0565149
5.50471 0.0562824
5.50281 0.0560821
5.5035 0.0558555
5.50139 0.0556662
5.49893 0.0554934
5.50205 0.0553551
5.5035 0.05515
5.50234 0.0549397
5.4934 0.0554422
5.49623 0.0552929
5.50035 0.0552253
5.49951 0.0550125
5.50424 0.0549986
5.50124 0.0548641
5.50072 0.0546513
5.50032 0.0544393
5.50085 0.0542301
5.49862 0.054066
5.49479 0.0539928
5.49527 0.0537872
5.49387 0.0535994
5.49766 0.0535287
5.50292 0.0535832
5.49839 0.0535718
5.49254 0.0536877
5.49373 0.053499
5.49302 0.0533033
5.49202 0.0531137
5.49134 0.0529206
5.49053 0.0527308
5.48778 0.0526079
5.48411 0.0525425
5.47924 0.0525749
5.47701 0.0524306
5.48167 0.0524466
5.48228 0.0522602
5.48198 0.0520724
5.47949 0.0519448
5.47558 0.0519055
5.47888 0.0518248
5.47887 0.0516404
5.47765 0.0514718
5.48114 0.051408
5.48176 0.0512309
5.48124 0.0510538
5.48086 0.0508767
5.48198 0.0507117
5.48377 0.0505671
5.47767 0.050758
5.47845 0.0505889
5.47563 0.0504934
5.47283 0.0503981
5.47327 0.050228
5.47338 0.0500573
5.4684 0.0501354
5.47297 0.0501746
5.47548 0.0500685
5.47345 0.0499419
5.47178 0.0498028
5.47778 0.0499979
5.47668 0.049844
5.47727 0.0496825
5.478 0.049524
5.48157 0.0494892
5.48246 0.0493351
5.48084 0.0492006
5.48332 0.0491029
5.48843 0.0492083
5.48802 0.0490507
5.48719 0.0488995
5.48477 0.048802
5.48653 0.0486773
5.48612 0.0485236
5.48977 0.0485064
5.48699 0.0484323
5.48694 0.0482791
5.48937 0.0481883
5.48943 0.0480368
5.48738 0.0479298
5.48839 0.0477906
5.4888 0.0476435
5.48662 0.0475457
5.4862 0.0474002
5.4876 0.0472743
5.48796 0.0471303
5.48723 0.0469915
5.48469 0.0469164
5.48502 0.0467745
5.48028 0.046872
5.486 0.0470773
5.48952 0.0470663
5.48452 0.0471893
5.48579 0.0470648
5.48723 0.0469459
5.48735 0.0468059
5.48684 0.0466693
5.48373 0.0466343
5.48124 0.0465631
5.4818 0.0464292
5.48019 0.0463206
5.47832 0.0462226
5.47442 0.0462515
5.47565 0.0461331
5.47208 0.0461372
5.4733 0.0460196
5.47154 0.0459202
5.46793 0.0459293
5.46984 0.0458369
5.47117 0.0457249
5.46779 0.0457185
5.47268 0.0458484
5.47595 0.0458347
5.47903 0.0458082
5.47896 0.0456788
5.48066 0.0455815
5.48002 0.0454578
5.48082 0.0453375
5.4835 0.0452896
5.48279 0.045169
5.48221 0.0450472
5.48286 0.044927
5.47999 0.0448942
5.48073 0.0447767
5.4838 0.0447591
5.48479 0.0446473
5.48518 0.0445271
5.48673 0.0444324
5.48849 0.0443465
5.48347 0.0445089
5.48199 0.0444133
5.47891 0.0444004
5.47972 0.0442886
5.48099 0.0441878
5.48426 0.0441907
5.48325 0.0440844
5.48274 0.0439701
5.48079 0.0438968
5.47633 0.0440061
5.47425 0.0439393
5.47593 0.0438555
5.47289 0.0438452
5.4713 0.0437595
5.47011 0.0436612
5.47045 0.0435488
5.46966 0.0434428
5.46798 0.0433629
5.47215 0.0434507
5.47155 0.0433428
5.47052 0.0432436
5.4699 0.0431372
5.47017 0.0430278
5.46867 0.0429442
5.46867 0.0428349
5.4685 0.0427265
5.47109 0.0426964
5.46908 0.042636
5.46678 0.0425902
5.4729 0.0429202
5.47036 0.0428879
5.46923 0.0427954
5.46799 0.0427066
5.4691 0.0426147
5.47046 0.0425308
5.47077 0.0424266
5.47165 0.0423311
5.47189 0.0422275
5.47002 0.042165
5.46998 0.0420617
5.46643 0.0421089
5.4668 0.0420079
5.46638 0.0419078
5.46711 0.0418125
5.46611 0.0417233
5.46955 0.0417641
5.46607 0.0418083
5.46297 0.0418226
5.46098 0.0417695
5.45991 0.0416833
5.46118 0.0416034
5.46092 0.0415051
5.45814 0.0415
5.45678 0.0414239
5.45777 0.0413378
5.4613 0.0413905
5.45981 0.0413196
5.46269 0.0413226
5.46413 0.0412508
5.46383 0.0411555
5.46283 0.0410717
5.46182 0.0409886
5.46087 0.0409044
5.46071 0.0408101
5.46251 0.0407556
5.46376 0.0406808
5.46273 0.0406002
5.46057 0.0405645
5.45893 0.0405049
5.45981 0.040422
5.45925 0.0403337
5.45733 0.0402881
5.45649 0.0402055
5.45716 0.0401201
5.45623 0.0400403
5.45412 0.0400057
5.45499 0.0399254
5.4548 0.0398363
5.4592 0.0399904
5.46025 0.0399149
5.46082 0.03983
5.46283 0.039792
5.46405 0.0397227
5.46634 0.0397005
5.46577 0.0396169
5.46837 0.0396151
5.47204 0.0396972
5.47182 0.0396107
5.47302 0.0395422
5.47462 0.0394882
5.47596 0.0394249
5.47662 0.0393447
5.47648 0.0392596
5.48017 0.0393478
5.47983 0.0392644
5.4801 0.0391807
5.48056 0.0390992
5.47959 0.0390273
5.48308 0.0390995
5.48511 0.0390687
5.48524 0.0389856
5.48425 0.0389152
5.48327 0.038845
5.47888 0.03901
5.47871 0.0389279
5.47898 0.0388467
5.47863 0.0387666
5.48153 0.0387938
5.48251 0.0387247
5.48329 0.0386516
5.48316 0.0385711
5.4786 0.0387586
5.47802 0.0386825
5.47485 0.0387322
5.47757 0.0387477
5.47588 0.0387048
5.47515 0.0386318
5.47536 0.038553
5.47393 0.0385003
5.47409 0.0384218
5.47269 0.0383687
5.47322 0.038294
5.47229 0.0382273
5.4734 0.0381658
5.47388 0.0380914
5.47558 0.0380523
5.47813 0.0380606
5.47531 0.0380881
5.47392 0.0380368
5.47293 0.0379733
5.47318 0.037898
5.47459 0.0378483
5.47237 0.0378379
5.47455 0.0378255
5.47112 0.0379062
5.46895 0.0378927
5.46795 0.0378308
5.46797 0.0377561
5.46495 0.0378024
5.46576 0.0377365
5.46568 0.0376625
5.46679 0.0376051
5.46748 0.0375378
5.4643 0.037599
5.46304 0.0375466
5.46262 0.037476
5.4618 0.0374121
5.46075 0.0373544
5.45983 0.0372935
5.46084 0.0372352
5.46676 0.0376313
5.46729 0.0375627
5.46703 0.0374915
5.46922 0.0374832
5.47332 0.0376351
5.47292 0.0375654
5.47111 0.0375377
5.47055 0.0374705
5.47229 0.03744
5.4695 0.0374732
5.46747 0.0374569
5.46625 0.0374062
5.46829 0.0373913
5.47038 0.0373796
5.47305 0.0374042
5.47318 0.0373344
5.47616 0.0373835
5.4747 0.0373426
5.47461 0.0372731
5.47398 0.0372092
5.47087 0.0372698
5.47009 0.0372088
5.4677 0.0372169
5.46777 0.0371483
5.46488 0.0371922
5.46431 0.0371282
5.4663 0.0371139
5.46576 0.0370499
5.46857 0.0370883
5.46888 0.0370219
5.46979 0.0369657
5.4722 0.0369772
5.47228 0.0369101
5.47168 0.0368481
5.47331 0.0368174
5.47426 0.0367632
5.47554 0.0367193
5.47464 0.0366643
5.47426 0.0366005
5.47824 0.0367508
5.47787 0.036687
5.4783 0.036624
5.47943 0.0365762
5.47812 0.0365344
5.47995 0.0365154
5.48061 0.0364565
5.48062 0.036392
5.48051 0.0363278
5.47914 0.0362894
5.47785 0.0362484
5.48288 0.0365319
5.4811 0.0365115
5.47847 0.036542
5.47805 0.0364805
5.47466 0.0365739
5.47426 0.0365124
5.47516 0.0364599
5.47646 0.03642
5.47607 0.036359
5.47542 0.0363019
5.47499 0.0362417
5.47614 0.0361974
5.47635 0.0361357
5.47514 0.036094
5.47451 0.0360376
5.47454 0.0359759
5.47166 0.0360293
5.46846 0.0361095
5.46919 0.0360553
5.46948 0.0359952
5.46923 0.035935
5.46942 0.0358746
5.47184 0.0358957
5.47453 0.0359353
5.47542 0.0358858
5.47872 0.0359764
5.47893 0.0359166
5.47868 0.0358572
5.47629 0.0358769
5.47318 0.0359515
5.47075 0.0359735
5.46959 0.0359321
5.47003 0.035875
5.46932 0.0358224
5.4702 0.0357737
5.47026 0.0357146
5.47364 0.0358152
5.47593 0.0358295
5.47548 0.0357733
5.47485 0.03572
5.47483 0.0356613
5.47411 0.0356102
5.47133 0.0356602
5.47052 0.035611
5.47029 0.0355536
5.46855 0.0355386
5.46993 0.0355078
5.47297 0.0355801
5.47269 0.0355236
5.47026 0.0355489
5.46922 0.0355068
5.46864 0.0354541
5.46797 0.0354035
5.46835 0.0353486
5.46802 0.0352934
5.47 0.0352925
5.47012 0.0352362
5.4703 0.0351804
5.4697 0.0351294
5.46795 0.0351167
5.46773 0.0350615
5.4661 0.0350438
5.46586 0.0349891
5.46654 0.0349402
5.46511 0.0349143
5.46526 0.0348595
5.46386 0.0348326
5.46502 0.0347972
5.4634 0.0347802
5.46461 0.0347469
5.4628 0.0347399
5.4623 0.0346892
5.46506 0.0347449
5.46408 0.0347047
5.46413 0.0346507
5.46248 0.0346362
5.46083 0.0346219
5.45998 0.0345787
5.45883 0.0345445
5.45997 0.03451
5.46151 0.0344911
5.45955 0.0344939
5.45917 0.0344429
5.4604 0.0344122
5.45999 0.034362
5.46317 0.0344565
5.46445 0.0344278
5.46557 0.0343934
5.46242 0.0344845
5.46421 0.0344783
5.46326 0.034439
5.46314 0.0343871
5.46504 0.0343874
5.464 0.0343512
5.46097 0.0344322
5.46029 0.0343871
5.45965 0.0343414
5.45931 0.0342916
5.45791 0.0342685
5.45897 0.0342337
5.45915 0.0341829
5.46141 0.0342066
5.46186 0.0341585
5.46337 0.0341411
5.46224 0.0341089
5.46132 0.0340707
5.46174 0.0340228
5.46178 0.0339725
5.46418 0.034007
5.46487 0.0339638
5.46358 0.0339382
5.46189 0.0339307
5.46016 0.0339247
5.45855 0.0339134
5.45975 0.0338849
5.4587 0.0338516
5.45799 0.0338095
5.4569 0.0337777
5.45766 0.033737
5.45653 0.0337069
5.4574 0.0336692
5.45713 0.0336215
5.45543 0.033616
5.45472 0.0335748
5.4527 0.0335874
5.4522 0.0335427
5.45381 0.0335329
5.45466 0.0334956
5.45453 0.0334478
5.45314 0.0334288
5.45637 0.033537
5.45484 0.033524
5.45578 0.0334894
5.45501 0.0334504
5.45314 0.0334553
5.452 0.0334271
5.45153 0.0333831
5.44963 0.0333898
5.45249 0.0334654
5.45163 0.0334292
5.45204 0.0333845
5.454 0.0333953
5.4538 0.0333489
5.45082 0.0334351
5.45043 0.0333905
5.45102 0.033349
5.45029 0.0333105
5.45118 0.0332759
5.45087 0.0332309
5.45146 0.0331897
5.45089 0.0331484
5.45023 0.0331089
5.45016 0.033063
5.45143 0.0330414
5.451 0.0329984
5.4506 0.0329553
5.44836 0.0329855
5.45118 0.0330601
5.45038 0.0330244
5.44803 0.0330623
5.4482 0.0330173
5.44919 0.0329871
5.44815 0.0329583
5.44858 0.032916
5.44818 0.0328735
5.44865 0.032832
5.44846 0.0327879
5.44857 0.0327435
5.44768 0.0327111
5.44692 0.0326757
5.44629 0.0326374
5.44561 0.0326005
5.4452 0.032559
5.44497 0.032516
5.44532 0.0324741
5.44578 0.0324337
5.44408 0.0324346
5.44276 0.0324177
5.44474 0.0324344
5.44315 0.0324299
5.44452 0.0324156
5.44324 0.0323979
5.44196 0.0323797
5.4427 0.032345
5.44193 0.0323113
5.44041 0.0323043
5.438 0.0323507
5.43971 0.0323529
5.43747 0.0323874
5.43635 0.0323643
5.4355 0.0323328
5.43512 0.0322925
5.43644 0.0322771
5.43651 0.0322348
5.43591 0.0321981
5.4346 0.0321826
5.43595 0.032169
5.43525 0.0321346
5.43469 0.0320976
5.43391 0.0320652
5.43458 0.0320305
5.43536 0.0319983
5.4358 0.0319598
5.43215 0.0321257
5.43164 0.0320883
5.43125 0.0320491
5.43058 0.0320149
5.4305 0.0319738
5.42972 0.0319423
5.42843 0.0319273
5.42894 0.0318904
5.42869 0.0318505
5.42722 0.0318436
5.42943 0.0318792
5.43015 0.0318467
5.42939 0.0318153
5.42892 0.0317782
5.42983 0.0317507
5.42917 0.0317172
5.42914 0.031677
5.42952 0.0316391
5.43072 0.0316217
5.43026 0.031585
5.42993 0.0315469
5.42988 0.0315071
5.43026 0.0314697
5.43194 0.0314752
5.43225 0.0314372
5.43439 0.0314706
5.43455 0.0314315
5.43451 0.0313922
5.43356 0.0313674
5.43382 0.0313293
5.43211 0.0313365
5.43231 0.0312981
5.43125 0.0312773
5.43274 0.0312741
5.43279 0.0312353
5.43301 0.0311974
5.4344 0.0311896
5.43605 0.0311949
5.43567 0.0311587
5.43702 0.0311498
5.43562 0.031143
5.43566 0.0311047
5.43594 0.0310678
5.43425 0.0310754
5.43403 0.0310381
5.43539 0.0310299
5.43626 0.0310043
5.43734 0.0309849
5.43781 0.0309507
5.43829 0.0309168
5.43865 0.0308813
5.43819 0.0308471
5.43725 0.0308241
5.43905 0.0308392
5.43941 0.030804
5.43944 0.0307668
5.43843 0.0307462
5.43946 0.0307262
5.4385 0.0307042
5.43951 0.030684
5.43907 0.0306504
5.44056 0.0306498
5.43995 0.0306192
5.4405 0.0305875
5.43955 0.0305656
5.43965 0.0305292
5.4402 0.0304978
5.44104 0.0304731
5.4423 0.0304628
5.44214 0.030427
5.44173 0.0303935
5.44225 0.0303618
5.44295 0.030334
5.44238 0.0303034
5.44259 0.0302684
5.44347 0.0302453
5.44372 0.0302107
5.44338 0.0301771
5.44388 0.0301457
5.44246 0.0301436
5.44203 0.0301113
5.44307 0.0300939
5.4421 0.0300744
5.44206 0.0300392
5.44169 0.0300064
5.44136 0.0299732
5.44253 0.0299607
5.44199 0.0299307
5.44293 0.0299107
5.44337 0.0298792
5.44297 0.0298472
5.44224 0.0298215
5.44317 0.0298015
5.44348 0.0297686
5.44354 0.0297343
5.44511 0.0297414
5.4462 0.0297271
5.44568 0.0296974
5.44588 0.0296639
5.4455 0.0296323
5.44399 0.0296367
5.44245 0.0296428
5.442 0.0296123
5.44153 0.0295822
5.44222 0.0295566
5.44214 0.0295231
5.44171 0.0294926
5.4411 0.0294652
5.44055 0.029437
5.4424 0.0294622
5.44302 0.0294351
5.44237 0.0294089
5.44317 0.0293866
5.44305 0.0293537
5.44207 0.0293369
5.44058 0.0293417
5.44128 0.0293169
5.43993 0.0293149
5.44071 0.0292926
5.44037 0.0292617
5.4406 0.0292298
5.44007 0.029202
5.44145 0.029202
5.44045 0.0291866
5.44074 0.0291556
5.44246 0.0291737
5.44228 0.0291417
5.4433 0.029127
5.44227 0.029113
5.44275 0.0290847
5.44457 0.0291094
5.44354 0.0290954
5.44432 0.0290737
5.44483 0.029046
5.44442 0.0290167
5.44702 0.0291007
5.44781 0.0290793
5.44808 0.0290486
5.44942 0.0290479
5.44904 0.0290186
5.44948 0.02899
5.44902 0.0289618
5.44972 0.0289384
5.45024 0.0289115
5.4502 0.0288799
5.45064 0.0288518
5.45077 0.0288206
5.45124 0.0287932
5.45095 0.0287633
5.45078 0.0287326
5.45009 0.0287096
5.44958 0.028683
5.45004 0.0286557
5.44868 0.0286569
5.44802 0.0286336
5.44811 0.0286028
5.44919 0.0285923
5.44821 0.0285782
5.45028 0.0286222
5.45114 0.0286045
5.45018 0.0285899
5.44912 0.0285791
5.45036 0.0285756
5.45016 0.0285457
5.44926 0.0285296
5.44957 0.0285009
5.44945 0.0284707
5.44931 0.0284408
5.44872 0.0284166
5.44899 0.0283877
5.44819 0.028369
5.44779 0.0283416
5.4463 0.0283507
5.44471 0.0283654
5.44539 0.0283436
5.44513 0.0283148
5.44411 0.0283034
5.4433 0.0282851
5.44228 0.0282737
5.44261 0.0282458
5.44223 0.0282186
5.44304 0.0282005
5.44327 0.0281719
5.44251 0.0281528
5.44352 0.0281415
5.44252 0.0281298
5.44093 0.0281454
5.44133 0.028119
5.4407 0.0280969
5.43953 0.0280916
5.4421 0.0281794
5.44366 0.028193
5.44265 0.0281818
5.4415 0.0281758
5.44174 0.0281476
5.44192 0.0281191
5.44196 0.0280901
5.4422 0.0280621
5.44091 0.0280627
5.43964 0.0280624
5.43937 0.0280348
5.43964 0.0280073
5.4389 0.0279882
5.4399 0.0279773
5.43983 0.0279487
5.44121 0.0279539
5.44097 0.0279264
5.4405 0.0279018
5.44045 0.0278734
5.43997 0.027849
5.44059 0.0278274
5.44093 0.0278012
5.44113 0.0277737
5.44063 0.0277499
5.44084 0.0277225
5.44063 0.0276953
5.44055 0.0276673
5.44112 0.0276452
5.44154 0.0276204
5.44152 0.0275926
5.44308 0.0276088
5.4435 0.0275842
5.44199 0.0275975
5.44265 0.0275776
5.44509 0.0276578
5.44783 0.0277651
5.44793 0.0277375
5.4471 0.0277221
5.44982 0.0278275
